,Prix,ema,rsi,month,weekday,day,hour
1522602000,5536.81,5574.262872471553,40.659608394581944,12,1,4,16
1522598400,5248.7,5515.06962293127,39.00134925566867,12,1,4,17
1522594800,5291.42,5474.406055125584,24.240142799568005,12,1,4,18
1522591200,5326.53,5447.519499648205,28.55786074075384,12,1,4,19
1522587600,5435.06,5445.254136075803,31.98855030756124,12,1,4,20
1522584000,5425.85,5441.726111334748,41.36219212416186,12,1,4,21
1522580400,5445.14,5442.346818364793,40.847688640277006,12,1,4,22
1522576800,5474.23,5448.143760480285,42.46203439304921,12,1,4,23
1522573200,5453.38,5449.095804029324,44.90400829268895,12,2,5,0
1522569600,5454.33,5450.047476023992,43.47964895839472,12,2,5,1
1522566000,5559.04,5469.864298565084,43.567483654284494,12,2,5,2
1522562400,5630.26,5499.027153371432,52.35605365115992,12,2,5,3
1522558800,5634.25,5523.613125485717,57.234493082833524,12,2,5,4
1522555200,5615.87,5540.387102670133,57.497064667038295,12,2,5,5
1522551600,5609.31,5552.918538548291,55.79754389343312,12,2,5,6
1522548000,5678.99,5575.840622448601,55.17073865412807,12,2,5,7
1522544400,5661.33,5591.384145639764,60.27539082344625,12,2,5,8
1522540800,5623.98,5597.3106646143515,58.45853794365866,12,2,5,9
1522537200,5637.88,5604.686907411742,54.70297323928756,12,2,5,10
1522533600,5616.54,5606.842015155061,55.839986103346355,12,2,5,11
1522530000,5600.29,5605.650739672323,53.61490659675858,12,2,5,12
1522526400,5720.27,5626.490605186446,51.918363635135776,12,2,5,13
1522522800,5708.6,5641.419586061637,61.58402087751566,12,2,5,14
1522519200,5781.57,5666.901479504976,60.31398251789889,12,2,5,15
1522515600,5798.64,5690.853937776799,65.15314847101965,12,2,5,16
1522512000,5710.55,5694.435039999199,66.19170496229835,12,2,5,17
1522508400,5737.44,5702.254123635707,56.786106310021495,12,2,5,18
1522504800,5708.52,5703.39337388376,58.71464253128372,12,2,5,19
1522501200,5830.68,5726.536396813985,55.828912248543816,12,2,5,20
1522497600,5744.12,5729.73341557508,63.899997985834496,12,2,5,21
1522494000,5752.8,5733.927340015974,56.08050350035707,12,2,5,22
1522490400,5678.08,5723.773278194887,56.65332691840417,12,2,5,23
1522486800,5585.67,5698.663591250362,50.54222420684112,12,3,6,0
1522483200,5532.91,5668.526574659387,44.19307956306801,12,3,6,1
1522479600,5540.34,5645.219924721316,41.0244319252887,12,3,6,2
1522476000,5616.13,5639.930847499259,41.65883241235484,12,3,6,3
1522472400,5699.46,5650.75432977212,47.82431798984545,12,3,6,4
1522468800,5653.72,5651.293542540826,53.62703264181503,12,3,6,5
1522465200,5718.73,5663.554716624311,50.31896599855328,12,3,6,6
1522461600,5734.56,5676.464768147164,54.60510443333077,12,3,6,7
1522458000,5661.8,5673.798446665862,55.60937844880817,12,3,6,8
1522454400,5540.98,5649.6496381811585,50.120802484832495,12,3,6,9
1522450800,5500.74,5622.575158511857,42.601650137662425,12,3,6,10
1522447200,5602.94,5619.005129691519,40.42634982533249,12,3,6,11
1522443600,5558.31,5607.969651565788,47.726797841529724,12,3,6,12
1522440000,5523.31,5592.576987644736,45.12613464754473,12,3,6,13
1522436400,5458.26,5568.155717163874,43.14079070114784,12,3,6,14
1522432800,5447.21,5546.165586770442,39.649328109851176,12,3,6,15
1522429200,5408.1,5521.0627528121795,39.07086984162174,12,3,6,16
1522425600,5505.61,5518.253161391784,37.01262826132583,12,3,6,17
1522422000,5542.87,5522.728950229641,44.817891932588545,12,3,6,18
1522418400,5588.26,5534.643686551524,47.49527702266532,12,3,6,19
1522414800,5697.92,5564.330288996702,50.63732801274132,12,3,6,20
1522411200,5697.81,5588.599327360938,57.28762870789769,12,3,6,21
1522407600,5587.97,5588.484904204404,57.27929248354101,12,3,6,22
1522404000,5711.46,5610.844012530875,49.52896083379003,12,3,6,23
1522400400,5756.89,5637.397828434352,56.63345856171912,12,4,7,0
1522396800,5856.18,5677.176405082651,58.92418361880627,12,4,7,1
1522393200,5720.4,5685.035240522169,63.46630963956592,12,4,7,2
1522389600,5804.53,5706.76156042723,54.578239458819795,12,4,7,3
1522386000,5433.34,5657.04854944046,58.4600142889572,12,4,7,4
1522382400,5568.81,5641.0051768149215,41.57701106354273,12,4,7,5
1522378800,5543.51,5623.278781030391,47.53244189489777,12,4,7,6
1522375200,5574.93,5614.4880935703195,46.5775200071407,12,4,7,7
1522371600,5540.4,5601.017531102988,47.975359018351675,12,4,7,8
1522368000,5746.74,5627.512525447899,46.53430125414182,12,4,7,9
1522364400,5829.26,5664.1938844573715,55.19513765169663,12,4,7,10
1522360800,5743.68,5678.645905465122,58.117145244338374,12,4,7,11
1522357200,5760.77,5693.577559016918,54.171442708981694,12,4,7,12
1522353600,5982.22,5746.058002832024,54.83094384392659,12,4,7,13
1522350000,6061.47,5803.405638680747,62.384688928043374,12,4,7,14
1522346400,6061.61,5850.351886193337,64.66224232048678,12,4,7,15
1522342800,6113.88,5898.266088703639,64.666312432128,12,4,7,16
1522339200,6092.93,5933.659527121159,66.2301980818191,12,4,7,17
1522335600,6025.84,5950.41961309913,64.98863257176747,12,4,7,18
1522332000,6064.17,5971.101501626561,61.04222113120297,12,4,7,19
1522328400,6089.95,5992.710319512641,62.445340132889065,12,4,7,20
1522324800,6069.33,6006.641170510342,63.40013179244314,12,4,7,21
1522321200,6078.67,6019.737321326644,62.04145184033053,12,4,7,22
1522317600,6110.05,6036.157808358163,62.43415381149634,12,4,7,23
1522314000,6133.08,6053.7800250203145,63.78958578852434,12,5,8,0
1522310400,6124.19,6066.5818386529845,64.79358200057561,12,5,8,1
1522306800,6202.31,6091.259686170623,64.05525987146137,12,5,8,2
1522303200,6151.19,6102.156106866873,67.55406203245637,12,5,8,3
1522299600,6189.27,6117.994996527442,63.217601983029056,12,5,8,4
1522296000,6397.3,6168.777724431543,65.0189889527389,12,5,8,5
1522292400,6418.83,6214.241774534898,72.843461933035,12,5,8,6
1522288800,6408.08,6249.485088255825,73.50401179098614,12,5,8,7
1522285200,6460.47,6287.84598130022,72.55505164848495,12,5,8,8
1522281600,6451.72,6317.641257427453,74.29666228623763,12,5,8,9
1522278000,6454.9,6342.597392440643,73.4582195879722,12,5,8,10
1522274400,6406.58,6354.230593815071,73.57493384683157,12,5,8,11
1522270800,6429.53,6367.9213949396035,68.63603065768729,12,5,8,12
1522267200,6441.69,6381.3338685869485,69.67717452889397,12,5,8,13
1522263600,6455.42,6394.804074298412,70.24085850981463,12,5,8,14
1522260000,6440.08,6403.03606078961,70.89866860021058,12,5,8,15
1522256400,6396.66,6401.87677700968,69.06188469788556,12,5,8,16
1522252800,6379.06,6397.728272098829,64.00715807245948,12,5,8,17
1522249200,6405.15,6399.077677171768,62.02546315935225,12,5,8,18
1522245600,6520.07,6421.0762813223555,63.81398835640956,12,5,8,19
1522242000,6488.55,6433.3442301728355,70.42208462060383,12,5,8,20
1522238400,6503.08,6446.023461050501,66.81792590361451,12,5,8,21
1522234800,6503.31,6456.439195404955,67.64010461750425,12,5,8,22
1522231200,6544.53,6472.455705331327,67.65376721621658,12,5,8,23
1522227600,6401.97,6459.640122543813,70.09097882917017,12,6,9,0
1522224000,6371.78,6443.665554808575,54.731367858010714,12,6,9,1
1522220400,6392.58,6434.377272116106,52.12626538318196,12,6,9,2
1522216800,6338.42,6416.930495367722,53.759308801895735,12,6,9,3
1522213200,6315.85,6398.552223482681,49.06598074434348,12,6,9,4
1522209600,6344.78,6388.775455576739,47.21605408092597,12,6,9,5
1522206000,6311.11,6374.654463653695,49.82727305008967,12,6,9,6
1522202400,6310.05,6362.908197534841,46.91815256804926,12,6,9,7
1522198800,6283.5,6348.470343437597,46.82546443934715,12,6,9,8
1522195200,6303.37,6340.270280994397,44.45648300682286,12,6,9,9
1522191600,6447.59,6359.782957177234,46.63255856256242,12,6,9,10
1522188000,6474.19,6380.584237690464,59.14403087060037,12,6,9,11
1522184400,6462.97,6395.563467201288,60.96189569329625,12,6,9,12
1522180800,6386.38,6393.893745891963,59.754164860786574,12,6,9,13
1522177200,6371.37,6389.798519366151,52.157967413303716,12,6,9,14
1522173600,6400.28,6391.70424311776,50.79513183808197,12,6,9,15
1522170000,6554.31,6421.268926187257,53.32478628978189,12,6,9,16
1522166400,6510.36,6437.46730324412,63.95685386650772,12,6,9,17
1522162800,6522.48,6452.924157199734,59.773016143138975,12,6,9,18
1522159200,6545.95,6469.837946799782,60.53963112766634,12,6,9,19
1522155600,6433.53,6463.236501927094,62.04794018049529,12,6,9,20
1522152000,6417.78,6454.971683394894,51.82877702735983,12,6,9,21
1522148400,6463.6,6456.540468232186,50.57210864898433,12,6,9,22
1522144800,6404.72,6447.118564917242,54.06176932965292,12,6,9,23
1522141200,6410.78,6440.511553114107,49.24989955168912,12,0,10,0
1522137600,6385.64,6430.53490709336,49.74567674632186,12,0,10,1
1522134000,6416.68,6428.015833076385,47.66535823568774,12,0,10,2
1522130400,6391.27,6421.334772517042,50.422146025657824,12,0,10,3
1522126800,6259.56,6391.921177513943,48.184511388072174,12,0,10,4
1522123200,6328.98,6380.477327056862,38.61795050178542,12,0,10,5
1522119600,6324.3,6370.263267591978,44.834719809141866,12,0,10,6
1522116000,6478.06,6389.862673484345,44.50745294492883,12,0,10,7
1522112400,6598.84,6427.858551032646,55.89765562178949,12,0,10,8
1522108800,6548.85,6449.856996299437,62.42238295731027,12,0,10,9
1522105200,6594.75,6476.2011787904485,58.56067388976286,12,0,10,10
1522101600,6356.08,6454.360964464912,60.94947668500191,12,0,10,11
1522098000,6355.78,6436.437152744018,46.076007304990945,12,0,10,12
1522094400,6383.44,6426.8013067905595,46.06079195984209,12,0,10,13
1522090800,6360.66,6414.775614646822,47.77323334119591,12,0,10,14
1522087200,6385.85,6409.516411983764,46.464888357127734,12,0,10,15
1522083600,6525.63,6430.627973441261,48.15570963089321,12,0,10,16
1522080000,6527.86,6448.306523724667,56.38713683213447,12,0,10,17
1522076400,6540.42,6465.054428502,56.505782051583154,12,0,10,18
1522072800,6549.05,6480.326350592544,57.2118213987639,12,0,10,19
1522069200,6578.8,6498.230650484808,57.71967846486164,12,0,10,20
1522065600,6554.2,6508.406895851207,59.50406913411599,12,0,10,21
1522062000,6643.1,6532.896551150988,57.34876504526709,12,0,10,22
1522058400,6732.13,6569.12081457808,62.618299814853884,12,0,10,23
1522054800,6803.85,6611.798848291157,67.01365661397453,12,1,11,0
1522051200,6832.01,6651.837239510946,70.06698898265958,12,1,11,1
1522047600,6864.27,6690.461377781683,71.19442900479578,12,1,11,2
1522044000,6880.07,6724.935672730468,72.47354441569003,12,1,11,3
1522040400,6855.02,6748.587368597655,73.10349502480372,12,1,11,4
1522036800,6843.87,6765.911483398081,70.35444236901859,12,1,11,5
1522033200,6844.27,6780.158486416612,69.10869654471577,12,1,11,6
1522029600,6836.69,6790.436943431772,69.12981426167798,12,1,11,7
1522026000,6804.04,6792.910226444177,68.17865539512626,12,1,11,8
1522022400,6866.7,6806.326548908872,64.08826421564038,12,1,11,9
1522018800,6867.92,6817.525358198168,68.04994849564952,12,1,11,10
1522015200,7010.85,6852.675293071227,68.12368214635842,12,1,11,11
1522011600,6994.91,6878.536148876458,75.31201355347096,12,1,11,12
1522008000,7016.14,6903.55503089892,73.3260652891577,12,1,11,13
1522004400,7023.43,6925.350479826389,74.29817222337876,12,1,11,14
1522000800,6947.1,6929.304938039772,74.6399464746672,12,1,11,15
