,Prix,ema,rsi,month,weekday,day,hour
1522450800,5500.74,5622.575158511857,42.601650137662425,12,3,6,10
1522447200,5602.94,5619.005129691519,40.42634982533249,12,3,6,11
1522443600,5558.31,5607.969651565788,47.726797841529724,12,3,6,12
1522440000,5523.31,5592.576987644736,45.12613464754473,12,3,6,13
1522436400,5458.26,5568.155717163874,43.14079070114784,12,3,6,14
1522432800,5447.21,5546.165586770442,39.649328109851176,12,3,6,15
1522429200,5408.1,5521.0627528121795,39.07086984162174,12,3,6,16
1522425600,5505.61,5518.253161391784,37.01262826132583,12,3,6,17
1522422000,5542.87,5522.728950229641,44.817891932588545,12,3,6,18
1522418400,5588.26,5534.643686551524,47.49527702266532,12,3,6,19
1522414800,5697.92,5564.330288996702,50.63732801274132,12,3,6,20
1522411200,5697.81,5588.599327360938,57.28762870789769,12,3,6,21
1522407600,5587.97,5588.484904204404,57.27929248354101,12,3,6,22
1522404000,5711.46,5610.844012530875,49.52896083379003,12,3,6,23
1522400400,5756.89,5637.397828434352,56.63345856171912,12,4,7,0
1522396800,5856.18,5677.176405082651,58.92418361880627,12,4,7,1
1522393200,5720.4,5685.035240522169,63.46630963956592,12,4,7,2
1522389600,5804.53,5706.76156042723,54.578239458819795,12,4,7,3
1522386000,5433.34,5657.04854944046,58.4600142889572,12,4,7,4
1522382400,5568.81,5641.0051768149215,41.57701106354273,12,4,7,5
1522378800,5543.51,5623.278781030391,47.53244189489777,12,4,7,6
1522375200,5574.93,5614.4880935703195,46.5775200071407,12,4,7,7
1522371600,5540.4,5601.017531102988,47.975359018351675,12,4,7,8
1522368000,5746.74,5627.512525447899,46.53430125414182,12,4,7,9
1522364400,5829.26,5664.1938844573715,55.19513765169663,12,4,7,10
1522360800,5743.68,5678.645905465122,58.117145244338374,12,4,7,11
1522357200,5760.77,5693.577559016918,54.171442708981694,12,4,7,12
1522353600,5982.22,5746.058002832024,54.83094384392659,12,4,7,13
1522350000,6061.47,5803.405638680747,62.384688928043374,12,4,7,14
1522346400,6061.61,5850.351886193337,64.66224232048678,12,4,7,15
1522342800,6113.88,5898.266088703639,64.666312432128,12,4,7,16
1522339200,6092.93,5933.659527121159,66.2301980818191,12,4,7,17
1522335600,6025.84,5950.41961309913,64.98863257176747,12,4,7,18
1522332000,6064.17,5971.101501626561,61.04222113120297,12,4,7,19
1522328400,6089.95,5992.710319512641,62.445340132889065,12,4,7,20
1522324800,6069.33,6006.641170510342,63.40013179244314,12,4,7,21
1522321200,6078.67,6019.737321326644,62.04145184033053,12,4,7,22
1522317600,6110.05,6036.157808358163,62.43415381149634,12,4,7,23
1522314000,6133.08,6053.7800250203145,63.78958578852434,12,5,8,0
1522310400,6124.19,6066.5818386529845,64.79358200057561,12,5,8,1
1522306800,6202.31,6091.259686170623,64.05525987146137,12,5,8,2
1522303200,6151.19,6102.156106866873,67.55406203245637,12,5,8,3
1522299600,6189.27,6117.994996527442,63.217601983029056,12,5,8,4
1522296000,6397.3,6168.777724431543,65.0189889527389,12,5,8,5
1522292400,6418.83,6214.241774534898,72.843461933035,12,5,8,6
1522288800,6408.08,6249.485088255825,73.50401179098614,12,5,8,7
1522285200,6460.47,6287.84598130022,72.55505164848495,12,5,8,8
1522281600,6451.72,6317.641257427453,74.29666228623763,12,5,8,9
1522278000,6454.9,6342.597392440643,73.4582195879722,12,5,8,10
1522274400,6406.58,6354.230593815071,73.57493384683157,12,5,8,11
1522270800,6429.53,6367.9213949396035,68.63603065768729,12,5,8,12
1522267200,6441.69,6381.3338685869485,69.67717452889397,12,5,8,13
1522263600,6455.42,6394.804074298412,70.24085850981463,12,5,8,14
1522260000,6440.08,6403.03606078961,70.89866860021058,12,5,8,15
1522256400,6396.66,6401.87677700968,69.06188469788556,12,5,8,16
1522252800,6379.06,6397.728272098829,64.00715807245948,12,5,8,17
1522249200,6405.15,6399.077677171768,62.02546315935225,12,5,8,18
1522245600,6520.07,6421.0762813223555,63.81398835640956,12,5,8,19
1522242000,6488.55,6433.3442301728355,70.42208462060383,12,5,8,20
1522238400,6503.08,6446.023461050501,66.81792590361451,12,5,8,21
1522234800,6503.31,6456.439195404955,67.64010461750425,12,5,8,22
1522231200,6544.53,6472.455705331327,67.65376721621658,12,5,8,23
1522227600,6401.97,6459.640122543813,70.09097882917017,12,6,9,0
1522224000,6371.78,6443.665554808575,54.731367858010714,12,6,9,1
1522220400,6392.58,6434.377272116106,52.12626538318196,12,6,9,2
1522216800,6338.42,6416.930495367722,53.759308801895735,12,6,9,3
1522213200,6315.85,6398.552223482681,49.06598074434348,12,6,9,4
1522209600,6344.78,6388.775455576739,47.21605408092597,12,6,9,5
1522206000,6311.11,6374.654463653695,49.82727305008967,12,6,9,6
1522202400,6310.05,6362.908197534841,46.91815256804926,12,6,9,7
1522198800,6283.5,6348.470343437597,46.82546443934715,12,6,9,8
1522195200,6303.37,6340.270280994397,44.45648300682286,12,6,9,9
1522191600,6447.59,6359.782957177234,46.63255856256242,12,6,9,10
1522188000,6474.19,6380.584237690464,59.14403087060037,12,6,9,11
1522184400,6462.97,6395.563467201288,60.96189569329625,12,6,9,12
1522180800,6386.38,6393.893745891963,59.754164860786574,12,6,9,13
1522177200,6371.37,6389.798519366151,52.157967413303716,12,6,9,14
1522173600,6400.28,6391.70424311776,50.79513183808197,12,6,9,15
1522170000,6554.31,6421.268926187257,53.32478628978189,12,6,9,16
1522166400,6510.36,6437.46730324412,63.95685386650772,12,6,9,17
1522162800,6522.48,6452.924157199734,59.773016143138975,12,6,9,18
1522159200,6545.95,6469.837946799782,60.53963112766634,12,6,9,19
1522155600,6433.53,6463.236501927094,62.04794018049529,12,6,9,20
1522152000,6417.78,6454.971683394894,51.82877702735983,12,6,9,21
1522148400,6463.6,6456.540468232186,50.57210864898433,12,6,9,22
1522144800,6404.72,6447.118564917242,54.06176932965292,12,6,9,23
1522141200,6410.78,6440.511553114107,49.24989955168912,12,0,10,0
1522137600,6385.64,6430.53490709336,49.74567674632186,12,0,10,1
1522134000,6416.68,6428.015833076385,47.66535823568774,12,0,10,2
1522130400,6391.27,6421.334772517042,50.422146025657824,12,0,10,3
1522126800,6259.56,6391.921177513943,48.184511388072174,12,0,10,4
1522123200,6328.98,6380.477327056862,38.61795050178542,12,0,10,5
1522119600,6324.3,6370.263267591978,44.834719809141866,12,0,10,6
1522116000,6478.06,6389.862673484345,44.50745294492883,12,0,10,7
1522112400,6598.84,6427.858551032646,55.89765562178949,12,0,10,8
1522108800,6548.85,6449.856996299437,62.42238295731027,12,0,10,9
1522105200,6594.75,6476.2011787904485,58.56067388976286,12,0,10,10
1522101600,6356.08,6454.360964464912,60.94947668500191,12,0,10,11
1522098000,6355.78,6436.437152744018,46.076007304990945,12,0,10,12
1522094400,6383.44,6426.8013067905595,46.06079195984209,12,0,10,13
1522090800,6360.66,6414.775614646822,47.77323334119591,12,0,10,14
1522087200,6385.85,6409.516411983764,46.464888357127734,12,0,10,15
1522083600,6525.63,6430.627973441261,48.15570963089321,12,0,10,16
1522080000,6527.86,6448.306523724667,56.38713683213447,12,0,10,17
1522076400,6540.42,6465.054428502,56.505782051583154,12,0,10,18
1522072800,6549.05,6480.326350592544,57.2118213987639,12,0,10,19
1522069200,6578.8,6498.230650484808,57.71967846486164,12,0,10,20
1522065600,6554.2,6508.406895851207,59.50406913411599,12,0,10,21
1522062000,6643.1,6532.896551150988,57.34876504526709,12,0,10,22
1522058400,6732.13,6569.12081457808,62.618299814853884,12,0,10,23
1522054800,6803.85,6611.798848291157,67.01365661397453,12,1,11,0
1522051200,6832.01,6651.837239510946,70.06698898265958,12,1,11,1
1522047600,6864.27,6690.461377781683,71.19442900479578,12,1,11,2
1522044000,6880.07,6724.935672730468,72.47354441569003,12,1,11,3
1522040400,6855.02,6748.587368597655,73.10349502480372,12,1,11,4
1522036800,6843.87,6765.911483398081,70.35444236901859,12,1,11,5
1522033200,6844.27,6780.158486416612,69.10869654471577,12,1,11,6
1522029600,6836.69,6790.436943431772,69.12981426167798,12,1,11,7
1522026000,6804.04,6792.910226444177,68.17865539512626,12,1,11,8
1522022400,6866.7,6806.326548908872,64.08826421564038,12,1,11,9
1522018800,6867.92,6817.525358198168,68.04994849564952,12,1,11,10
1522015200,7010.85,6852.675293071227,68.12368214635842,12,1,11,11
1522011600,6994.91,6878.536148876458,75.31201355347096,12,1,11,12
1522008000,7016.14,6903.55503089892,73.3260652891577,12,1,11,13
1522004400,7023.43,6925.350479826389,74.29817222337876,12,1,11,14
1522000800,6947.1,6929.304938039772,74.6399464746672,12,1,11,15
1521997200,6954.41,6933.869494759813,64.90748817123824,12,1,11,16
1521993600,6889.58,6925.816859348938,65.3731503984836,12,1,11,17
1521990000,6960.04,6932.0392485582215,58.01993749421442,12,1,11,18
1521986400,6958.32,6936.817567002181,62.90375053482736,12,1,11,19
1521982800,6910.11,6931.961645729057,62.71195575360642,12,1,11,20
1521979200,6847.05,6916.523164687409,57.42668366100015,12,1,11,21
1521975600,6885.19,6910.8262256533335,51.332557687384366,12,1,11,22
1521972000,6916.49,6911.8560028072725,54.47900756594263,12,1,11,23
1521968400,6930.82,6915.304002296859,56.93943387774926,12,2,12,0
1521964800,6884.16,6909.6414564247025,58.05717907715962,12,2,12,1
1521961200,6917.07,6910.99210071112,53.213573915281756,12,2,12,2
1521957600,6923.56,6913.277173309098,56.00172488239278,12,2,12,3
1521954000,6921.87,6914.839505434716,56.55160954218678,12,2,12,4
1521950400,6940.63,6919.528686264766,56.35409996354932,12,2,12,5
1521946800,6895.92,6915.236197852991,58.10335546049925,12,2,12,6
1521943200,6923.03,6916.65325278881,52.684029234232405,12,2,12,7
1521939600,6948.16,6922.3817522817535,55.40037363685225,12,2,12,8
1521936000,6923.91,6922.659615503253,57.817803711415706,12,2,12,9
1521932400,7003.48,6937.354230866297,54.73469162561667,12,2,12,10
1521928800,7052.22,6958.238916163334,61.91167438607977,12,2,12,11
1521925200,7238.73,7009.237295042727,65.5181862977473,12,2,12,12
1521921600,7219.78,7047.51778685314,75.19666100183389,12,2,12,13
1521918000,7229.41,7080.589098334387,72.95603277126244,12,2,12,14
1521914400,7199.21,7102.156535000862,73.38996160005425,12,2,12,15
1521910800,7240.42,7127.295346818886,69.61744200636082,12,2,12,16
1521907200,7260.95,7151.596192851815,71.75133723608097,12,2,12,17
1521903600,7276.21,7174.253248696939,72.77711646417937,12,2,12,18
1521900000,7189.38,7177.0035671156775,73.54606376433306,12,2,12,19
1521896400,7181.2,7177.766554912827,62.694510256267165,12,2,12,20
1521892800,7082.4,7160.4271812923125,61.769860438526656,12,2,12,21
1521889200,7117.82,7152.680421057346,51.827368320523206,12,2,12,22
1521885600,7210.02,7163.10579904692,54.64583012261827,12,2,12,23
1521882000,7200.3,7169.868381038388,61.03637871923909,12,3,13,0
1521878400,7234.23,7181.570493576863,60.075348061489606,12,3,13,1
1521874800,7211.24,7186.96494929016,62.306442187402396,12,3,13,2
1521871200,7172.39,7184.314958510131,59.86530736582314,12,3,13,3
1521867600,7252.76,7196.759511508289,55.88094105594127,12,3,13,4
1521864000,7192.47,7195.979600324963,61.57801057818099,12,3,13,5
1521860400,7207.52,7198.077854811332,55.76109729878588,12,3,13,6
1521856800,7178.07,7194.440063027452,56.856707630082134,12,3,13,7
1521853200,7235.21,7201.852778840643,54.03655317743134,12,3,13,8
1521849600,7226.93,7206.412273596889,58.35289314816867,12,3,13,9
