,Prix,ema,rsi,month,weekday,day,hour
1516132800,9512.26,9106.667321381221,52.16370331893582,10,3,25,13
1516129200,9535.4,9184.618717493726,57.85428279993542,10,3,25,14
1516125600,9448.16,9232.535314313047,58.15138018587931,10,3,25,15
1516122000,9925.49,9358.527075347038,56.53334830020903,10,3,25,16
1516118400,10145.24,9501.565788920303,62.65595259094358,10,3,25,17
1516114800,9890.13,9572.213827298428,65.09364729416855,10,3,25,18
1516111200,9682.81,9592.322222335079,60.18220227877814,10,3,25,19
1516107600,10003.73,9667.123636455974,56.45428721247425,10,3,25,20
1516104000,10234.83,9770.34297528216,60.53001492231338,10,3,25,21
1516100400,9724.07,9761.92970704904,63.201069719912105,10,3,25,22
1516096800,9385.05,9693.406123949213,54.43342204347108,10,3,25,23
1516093200,10075.91,9762.952283231174,49.522589443562666,10,4,26,0
1516089600,10302.2,9860.997322643687,57.86484516809543,10,4,26,1
1516086000,10888.24,10047.768718526651,60.18588955136474,10,4,26,2
1516082400,10858.27,10195.132587885442,65.48807184747115,10,4,26,3
1516078800,10748.99,10295.833935542634,65.01125634834779,10,4,26,4
1516075200,10692.58,10367.969583625792,63.2041958315208,10,4,26,5
1516071600,10885.38,10462.04420478474,62.24242688042168,10,4,26,6
1516068000,10829.16,10528.792531187511,64.24503866946269,10,4,26,7
1516064400,10966.03,10608.290252789782,63.19252701326652,10,4,26,8
1516060800,11192.51,10714.51202500982,64.7083931832932,10,4,26,9
1516057200,11369.0,10833.509838644397,67.12132701099571,10,4,26,10
1516053600,11451.07,10945.793504345416,68.90548262330267,10,4,26,11
1516050000,11313.14,11012.583776282612,69.72811708388585,10,4,26,12
1516046400,11468.65,11095.504907867591,66.54188670102045,10,4,26,13
1516042800,11499.73,11169.000379164392,68.30063644823625,10,4,26,14
1516039200,11481.39,11225.798492043592,68.65526570787189,10,4,26,15
1516035600,11663.89,11305.45149349021,68.1706201105687,10,4,26,16
1516032000,11582.13,11355.75667649199,70.40911733512476,10,4,26,17
1516028400,11684.31,11415.493644402537,68.09849691984525,10,4,26,18
1516024800,11743.25,11475.08570905662,69.44792611158822,10,4,26,19
1516021200,11729.19,11521.286489228143,70.23017359335594,10,4,26,20
1516017600,11426.25,11504.007127550298,69.77125055756869,10,4,26,21
1516014000,11415.68,11487.94764981388,60.58501974215468,10,4,26,22
1516010400,11375.32,11467.469895302263,60.28676601247372,10,4,26,23
1516006800,11310.07,11438.851732520034,59.090577256535724,10,5,27,0
1516003200,11372.33,11426.756872061846,57.117425914608326,10,5,27,1
1515999600,11456.39,11432.144713505146,58.54003120413708,10,5,27,2
1515996000,11269.66,11402.602038322391,60.44785627876678,10,5,27,3
1515992400,11281.25,11380.538031354683,54.45347235018994,10,5,27,4
1515988800,11263.39,11359.238389290194,54.75339116329117,10,5,27,5
1515985200,11260.85,11341.349591237431,54.16152700942961,10,5,27,6
1515981600,11373.35,11347.16784737608,54.07200693185014,10,5,27,7
1515978000,11399.56,11356.693693307701,57.42825813717164,10,5,27,8
1515974400,11300.11,11346.405749069936,58.19474904466727,10,5,27,9
1515970800,11270.36,11332.57924923904,54.20669558928615,10,5,27,10
1515967200,11108.25,11291.792113013758,53.03581321200653,10,5,27,11
1515963600,11232.77,11281.06081973853,47.069483037084936,10,5,27,12
1515960000,11127.01,11253.05157978607,51.57573126895052,10,5,27,13
1515956400,11257.81,11253.916747097694,47.84963064234765,10,5,27,14
1515952800,11244.38,11252.182793079932,52.42723798254219,10,5,27,15
1515949200,11138.19,11231.456830701762,51.923277827188556,10,5,27,16
1515945600,11066.8,11201.519225119622,47.994788342796355,10,5,27,17
1515942000,11240.36,11208.58118418878,45.50228828950356,10,5,27,18
1515938400,11314.54,11227.846423427183,52.02532839850341,10,5,27,19
1515934800,11110.68,11206.543437349514,54.530370712037204,10,5,27,20
1515931200,11271.21,11218.300994195057,47.231369028688455,10,5,27,21
1515927600,11320.09,11236.808086159592,52.6105432783461,10,5,27,22
1515924000,11311.47,11250.38297958512,54.14339914363588,10,5,27,23
1515920400,11416.17,11280.526074206005,53.81282707879847,10,6,28,0
1515916800,11464.42,11313.961333441277,57.22866705812305,10,6,28,1
1515913200,11534.58,11354.073818270135,58.742958736786846,10,6,28,2
1515909600,11493.07,11379.34585131193,60.91015217289214,10,6,28,2
1515906000,11574.85,11414.892060164304,58.937549978304844,10,6,28,3
1515902400,11817.61,11488.113503770794,61.5776069222982,10,6,28,4
1515898800,11743.78,11534.598321267013,68.12831400282275,10,6,28,5
1515895200,11823.76,11587.173171945737,64.5252349804545,10,6,28,6
1515891600,11851.14,11635.167140682875,66.58680176233347,10,6,28,7
1515888000,11797.41,11664.665842376899,67.28765373864239,10,6,28,8
1515884400,11899.21,11707.310234672008,64.43154410253572,10,6,28,9
1515880800,11773.42,11719.33019200437,67.26650749382326,10,6,28,10
1515877200,11730.4,11721.342884367212,60.816141887251135,10,6,28,11
1515873600,11723.06,11721.655087209536,58.741517006857215,10,6,28,12
1515870000,11878.91,11750.246889535074,58.3756168995723,10,6,28,13
1515866400,11896.7,11776.874727801423,63.565165777168204,10,6,28,14
1515862800,11866.95,11793.252050019346,64.11514566631732,10,6,28,15
1515859200,11841.77,11802.073495470373,62.41831784216302,10,6,28,16
1515855600,11947.58,11828.52922356667,60.94807003373312,10,6,28,17
1515852000,11985.49,11857.067546554546,64.70980512877344,10,6,28,18
1515848400,11883.75,11861.918901726447,65.97443323144364,10,6,28,19
1515844800,11848.99,11859.568192321638,59.782768560591585,10,6,28,20
1515841200,11839.76,11855.966702808611,57.78733556949992,10,6,28,21
1515837600,11808.62,11847.358211388862,57.2409807136282,10,6,28,22
1515834000,11817.16,11841.867627499978,55.33997811607819,10,6,28,23
1515830400,11889.36,11850.502604318164,55.77376810881638,10,0,29,0
1515826800,11784.52,11838.505767169409,59.367138731775896,10,0,29,1
1515823200,11783.79,11828.55744586588,52.6745053086458,10,0,29,2
1515819600,11718.97,11808.632455708444,52.630015048491266,10,0,29,3
1515816000,11752.41,11798.410191034181,48.69690004488768,10,0,29,4
1515812400,11749.89,11789.588338118876,50.74203305889302,10,0,29,5
1515808800,11740.68,11780.695913006351,50.5784034007972,10,0,29,6
1515805200,11742.98,11773.838474277924,49.944496368134295,10,0,29,7
1515801600,11497.98,11723.682388045574,50.112649045432896,10,0,29,8
1515798000,11385.04,11662.11104476456,36.172824578630475,10,0,29,9
1515794400,11426.63,11619.296309352823,31.783674500209358,10,0,29,10
1515790800,11536.3,11604.206071288672,34.91552646117515,10,0,29,11
1515787200,11458.19,11577.65769469073,42.422261887860806,10,0,29,12
1515783600,11292.12,11525.741750201507,38.974350633845475,10,0,29,13
1515780000,11319.38,11488.22143198305,32.8594218034185,10,0,29,14
1515776400,11344.32,11462.057535258857,34.6713279501578,10,0,29,15
1515772800,11363.52,11444.141619757245,36.36337729934709,10,0,29,16
1515769200,11559.69,11465.150416165017,37.70113901895696,10,0,29,17
1515765600,11544.85,11479.64124958956,49.40425881429741,10,0,29,18
1515762000,11654.02,11511.346476936913,48.659568357369764,10,0,29,19
1515758400,11628.56,11532.658026584746,54.13644780162524,10,0,29,20
1515754800,11587.83,11542.689294478427,52.72384357604347,10,0,29,21
1515751200,11278.98,11494.742150027803,50.45564435915985,10,0,29,22
1515747600,11319.06,11462.79994093184,37.33828584807935,10,0,29,23
1515744000,11401.59,11451.670860762413,39.535155856393956,10,1,30,0
1515740400,11496.49,11459.819795169245,43.89687741898784,10,1,30,1
1515736800,11401.01,11449.127105138474,48.49755596799194,10,1,30,2
1515733200,11354.63,11431.945813295115,44.54009302234897,10,1,30,3
1515729600,11395.14,11425.253847241456,42.71662982334924,10,1,30,4
1515726000,11231.0,11389.934965924827,44.840756280571256,10,1,30,5
1515722400,11236.73,11362.079517574859,38.595808397927904,10,1,30,6
1515718800,10938.1,11284.992332561247,38.915632249362616,10,1,30,7
1515715200,11144.19,11259.391908459202,30.112720946458808,10,1,30,8
1515711600,11043.26,11220.095197830255,40.170969610358604,10,1,30,9
1515708000,11245.46,11224.706980042934,37.336899898318194,10,1,30,10
1515704400,11242.24,11227.89480185331,45.614871541286455,10,1,30,11
1515700800,11232.71,11228.770292425435,45.51176288680488,10,1,30,12
1515697200,11463.59,11271.46478471172,45.186213913769876,10,1,30,13
1515693600,11421.68,11298.77664203686,53.807001131633385,10,1,30,14
1515690000,11606.92,11354.802707121067,52.20205394169781,10,1,30,15
1515686400,11686.52,11415.114942189964,58.14463227949415,10,1,30,16
1515682800,11615.92,11451.624952700879,60.421748829680546,10,1,30,17
1515679200,11486.85,11458.029506755265,57.43703676675941,10,1,30,18
1515675600,11570.25,11478.433232799762,52.34608857242443,10,1,30,19
1515672000,11341.56,11453.547190472531,55.1145450891254,10,1,30,20
1515668400,11267.62,11419.742246750253,47.043899536045295,10,1,30,21
1515664800,11458.83,11426.84911097748,44.76164018989592,10,1,30,22
1515661200,11650.34,11467.483818072484,51.33642481983379,10,1,30,23
1515657600,11498.32,11473.090396604759,56.87316203899057,10,2,31,0
1515654000,11312.13,11443.824869949349,51.83188189080193,10,2,31,1
1515650400,11121.13,11385.153075413102,46.40625095459934,10,2,31,2
1515646800,11319.17,11373.156152610718,41.596011862024305,10,2,31,3
1515643200,11312.23,11362.07867031786,47.65461882517141,10,2,31,4
1515639600,11961.35,11471.03709389643,47.468782928059746,10,2,31,5
1515636000,12111.25,11587.439440460714,62.28381433937413,10,2,31,6
1515632400,12207.01,11700.08863310422,64.75573696898306,10,2,31,7
1515628800,12427.61,11832.365245267089,66.27631703968135,10,2,31,8
1515625200,12111.19,11883.060655218527,69.53693903661852,10,2,31,9
1515621600,12171.68,11935.536899724248,60.501039488803194,10,2,31,10
1515618000,12156.23,11975.662917956202,61.53019303197166,10,2,31,11
1515614400,12043.08,11987.920569236892,61.09235752910756,10,2,31,12
1515610800,12198.61,12026.227738466547,57.84592610714762,10,2,31,13
1515607200,12177.14,12053.666331472628,60.92002557943199,10,2,31,14
1515603600,12159.66,12072.937907568514,60.2666573332396,10,2,31,15
1515600000,12092.99,12076.583742556057,59.70521612069131,10,2,31,16
1515596400,11562.55,11983.12306209132,57.50479915008937,10,2,31,17
1515592800,11686.51,11929.19341443835,43.70399619026824,10,2,31,18
1515589200,11665.4,11881.230975449558,46.910549601702506,10,2,31,19
1515585600,11828.93,11871.721707186001,46.425585436524564,10,2,31,20
1515582000,11698.51,11840.228669515818,50.67924501902649,10,2,31,21
1515578400,11707.34,11816.067093240215,47.443924268607155,10,2,31,22
1515574800,11374.01,11735.693076287447,47.68742177751099,10,2,31,23
1515571200,11853.52,11757.116153326093,40.129041162514525,11,3,1,0
1515567600,11976.03,11796.918670903167,51.931956895779244,11,3,1,1
1515564000,11912.12,11817.864367102591,54.405092807012906,11,3,1,2
1515560400,12031.48,11856.703573083938,52.876690214399396,11,3,1,3
1515556800,11886.44,11862.110196159585,55.396906792740786,11,3,1,4
1515553200,12004.9,11888.071978676024,51.77345186409741,11,3,1,5
1515549600,11960.11,11901.169800734928,54.39705909681344,11,3,1,6
1515546000,11940.42,11908.306200601304,53.21818687804094,11,3,1,7
1515542400,12119.98,11946.79234594652,52.67772180430692,11,3,1,8
1515538800,12153.01,11984.286464865334,56.969457291288535,11,3,1,9
1515535200,12319.23,12045.185289435272,57.72889913377909,11,3,1,10
1515531600,12479.23,12124.102509537948,61.4190956079642,11,3,1,11
