,Prix,ema,rsi,month,weekday,day,hour
1522238400,6503.08,6446.023461050501,66.81792590361451,12,5,8,21
1522234800,6503.31,6456.439195404955,67.64010461750425,12,5,8,22
1522231200,6544.53,6472.455705331327,67.65376721621658,12,5,8,23
1522227600,6401.97,6459.640122543813,70.09097882917017,12,6,9,0
1522224000,6371.78,6443.665554808575,54.731367858010714,12,6,9,1
1522220400,6392.58,6434.377272116106,52.12626538318196,12,6,9,2
1522216800,6338.42,6416.930495367722,53.759308801895735,12,6,9,3
1522213200,6315.85,6398.552223482681,49.06598074434348,12,6,9,4
1522209600,6344.78,6388.775455576739,47.21605408092597,12,6,9,5
1522206000,6311.11,6374.654463653695,49.82727305008967,12,6,9,6
1522202400,6310.05,6362.908197534841,46.91815256804926,12,6,9,7
1522198800,6283.5,6348.470343437597,46.82546443934715,12,6,9,8
1522195200,6303.37,6340.270280994397,44.45648300682286,12,6,9,9
1522191600,6447.59,6359.782957177234,46.63255856256242,12,6,9,10
1522188000,6474.19,6380.584237690464,59.14403087060037,12,6,9,11
1522184400,6462.97,6395.563467201288,60.96189569329625,12,6,9,12
1522180800,6386.38,6393.893745891963,59.754164860786574,12,6,9,13
1522177200,6371.37,6389.798519366151,52.157967413303716,12,6,9,14
1522173600,6400.28,6391.70424311776,50.79513183808197,12,6,9,15
1522170000,6554.31,6421.268926187257,53.32478628978189,12,6,9,16
1522166400,6510.36,6437.46730324412,63.95685386650772,12,6,9,17
1522162800,6522.48,6452.924157199734,59.773016143138975,12,6,9,18
1522159200,6545.95,6469.837946799782,60.53963112766634,12,6,9,19
1522155600,6433.53,6463.236501927094,62.04794018049529,12,6,9,20
1522152000,6417.78,6454.971683394894,51.82877702735983,12,6,9,21
1522148400,6463.6,6456.540468232186,50.57210864898433,12,6,9,22
1522144800,6404.72,6447.118564917242,54.06176932965292,12,6,9,23
1522141200,6410.78,6440.511553114107,49.24989955168912,12,0,10,0
1522137600,6385.64,6430.53490709336,49.74567674632186,12,0,10,1
1522134000,6416.68,6428.015833076385,47.66535823568774,12,0,10,2
1522130400,6391.27,6421.334772517042,50.422146025657824,12,0,10,3
1522126800,6259.56,6391.921177513943,48.184511388072174,12,0,10,4
1522123200,6328.98,6380.477327056862,38.61795050178542,12,0,10,5
1522119600,6324.3,6370.263267591978,44.834719809141866,12,0,10,6
1522116000,6478.06,6389.862673484345,44.50745294492883,12,0,10,7
1522112400,6598.84,6427.858551032646,55.89765562178949,12,0,10,8
1522108800,6548.85,6449.856996299437,62.42238295731027,12,0,10,9
1522105200,6594.75,6476.2011787904485,58.56067388976286,12,0,10,10
1522101600,6356.08,6454.360964464912,60.94947668500191,12,0,10,11
1522098000,6355.78,6436.437152744018,46.076007304990945,12,0,10,12
1522094400,6383.44,6426.8013067905595,46.06079195984209,12,0,10,13
1522090800,6360.66,6414.775614646822,47.77323334119591,12,0,10,14
1522087200,6385.85,6409.516411983764,46.464888357127734,12,0,10,15
1522083600,6525.63,6430.627973441261,48.15570963089321,12,0,10,16
1522080000,6527.86,6448.306523724667,56.38713683213447,12,0,10,17
1522076400,6540.42,6465.054428502,56.505782051583154,12,0,10,18
1522072800,6549.05,6480.326350592544,57.2118213987639,12,0,10,19
1522069200,6578.8,6498.230650484808,57.71967846486164,12,0,10,20
1522065600,6554.2,6508.406895851207,59.50406913411599,12,0,10,21
1522062000,6643.1,6532.896551150988,57.34876504526709,12,0,10,22
1522058400,6732.13,6569.12081457808,62.618299814853884,12,0,10,23
1522054800,6803.85,6611.798848291157,67.01365661397453,12,1,11,0
1522051200,6832.01,6651.837239510946,70.06698898265958,12,1,11,1
1522047600,6864.27,6690.461377781683,71.19442900479578,12,1,11,2
1522044000,6880.07,6724.935672730468,72.47354441569003,12,1,11,3
1522040400,6855.02,6748.587368597655,73.10349502480372,12,1,11,4
1522036800,6843.87,6765.911483398081,70.35444236901859,12,1,11,5
1522033200,6844.27,6780.158486416612,69.10869654471577,12,1,11,6
1522029600,6836.69,6790.436943431772,69.12981426167798,12,1,11,7
1522026000,6804.04,6792.910226444177,68.17865539512626,12,1,11,8
1522022400,6866.7,6806.326548908872,64.08826421564038,12,1,11,9
1522018800,6867.92,6817.525358198168,68.04994849564952,12,1,11,10
1522015200,7010.85,6852.675293071227,68.12368214635842,12,1,11,11
1522011600,6994.91,6878.536148876458,75.31201355347096,12,1,11,12
1522008000,7016.14,6903.55503089892,73.3260652891577,12,1,11,13
1522004400,7023.43,6925.350479826389,74.29817222337876,12,1,11,14
1522000800,6947.1,6929.304938039772,74.6399464746672,12,1,11,15
1521997200,6954.41,6933.869494759813,64.90748817123824,12,1,11,16
1521993600,6889.58,6925.816859348938,65.3731503984836,12,1,11,17
1521990000,6960.04,6932.0392485582215,58.01993749421442,12,1,11,18
1521986400,6958.32,6936.817567002181,62.90375053482736,12,1,11,19
1521982800,6910.11,6931.961645729057,62.71195575360642,12,1,11,20
1521979200,6847.05,6916.523164687409,57.42668366100015,12,1,11,21
1521975600,6885.19,6910.8262256533335,51.332557687384366,12,1,11,22
1521972000,6916.49,6911.8560028072725,54.47900756594263,12,1,11,23
1521968400,6930.82,6915.304002296859,56.93943387774926,12,2,12,0
1521964800,6884.16,6909.6414564247025,58.05717907715962,12,2,12,1
1521961200,6917.07,6910.99210071112,53.213573915281756,12,2,12,2
1521957600,6923.56,6913.277173309098,56.00172488239278,12,2,12,3
1521954000,6921.87,6914.839505434716,56.55160954218678,12,2,12,4
1521950400,6940.63,6919.528686264766,56.35409996354932,12,2,12,5
1521946800,6895.92,6915.236197852991,58.10335546049925,12,2,12,6
1521943200,6923.03,6916.65325278881,52.684029234232405,12,2,12,7
1521939600,6948.16,6922.3817522817535,55.40037363685225,12,2,12,8
1521936000,6923.91,6922.659615503253,57.817803711415706,12,2,12,9
1521932400,7003.48,6937.354230866297,54.73469162561667,12,2,12,10
1521928800,7052.22,6958.238916163334,61.91167438607977,12,2,12,11
1521925200,7238.73,7009.237295042727,65.5181862977473,12,2,12,12
1521921600,7219.78,7047.51778685314,75.19666100183389,12,2,12,13
1521918000,7229.41,7080.589098334387,72.95603277126244,12,2,12,14
1521914400,7199.21,7102.156535000862,73.38996160005425,12,2,12,15
1521910800,7240.42,7127.295346818886,69.61744200636082,12,2,12,16
1521907200,7260.95,7151.596192851815,71.75133723608097,12,2,12,17
1521903600,7276.21,7174.253248696939,72.77711646417937,12,2,12,18
1521900000,7189.38,7177.0035671156775,73.54606376433306,12,2,12,19
1521896400,7181.2,7177.766554912827,62.694510256267165,12,2,12,20
1521892800,7082.4,7160.4271812923125,61.769860438526656,12,2,12,21
1521889200,7117.82,7152.680421057346,51.827368320523206,12,2,12,22
1521885600,7210.02,7163.10579904692,54.64583012261827,12,2,12,23
1521882000,7200.3,7169.868381038388,61.03637871923909,12,3,13,0
1521878400,7234.23,7181.570493576863,60.075348061489606,12,3,13,1
1521874800,7211.24,7186.96494929016,62.306442187402396,12,3,13,2
1521871200,7172.39,7184.314958510131,59.86530736582314,12,3,13,3
1521867600,7252.76,7196.759511508289,55.88094105594127,12,3,13,4
1521864000,7192.47,7195.979600324963,61.57801057818099,12,3,13,5
1521860400,7207.52,7198.077854811332,55.76109729878588,12,3,13,6
1521856800,7178.07,7194.440063027452,56.856707630082134,12,3,13,7
1521853200,7235.21,7201.852778840643,54.03655317743134,12,3,13,8
1521849600,7226.93,7206.412273596889,58.35289314816867,12,3,13,9
1521846000,7020.9,7172.682769306544,57.51009815346274,12,3,13,10
1521842400,7027.36,7146.260447614445,41.462771532704814,12,3,13,11
1521838800,6993.15,7118.422184411818,42.00916398550092,12,3,13,12
1521835200,6994.21,7095.838150882396,39.88593166723479,12,3,13,13
1521831600,7001.22,7078.63485072196,39.98714442163522,12,3,13,14
1521828000,6995.48,7063.515786954331,40.698232822755,12,3,13,15
1521824400,7004.05,7052.703825689907,40.27739071383101,12,3,13,16
1521820800,7012.1,7045.321311928105,41.254121002792424,12,3,13,17
1521817200,6967.55,7031.181073395723,42.21018492132102,12,3,13,18
1521813600,6804.54,6989.973605505591,38.478036272382994,12,3,13,19
1521810000,6752.24,6946.749313595484,28.535819125863227,12,3,13,20
1521806400,6908.87,6939.862165669032,26.19701288967272,12,3,13,21
1521802800,6893.68,6931.465408274662,41.62723303089411,12,3,13,22
1521799200,6907.94,6927.188061315632,40.73769976367758,12,3,13,23
1521795600,6894.9,6921.31750471279,41.990919051680194,12,4,14,0
1521792000,6823.35,6903.505231128645,41.134285127231145,12,4,14,1
1521788400,6803.56,6885.333370923437,36.709109891337704,12,4,14,2
1521784800,6826.94,6874.716394391902,35.56932477986756,12,4,14,3
1521781200,6829.49,6866.493413593374,38.01782058582827,12,4,14,4
1521777600,6831.63,6860.154611121851,38.29325593110379,12,4,14,5
1521774000,6849.19,6858.161045463333,38.540088823392175,12,4,14,6
1521770400,6984.52,6881.135400833636,40.638407122831275,12,4,14,7
1521766800,7021.28,6906.616237045702,53.74506042106105,12,4,14,8
1521763200,7078.41,6937.851466673756,56.55132677211065,12,4,14,9
1521759600,7065.07,6960.982109096709,60.55648590077185,12,4,14,10
1521756000,7011.37,6970.143543806397,59.184568294576714,12,4,14,11
1521752400,6999.45,6975.471990387052,53.89168557153615,12,4,14,12
1521748800,7005.84,6980.993446680315,52.7636945629472,12,4,14,13
1521745200,7051.43,6993.80009273844,53.32766031235451,12,4,14,14
1521741600,7066.71,7007.05643951327,57.24934769023318,12,4,14,15
1521738000,7016.44,7008.762541419947,58.50774809428017,12,4,14,16
1521734400,6998.73,7006.938442979957,52.982189146924036,12,4,14,17
1521730800,6904.94,6988.393271529056,51.149460166184454,12,4,14,18
1521727200,6983.39,6987.4835857965,42.72125646062642,12,4,14,19
1521723600,7075.91,7003.561115651682,50.12420745577279,12,4,14,20
1521720000,7028.22,7008.044549169557,57.15687228501623,12,4,14,21
1521716400,7086.09,7022.234631138728,53.00784190410708,12,4,14,22
1521712800,7133.99,7042.5537891135045,57.07934991818878,12,4,14,23
1521709200,7286.42,7086.893100183776,60.1565356561218,12,5,15,0
1521705600,7259.95,7118.357991059453,68.01522816552269,12,5,15,1
1521702000,7301.99,7151.7456290486425,65.59566739964524,12,5,15,2
1521698400,7304.3,7179.4827874034345,67.5689309280819,12,5,15,3
1521694800,7308.08,7202.864098784628,67.67862816607408,12,5,15,4
1521691200,7306.53,7221.71244446015,67.8701453257274,12,5,15,5
1521687600,7325.85,7240.646545467396,67.69301767471006,12,5,15,6
1521684000,7330.91,7257.058082655141,68.78649609092113,12,5,15,7
1521680400,7309.27,7266.551158536024,69.08165650900509,12,5,15,8
1521676800,7221.9,7258.432766074928,66.19858303901516,12,5,15,9
1521673200,7175.6,7243.372263152213,56.03113128049391,12,5,15,10
1521669600,7245.83,7243.819124397265,51.515631805681345,12,5,15,11
1521666000,7213.7,7238.342919961398,57.155831543507354,12,5,15,12
1521662400,7216.09,7234.296934513872,54.05754350460813,12,5,15,13
1521658800,7217.18,7231.184764602258,54.256182953967816,12,5,15,14
1521655200,7232.83,7231.4838983109385,54.35311685672876,12,5,15,15
1521651600,7251.99,7235.212280436222,55.801305917490275,12,5,15,16
1521648000,7391.2,7263.5736839932715,57.575874856512094,12,5,15,17
1521644400,7401.54,7288.658468721767,67.71754719132066,12,5,15,18
1521640800,7363.55,7302.275110772354,68.32326710380764,12,5,15,19
1521637200,7379.78,7316.366908813744,63.60148420699841,12,5,15,20
