,Prix,ema,rsi,month,weekday,day,hour
1522036800,6843.87,6765.911483398081,70.35444236901859,12,1,11,5
1522033200,6844.27,6780.158486416612,69.10869654471577,12,1,11,6
1522029600,6836.69,6790.436943431772,69.12981426167798,12,1,11,7
1522026000,6804.04,6792.910226444177,68.17865539512626,12,1,11,8
1522022400,6866.7,6806.326548908872,64.08826421564038,12,1,11,9
1522018800,6867.92,6817.525358198168,68.04994849564952,12,1,11,10
1522015200,7010.85,6852.675293071227,68.12368214635842,12,1,11,11
1522011600,6994.91,6878.536148876458,75.31201355347096,12,1,11,12
1522008000,7016.14,6903.55503089892,73.3260652891577,12,1,11,13
1522004400,7023.43,6925.350479826389,74.29817222337876,12,1,11,14
1522000800,6947.1,6929.304938039772,74.6399464746672,12,1,11,15
1521997200,6954.41,6933.869494759813,64.90748817123824,12,1,11,16
1521993600,6889.58,6925.816859348938,65.3731503984836,12,1,11,17
1521990000,6960.04,6932.0392485582215,58.01993749421442,12,1,11,18
1521986400,6958.32,6936.817567002181,62.90375053482736,12,1,11,19
1521982800,6910.11,6931.961645729057,62.71195575360642,12,1,11,20
1521979200,6847.05,6916.523164687409,57.42668366100015,12,1,11,21
1521975600,6885.19,6910.8262256533335,51.332557687384366,12,1,11,22
1521972000,6916.49,6911.8560028072725,54.47900756594263,12,1,11,23
1521968400,6930.82,6915.304002296859,56.93943387774926,12,2,12,0
1521964800,6884.16,6909.6414564247025,58.05717907715962,12,2,12,1
1521961200,6917.07,6910.99210071112,53.213573915281756,12,2,12,2
1521957600,6923.56,6913.277173309098,56.00172488239278,12,2,12,3
1521954000,6921.87,6914.839505434716,56.55160954218678,12,2,12,4
1521950400,6940.63,6919.528686264766,56.35409996354932,12,2,12,5
1521946800,6895.92,6915.236197852991,58.10335546049925,12,2,12,6
1521943200,6923.03,6916.65325278881,52.684029234232405,12,2,12,7
1521939600,6948.16,6922.3817522817535,55.40037363685225,12,2,12,8
1521936000,6923.91,6922.659615503253,57.817803711415706,12,2,12,9
1521932400,7003.48,6937.354230866297,54.73469162561667,12,2,12,10
1521928800,7052.22,6958.238916163334,61.91167438607977,12,2,12,11
1521925200,7238.73,7009.237295042727,65.5181862977473,12,2,12,12
1521921600,7219.78,7047.51778685314,75.19666100183389,12,2,12,13
1521918000,7229.41,7080.589098334387,72.95603277126244,12,2,12,14
1521914400,7199.21,7102.156535000862,73.38996160005425,12,2,12,15
1521910800,7240.42,7127.295346818886,69.61744200636082,12,2,12,16
1521907200,7260.95,7151.596192851815,71.75133723608097,12,2,12,17
1521903600,7276.21,7174.253248696939,72.77711646417937,12,2,12,18
1521900000,7189.38,7177.0035671156775,73.54606376433306,12,2,12,19
1521896400,7181.2,7177.766554912827,62.694510256267165,12,2,12,20
1521892800,7082.4,7160.4271812923125,61.769860438526656,12,2,12,21
1521889200,7117.82,7152.680421057346,51.827368320523206,12,2,12,22
1521885600,7210.02,7163.10579904692,54.64583012261827,12,2,12,23
1521882000,7200.3,7169.868381038388,61.03637871923909,12,3,13,0
1521878400,7234.23,7181.570493576863,60.075348061489606,12,3,13,1
1521874800,7211.24,7186.96494929016,62.306442187402396,12,3,13,2
1521871200,7172.39,7184.314958510131,59.86530736582314,12,3,13,3
1521867600,7252.76,7196.759511508289,55.88094105594127,12,3,13,4
1521864000,7192.47,7195.979600324963,61.57801057818099,12,3,13,5
1521860400,7207.52,7198.077854811332,55.76109729878588,12,3,13,6
1521856800,7178.07,7194.440063027452,56.856707630082134,12,3,13,7
1521853200,7235.21,7201.852778840643,54.03655317743134,12,3,13,8
1521849600,7226.93,7206.412273596889,58.35289314816867,12,3,13,9
1521846000,7020.9,7172.682769306544,57.51009815346274,12,3,13,10
1521842400,7027.36,7146.260447614445,41.462771532704814,12,3,13,11
1521838800,6993.15,7118.422184411818,42.00916398550092,12,3,13,12
1521835200,6994.21,7095.838150882396,39.88593166723479,12,3,13,13
1521831600,7001.22,7078.63485072196,39.98714442163522,12,3,13,14
1521828000,6995.48,7063.515786954331,40.698232822755,12,3,13,15
1521824400,7004.05,7052.703825689907,40.27739071383101,12,3,13,16
1521820800,7012.1,7045.321311928105,41.254121002792424,12,3,13,17
1521817200,6967.55,7031.181073395723,42.21018492132102,12,3,13,18
1521813600,6804.54,6989.973605505591,38.478036272382994,12,3,13,19
1521810000,6752.24,6946.749313595484,28.535819125863227,12,3,13,20
1521806400,6908.87,6939.862165669032,26.19701288967272,12,3,13,21
1521802800,6893.68,6931.465408274662,41.62723303089411,12,3,13,22
1521799200,6907.94,6927.188061315632,40.73769976367758,12,3,13,23
1521795600,6894.9,6921.31750471279,41.990919051680194,12,4,14,0
1521792000,6823.35,6903.505231128645,41.134285127231145,12,4,14,1
1521788400,6803.56,6885.333370923437,36.709109891337704,12,4,14,2
1521784800,6826.94,6874.716394391902,35.56932477986756,12,4,14,3
1521781200,6829.49,6866.493413593374,38.01782058582827,12,4,14,4
1521777600,6831.63,6860.154611121851,38.29325593110379,12,4,14,5
1521774000,6849.19,6858.161045463333,38.540088823392175,12,4,14,6
1521770400,6984.52,6881.135400833636,40.638407122831275,12,4,14,7
1521766800,7021.28,6906.616237045702,53.74506042106105,12,4,14,8
1521763200,7078.41,6937.851466673756,56.55132677211065,12,4,14,9
1521759600,7065.07,6960.982109096709,60.55648590077185,12,4,14,10
1521756000,7011.37,6970.143543806397,59.184568294576714,12,4,14,11
1521752400,6999.45,6975.471990387052,53.89168557153615,12,4,14,12
1521748800,7005.84,6980.993446680315,52.7636945629472,12,4,14,13
1521745200,7051.43,6993.80009273844,53.32766031235451,12,4,14,14
1521741600,7066.71,7007.05643951327,57.24934769023318,12,4,14,15
1521738000,7016.44,7008.762541419947,58.50774809428017,12,4,14,16
1521734400,6998.73,7006.938442979957,52.982189146924036,12,4,14,17
1521730800,6904.94,6988.393271529056,51.149460166184454,12,4,14,18
1521727200,6983.39,6987.4835857965,42.72125646062642,12,4,14,19
1521723600,7075.91,7003.561115651682,50.12420745577279,12,4,14,20
1521720000,7028.22,7008.044549169557,57.15687228501623,12,4,14,21
1521716400,7086.09,7022.234631138728,53.00784190410708,12,4,14,22
1521712800,7133.99,7042.5537891135045,57.07934991818878,12,4,14,23
1521709200,7286.42,7086.893100183776,60.1565356561218,12,5,15,0
1521705600,7259.95,7118.357991059453,68.01522816552269,12,5,15,1
1521702000,7301.99,7151.7456290486425,65.59566739964524,12,5,15,2
1521698400,7304.3,7179.4827874034345,67.5689309280819,12,5,15,3
1521694800,7308.08,7202.864098784628,67.67862816607408,12,5,15,4
1521691200,7306.53,7221.71244446015,67.8701453257274,12,5,15,5
1521687600,7325.85,7240.646545467396,67.69301767471006,12,5,15,6
1521684000,7330.91,7257.058082655141,68.78649609092113,12,5,15,7
1521680400,7309.27,7266.551158536024,69.08165650900509,12,5,15,8
1521676800,7221.9,7258.432766074928,66.19858303901516,12,5,15,9
1521673200,7175.6,7243.372263152213,56.03113128049391,12,5,15,10
1521669600,7245.83,7243.819124397265,51.515631805681345,12,5,15,11
1521666000,7213.7,7238.342919961398,57.155831543507354,12,5,15,12
1521662400,7216.09,7234.296934513872,54.05754350460813,12,5,15,13
1521658800,7217.18,7231.184764602258,54.256182953967816,12,5,15,14
1521655200,7232.83,7231.4838983109385,54.35311685672876,12,5,15,15
1521651600,7251.99,7235.212280436222,55.801305917490275,12,5,15,16
1521648000,7391.2,7263.5736839932715,57.575874856512094,12,5,15,17
1521644400,7401.54,7288.658468721767,67.71754719132066,12,5,15,18
1521640800,7363.55,7302.275110772354,68.32326710380764,12,5,15,19
1521637200,7379.78,7316.366908813744,63.60148420699841,12,5,15,20
1521633600,7425.69,7336.243834483972,64.72314404715848,12,5,15,21
1521630000,7411.6,7349.944955486886,67.75056659326994,12,5,15,22
1521626400,7417.02,7362.140418125634,65.88187553642251,12,5,15,23
1521622800,7336.49,7357.476705739155,66.2673082303137,12,6,16,0
1521619200,7303.58,7347.677304695671,56.12250664910452,12,6,16,1
1521615600,7422.23,7361.232340205549,52.57993120912698,12,6,16,2
1521612000,7402.3,7368.699187440903,61.914016516306404,12,6,16,3
1521608400,7414.68,7377.05933517892,59.78525073499576,12,6,16,4
1521604800,7377.03,7377.054001510025,60.68941316736861,12,6,16,5
1521601200,7326.7,7367.898728508202,56.52699229853744,12,6,16,6
1521597600,7332.89,7361.533505143074,51.4472481871879,12,6,16,7
1521594000,7319.98,7353.9783223897875,52.01834480088941,12,6,16,8
1521590400,7289.26,7342.211354682553,50.67944564417459,12,6,16,9
1521586800,7322.94,7338.707472012997,47.5435432514953,12,6,16,10
1521583200,7367.89,7344.013386192451,51.11497287123085,12,6,16,11
1521579600,7302.75,7336.5109523392775,55.47225921835071,12,6,16,12
1521576000,7319.75,7333.4635064594095,48.6981054841273,12,6,16,13
1521572400,7216.3,7312.161050739516,50.40043228499045,12,6,16,14
1521568800,7242.0,7299.404496059604,41.39808024366926,12,6,16,15
1521565200,7215.3,7284.112769503312,44.070766086283925,12,6,16,16
1521561600,6942.45,7221.992265957255,41.93115088943038,12,6,16,17
1521558000,6945.21,7171.66821760139,27.329233101236994,12,6,16,18
1521554400,6912.98,7124.633996219319,27.60386961472939,12,6,16,19
1521550800,6963.6,7095.355087815806,26.35148001432104,12,6,16,20
1521547200,6936.42,7066.457799122022,31.60039566165591,12,6,16,21
1521543600,6894.06,7035.1127447362,30.349643786295417,12,6,16,22
1521540000,6875.16,7006.030427511436,28.459082667459455,12,6,16,23
1521536400,6803.49,6969.204895236629,27.632016529817648,12,0,17,0
1521532800,6815.48,6941.254914284515,24.700542094649037,12,0,17,1
1521529200,6891.56,6932.219475323694,26.112784644674278,12,0,17,2
1521525600,6883.43,6923.348661628476,34.506455618661306,12,0,17,3
1521522000,6863.57,6912.479814059661,34.061161640352594,12,0,17,4
1521518400,6965.22,6922.068938776087,32.942804734633654,12,0,17,5
1521514800,6961.98,6929.325495362253,43.21908975111629,12,0,17,6
1521511200,6860.76,6916.8590416600255,42.992932697311275,12,0,17,7
1521507600,6892.01,6912.341034085475,36.5570052543659,12,0,17,8
1521504000,6972.29,6923.2408460699335,39.56495971219477,12,0,17,9
1521500400,6910.67,6920.955237693582,46.572911636098475,12,0,17,10
1521496800,6811.65,6901.08155811293,42.49927033487871,12,0,17,11
1521493200,6833.42,6888.779456637851,36.911964254903374,12,0,17,12
1521489600,6805.39,6873.61773724915,38.81644202848512,12,0,17,13
1521486000,6750.19,6851.176330476577,37.256941746585596,12,0,17,14
1521482400,6751.01,6832.964270389926,34.3316755308,12,0,17,15
1521478800,6813.02,6829.3380394099395,34.41405678876896,12,0,17,16
1521475200,6964.21,6853.860214062677,40.49357172706099,12,0,17,17
1521471600,6989.81,6878.578356960372,52.141814400947894,12,0,17,18
1521468000,6961.45,6893.645928422122,53.79120220042207,12,0,17,19
1521464400,6745.73,6866.752123254463,51.666836110172405,12,0,17,20
1521460800,6800.63,6854.729919026378,39.03775368289762,12,0,17,21
1521457200,6699.79,6826.559024657946,42.86534991347743,12,0,17,22
1521453600,6693.38,6802.344656538319,38.12975691935951,12,0,17,23
1521450000,6800.07,6801.931082622261,37.84355679403113,12,1,18,0
1521446400,6774.65,6796.97088578185,45.21448080157375,12,1,18,1
1521442800,6770.65,6792.185270185149,43.879324151483644,12,1,18,2
1521439200,6794.87,6792.673402878759,43.660842026781815,12,1,18,3
1521435600,6688.94,6773.8127841735295,45.4325355039195,12,1,18,4
