,Prix,ema,rsi,month,weekday,day,hour
1521414000,6639.37,6716.804734499101,40.72766219781456,12,1,18,10
1521410400,6713.8,6716.258419135628,38.2761126439242,12,1,18,11
1521406800,6210.6,6624.320524747332,44.557025638839455,12,1,18,12
1521403200,6074.2,6524.298611156908,25.594568392849737,12,1,18,13
1521399600,6045.97,6437.329772764742,22.766249730977393,12,1,18,14
1521396000,6092.8,6374.6879958984255,22.218999173356096,12,1,18,15
1521392400,6003.25,6307.153814825984,25.42162072189693,12,1,18,16
1521388800,6010.07,6253.138575766714,23.434543655424434,12,1,18,17
1521385200,6096.41,6224.6424710818565,23.92226584328874,12,1,18,18
1521381600,6196.49,6219.523839976064,30.001395072255605,12,1,18,19
1521378000,6275.14,6229.635869071324,36.35031700500655,12,1,18,20
1521374400,6315.32,6245.214801967446,40.887885664630225,12,1,18,21
1521370800,6171.54,6231.81938342791,43.118843049792495,12,1,18,22
1521367200,6263.96,6237.663131895562,37.64386680246058,12,1,18,23
1521363600,6316.29,6251.9589260963685,42.68187941009925,12,2,19,0
1521360000,6240.85,6249.939121351574,45.37314008093379,12,2,19,1
1521356400,6313.83,6261.555644742197,42.290371318135406,12,2,19,2
1521352800,6237.1,6257.109163879979,46.10520657742625,12,2,19,3
1521349200,6175.89,6242.342043174527,42.89467523070494,12,2,19,4
1521345600,6251.69,6244.041671688249,40.473429790411245,12,2,19,5
1521342000,6210.48,6237.939549563112,44.640752382033945,12,2,19,6
1521338400,6287.82,6247.008722369818,42.88303181380555,12,2,19,7
1521334800,6264.96,6250.27259102985,47.09334920015752,12,2,19,8
1521331200,6404.06,6278.233938115332,46.01367347559597,12,2,19,9
1521327600,6518.81,6321.975040276181,53.064934257345946,12,2,19,10
1521324000,6469.62,6348.819578407783,57.94485110888085,12,2,19,11
1521320400,6374.34,6353.459655060913,55.29099012002361,12,2,19,12
1521316800,6350.74,6352.965172322565,50.46929073798531,12,2,19,13
1521313200,6360.46,6354.3278682639175,49.321979625122076,12,2,19,14
1521309600,6446.76,6371.13371039775,49.8278689232995,12,2,19,15
1521306000,6418.17,6379.685763052705,54.19942446002594,12,2,19,16
1521302400,6425.08,6387.939260679485,52.56538936240491,12,2,19,17
1521298800,6487.13,6405.973940555942,52.934720499591535,12,2,19,18
1521295200,6508.97,6424.700496818497,56.23037609094374,12,2,19,19
1521291600,6553.51,6448.120406487861,57.36207975582813,12,2,19,20
1521288000,6675.67,6489.493059853704,59.653216883863244,12,2,19,21
1521284400,6714.74,6530.447048971212,65.17972444589928,12,2,19,22
1521280800,6754.42,6571.169403703719,66.7484701746699,12,2,19,23
1521277200,6779.84,6609.109512121224,68.3100179692458,12,3,20,0
1521273600,6693.1,6624.380509917364,69.30452215416398,12,3,20,1
1521270000,6682.01,6634.858599023297,62.13856219640047,12,3,20,2
1521266400,6660.65,6639.547944655424,61.26633125237554,12,3,20,3
1521262800,6695.76,6649.768318354438,59.53299660187792,12,3,20,4
1521259200,6703.92,6659.614078653631,61.46297730806827,12,3,20,5
1521255600,6708.9,6668.575155262061,61.917568072951006,12,3,20,6
1521252000,6640.47,6663.465127032596,62.21054736063017,12,3,20,7
1521248400,6745.96,6678.46419484485,55.85206646069505,12,3,20,8
1521244800,6732.55,6688.297977600331,62.25650291727661,12,3,20,9
1521241200,6927.16,6731.727436218453,61.04418367007214,12,3,20,10
1521237600,6945.44,6770.584265996916,70.1336034932198,12,3,20,11
1521234000,6936.66,6800.779853997476,70.82227327683165,12,3,20,12
1521230400,6963.46,6830.358062361571,69.98753200143443,12,3,20,13
1521226800,6940.49,6850.3820510231035,71.10697007728044,12,3,20,14
1521223200,6884.96,6856.668950837085,68.7403898060299,12,3,20,15
1521219600,6947.96,6873.267323412159,63.25909219292321,12,3,20,16
1521216000,6961.25,6889.264173700857,66.5207929556071,12,3,20,17
1521212400,6880.8,6887.725233027973,67.18265397444102,12,3,20,18
1521208800,6902.22,6890.360645204705,59.51278937136605,12,3,20,19
1521205200,6653.19,6847.23870971294,60.79611752309105,12,3,20,20
1521201600,6660.7,6813.322580674224,43.52343149995367,12,3,20,21
1521198000,6594.1,6773.463929642547,44.039772316723464,12,3,20,22
1521194400,6653.8,6751.70685152572,40.50324549647813,12,3,20,23
1521190800,6701.82,6742.63651488468,44.783645964660494,12,4,21,0
1521187200,6716.25,6737.838966723829,48.02283450289729,12,4,21,1
1521183600,6674.19,6726.266427319496,48.991206912149906,12,4,21,2
1521180000,6662.81,6714.728895079587,46.284430637148574,12,4,21,3
1521176400,6667.32,6706.109095974207,45.55111505667101,12,4,21,4
1521172800,6548.54,6677.4601694334415,45.91682530164742,12,4,21,5
1521169200,6604.83,6664.254684081907,38.56929622631422,12,4,21,6
1521165600,6527.17,6639.330196067014,43.2073344536359,12,4,21,7
1521162000,6571.92,6627.073796782102,38.84937044313447,12,4,21,8
1521158400,6739.05,6647.433106458084,42.4513531075365,12,4,21,9
1521154800,6791.71,6673.665268920249,53.47392949391216,12,4,21,10
1521151200,6766.76,6690.5915836620225,56.31321589103972,12,4,21,11
1521147600,6744.11,6700.322204814382,54.612699395037986,12,4,21,12
1521144000,6723.86,6704.601803939038,53.04663120508842,12,4,21,13
1521140400,6650.36,6694.739657768304,51.62139046543455,12,4,21,14
1521136800,6639.89,6684.766992719521,46.71528973371286,12,4,21,15
1521133200,6591.19,6667.752994043244,46.04397893251457,12,4,21,16
1521129600,6592.68,6654.103358762654,42.95214334665997,12,4,21,17
1521126000,6751.64,6671.837293533081,43.07808374062619,12,4,21,18
1521122400,6825.22,6699.725058345248,54.59456542163467,12,4,21,19
1521118800,6650.86,6690.8405022824745,58.754386834320265,12,4,21,20
1521115200,6714.9,6695.214956412933,47.620795927719506,12,4,21,21
1521111600,6596.33,6677.235873428764,51.27299018109656,12,4,21,22
1521108000,6670.23,6675.962078259897,45.01467700382929,12,4,21,23
1521104400,6663.74,6673.7398822126415,49.17830654044159,12,5,22,0
1521100800,6404.19,6624.730812719434,48.82861538240437,12,5,22,1
1521097200,6354.49,6575.596119497718,37.38083882498233,12,5,22,2
1521093600,6317.01,6528.580461407223,35.656943520295144,12,5,22,3
1521090000,6411.62,6507.314922969546,34.36968643513599,12,5,22,4
1521086400,6397.52,6487.352209702355,40.23498782966848,12,5,22,5
1521082800,6312.98,6455.648171574654,39.66604128062663,12,5,22,6
1521079200,6586.08,6479.363049470172,36.34734085421141,12,5,22,7
1521075600,6547.25,6491.706131384686,50.69764219390091,12,5,22,8
1521072000,6633.95,6517.568652951107,49.005941300315556,12,5,22,9
1521068400,6619.86,6536.1670796872695,52.79361817053034,12,5,22,10
1521064800,6505.59,6530.60761065322,52.11612944008425,12,5,22,11
1521061200,6738.78,6568.457135988998,46.863668317139044,12,5,22,12
1521057600,6730.95,6598.001293081907,56.49873922280059,12,5,22,13
1521054000,6698.22,6616.222876157924,56.13069476133345,12,5,22,14
1521050400,6758.97,6642.176898674665,54.53158391508079,12,5,22,15
1521046800,6824.6,6675.344735279271,56.981324762056346,12,5,22,16
1521043200,7077.77,6748.512965228494,59.518814782029075,12,5,22,17
1521039600,7094.15,6811.356062459677,67.48610784615374,12,5,22,18
1521036000,7031.25,6851.336778376099,67.92595086398238,12,5,22,19
1521032400,7035.21,6884.768273216808,64.32725462772846,12,5,22,20
1521028800,7049.38,6914.697678086479,64.4549332011643,12,5,22,21
1521025200,7094.55,6947.3981002525725,64.93851631287308,12,5,22,22
1521021600,7231.17,6998.992991115741,66.50297105138037,12,5,22,23
1521018000,7393.98,7070.808810912878,70.75360689306146,12,6,23,0
1521014400,7363.58,7124.039936201445,74.84947647464347,12,6,23,1
1521010800,7431.59,7179.958129619364,72.799359895023,12,6,23,2
1521007200,7432.75,7225.920287870388,74.48319645702817,12,6,23,3
1521003600,7352.74,7248.9784173484995,74.51217812869965,12,6,23,4
1521000000,7480.33,7291.042341466953,68.71496267020432,12,6,23,5
1520996400,7466.98,7323.031006654779,72.40236929842291,12,6,23,6
1520992800,7502.31,7355.627187263001,71.45339050544474,12,6,23,7
1520989200,7541.78,7389.473153215183,72.48135435018497,12,6,23,8
1520985600,7402.44,7391.830761721513,73.62407273529851,12,6,23,9
1520982000,7409.22,7394.99244140851,63.58566683767021,12,6,23,10
1520978400,7363.3,7389.230179334235,63.84399037467504,12,6,23,11
1520974800,7332.16,7378.853783091647,60.70305476915807,12,6,23,12
1520971200,7335.92,7371.047640711347,58.597720108065225,12,6,23,13
1520967600,7405.61,7377.331706036556,58.783600919787695,12,6,23,14
1520964000,7372.77,7376.502304939,62.17340684658815,12,6,23,15
1520960400,7466.24,7392.818249495545,59.68243571481798,12,6,23,16
1520956800,7341.49,7383.485840496354,64.0921206758315,12,6,23,17
1520953200,7361.87,7379.555687678835,55.385279488827145,12,6,23,18
1520949600,7393.69,7382.125562646319,56.426696756881675,12,6,23,19
1520946000,7251.73,7358.417278528806,58.072311600107085,12,6,23,20
1520942400,7352.97,7357.426864250841,49.15340148432409,12,6,23,21
1520938800,7223.91,7333.151070750688,54.51817492657719,12,6,23,22
1520935200,7532.94,7369.476330614198,47.62043179259265,12,6,23,23
1520931600,7448.52,7383.847906866162,60.50570740949405,12,0,24,0
1520928000,7488.76,7402.922832890496,56.42239415538039,12,0,24,1
1520924400,7603.29,7439.353226910405,57.88149922688668,12,0,24,2
1520920800,7626.85,7473.443549290331,61.80174009618181,12,0,24,3
1520917200,7609.95,7498.262903964816,62.57346093105472,12,0,24,4
1520913600,7348.22,7470.982375971213,61.61189882163451,12,0,24,5
1520910000,7406.62,7459.2801257946285,49.0425750253884,12,0,24,6
1520906400,7385.57,7445.878284741059,51.423875554217766,12,0,24,7
1520902800,7506.42,7456.885869333594,50.507680183760975,12,0,24,8
1520899200,7409.44,7448.259347636576,55.41853263397166,12,0,24,9
1520895600,7348.74,7430.164920793562,51.04165847060796,12,0,24,10
1520892000,7400.09,7424.69675337655,48.46177804639488,12,0,24,11
1520888400,7322.68,7406.148252762632,50.73054055896354,12,0,24,12
1520884800,7253.72,7378.434024987608,47.346840111294846,12,0,24,13
1520881200,7489.02,7398.540565898952,44.49935782382783,12,0,24,14
1520877600,7469.46,7411.435008462779,54.54468451851591,12,0,24,15
1520874000,7485.69,7424.935916015,53.674984278733945,12,0,24,16
1520870400,7458.63,7431.062113103181,54.325747435893426,12,0,24,17
1520866800,7497.66,7443.170819811693,52.989187021192684,12,0,24,18
1520863200,7959.99,7537.137943482294,54.7195954613342,12,0,24,19
1520859600,7974.39,7616.638317394603,69.18773513462764,12,0,24,20
1520856000,8020.85,7690.131350595584,69.51446684746269,12,0,24,21
1520852400,8012.75,7748.789286850932,70.59776838171838,12,0,24,22
1520848800,7992.98,7793.18759833258,70.12987262094414,12,0,24,23
1520845200,7755.68,7786.368034999383,68.92908287332634,12,1,25,0
1520841600,7796.32,7788.177483181313,56.43773626734257,12,1,25,1
1520838000,7797.09,7789.79794078471,57.84663460470994,12,1,25,2
1520834400,7777.57,7787.574678823852,57.874434084824884,12,1,25,3
1520830800,7761.57,7782.846555401334,56.85086937733129,12,1,25,4
1520827200,7672.28,7762.743545328363,55.97696731517074,12,1,25,5
1520823600,7788.75,7767.471991632297,51.242975355596684,12,1,25,6
1520820000,7753.6,7764.949811335516,56.42022460296431,12,1,25,7
1520816400,7809.53,7773.055300183603,54.538060421443774,12,1,25,8
1520812800,7745.31,7768.010700150221,56.99634542455004,12,1,25,9
