,Prix,ema,rsi,month,weekday,day,hour
1520726400,7140.62,7103.239944826113,31.459947355913755,12,2,26,9
1520722800,7192.21,7119.416318494092,43.79410338173936,12,2,26,10
1520719200,7181.99,7130.793351495166,45.99258364961908,12,2,26,11
1520715600,7210.68,7145.318196677862,45.61196546814588,12,2,26,12
1520712000,7436.65,7198.287615463705,46.93947486128072,12,2,26,13
1520708400,7407.15,7236.262594470303,56.040527586455596,12,2,26,14
1520704800,7479.2,7280.433031839339,54.72096572903809,12,2,26,15
1520701200,7685.09,7354.007026050368,57.361696393346115,12,2,26,16
1520697600,7643.62,7406.663930404847,63.84987388016453,12,2,26,17
1520694000,7707.1,7461.288670331238,61.809719455633356,12,2,26,18
1520690400,7570.4,7481.127093907377,63.72067156436219,12,2,26,19
1520686800,7597.64,7502.311258651489,57.0952541513813,12,2,26,20
1520683200,7653.97,7529.8855752603085,58.03168920433442,12,2,26,21
1520679600,7630.36,7548.1536524857065,59.97704400488287,12,2,26,22
1520676000,7543.87,7547.374806579214,58.74787829196046,12,2,26,23
1520672400,7631.29,7562.632114473902,54.35340593897843,12,3,27,0
1520668800,7640.75,7576.835366387738,57.79022871216707,12,3,27,1
1520665200,7696.96,7598.676208862695,58.157369601236894,12,3,27,2
1520661600,7618.45,7602.271443614932,60.36345673073395,12,3,27,3
1520658000,7581.25,7598.449362957671,55.92808799817201,12,3,27,4
1520654400,7525.74,7585.229478783548,53.90691829431802,12,3,27,5
1520650800,7569.78,7582.420482641084,50.948129133306686,12,3,27,6
1520647200,7570.69,7580.287667615432,53.14539476802146,12,3,27,7
1520643600,7586.62,7581.439000776261,53.19205268529824,12,3,27,8
1520640000,7525.25,7571.222818816941,54.05458292631675,12,3,27,9
1520636400,7507.2,7559.582306304769,50.2155815980754,12,3,27,10
1520632800,7337.86,7519.269159703901,49.11081969171645,12,3,27,11
1520629200,7328.18,7484.525676121373,40.179733541968886,12,3,27,12
1520625600,7165.32,7426.4882804629415,39.73489779354929,12,3,27,13
1520622000,7249.09,7394.234047651496,33.096052067683914,12,3,27,14
1520618400,7131.16,7346.402402623951,38.76352467983041,12,3,27,15
1520614800,7074.65,7296.992874874141,34.35180677388831,12,3,27,16
1520611200,7309.59,7299.28326126066,32.44619701406292,12,3,27,17
1520607600,7432.26,7323.460850122357,45.88643281987687,12,3,27,18
1520604000,7280.2,7315.595241009201,51.33113791638862,12,3,27,19
1520600400,7333.02,7318.763379007529,45.25292192573767,12,3,27,20
1520596800,7292.75,7314.033673733433,47.57512775949149,12,3,27,21
1520593200,7135.81,7281.629369418263,45.97402142232662,12,3,27,22
1520589600,6959.16,7222.998574978578,40.28405050013107,12,3,27,23
1520586000,7069.48,7195.086106800654,35.028862421716,12,4,28,0
1520582400,7117.74,7181.023178291444,40.26941624605883,12,4,28,1
1520578800,7209.45,7186.191691329363,42.45604071060822,12,4,28,2
1520575200,6907.87,7135.587747451296,46.46669784351205,12,4,28,3
1520571600,7051.71,7120.3372479146965,37.26806699548017,12,4,28,4
1520568000,7310.4,7154.894111930205,43.05802879385375,12,4,28,5
1520564400,7333.88,7187.437000670168,51.693351726863604,12,4,28,6
1520560800,7413.51,7228.541182366502,52.39896319936986,12,4,28,7
1520557200,7612.66,7298.380967390774,54.80979202016747,12,4,28,8
1520553600,7550.54,7344.228064228814,60.23415184476802,12,4,28,9
1520550000,7528.88,7377.801143459938,57.89953793798481,12,4,28,10
1520546400,7585.54,7415.57184464904,57.0689533561469,12,4,28,11
1520542800,7654.65,7459.0406001673955,58.73649867188943,12,4,28,12
1520539200,7649.15,7493.605945591505,60.73963061156417,12,4,28,13
1520535600,7643.06,7520.779410029413,60.48796785252812,12,4,28,14
1520532000,7565.21,7528.857699114974,60.19058586193579,12,4,28,15
1520528400,7707.07,7561.259935639524,56.3750246734265,12,4,28,16
1520524800,8073.8,7654.449038250519,61.201507107975175,12,4,28,17
1520521200,7951.25,7708.412849477697,70.33780075616448,12,4,28,18
1520517600,8031.45,7767.146876845388,64.84279116168354,12,4,28,19
1520514000,7937.81,7798.176535600772,66.67748330096643,12,4,28,20
1520510400,8086.0,7850.508074582449,62.5716781577564,12,4,28,21
1520506800,8154.22,7905.728424658367,66.12652625514089,12,4,28,22
1520503200,8174.14,7954.530529265936,67.64979064095894,12,4,28,23
1520499600,8054.32,7972.674069399402,68.10087382883384,12,5,29,0
1520496000,8088.55,7993.742420417691,62.459287530258315,12,5,29,1
1520492400,7890.34,7974.941980341748,63.39229123097158,12,5,29,2
1520488800,7934.17,7967.528893006884,54.88590613377741,12,5,29,3
1520485200,7892.59,7953.903639732904,56.28288762280757,12,5,29,4
1520481600,7716.18,7910.681159781466,54.55694577145392,12,5,29,5
1520478000,7785.93,7887.99913073029,47.85229774768371,12,5,29,6
1520474400,7973.28,7903.504743324783,50.445377087944955,12,5,29,7
1520470800,8049.26,7930.005699083913,56.67690157711098,12,5,29,8
1520467200,8017.75,7945.959208341383,58.932386220831084,12,5,29,9
1520463600,8042.34,7963.482988642949,57.5932470102169,12,5,29,10
1520460000,8069.28,7982.718808889685,58.387915478694765,12,5,29,11
1520456400,7897.37,7967.200843637014,59.2880280862727,12,5,29,12
1520452800,7964.25,7966.664326612103,51.615388384770974,12,5,29,13
1520449200,7831.31,7942.054449046265,54.10386585100376,12,5,29,14
1520445600,7911.73,7936.540912856035,48.73801737135446,12,5,29,15
1520442000,8037.15,7954.833474154937,51.84907340929446,12,5,29,16
1520438400,8623.46,8076.401933399494,56.30307829758827,12,5,29,17
1520434800,8607.9,8173.037945508676,70.18666744781302,12,5,29,18
1520431200,8523.2,8236.703773598007,69.55506090588067,12,5,29,19
1520427600,8563.45,8296.112178398369,66.06966129005617,12,5,29,20
1520424000,8585.86,8348.793600507757,66.91802566275393,12,5,29,21
1520420400,8470.43,8370.909309506345,67.40665974143124,12,5,29,22
1520416800,8467.02,8388.383980505192,62.30211901945534,12,5,29,23
1520413200,8535.93,8415.210529504247,62.15238102787268,12,6,30,0
1520409600,8489.49,8428.715887776201,64.03359736496711,12,6,30,1
1520406000,8470.51,8436.314817271437,61.80407449970597,12,6,30,2
1520402400,8602.93,8466.608486858448,60.8712394511173,12,6,30,3
1520398800,8684.32,8506.19239833873,64.85664916195324,12,6,30,4
1520395200,8648.48,8532.06287136805,67.07631438474479,12,6,30,5
1520391600,8705.78,8563.647803846587,65.12566979148025,12,6,30,6
1520388000,8758.22,8599.02456678357,66.78857601261785,12,6,30,7
1520384400,8773.38,8630.725554641102,68.27930049150527,12,6,30,8
1520380800,8635.62,8631.615453797265,68.71646699869993,12,6,30,9
1520377200,8682.91,8640.941734925034,60.55012131614845,12,6,30,10
1520373600,8712.85,8654.015964938664,62.210360096620676,12,6,30,11
1520370000,8585.91,8641.633062222543,63.26445221878272,12,6,30,12
1520366400,8627.52,8639.067050909352,56.11728640800664,12,6,30,13
1520362800,8652.66,8641.53849619856,57.80022454064638,12,6,30,14
1520359200,8701.89,8652.51149688973,58.82760902967633,12,6,30,15
1520355600,8836.11,8685.89304290978,60.83824856071296,12,6,30,16
1520352000,8872.9,8719.894307835275,65.7492523267963,12,6,30,17
1520348400,8890.17,8750.853524592498,66.97186650700601,12,6,30,18
1520344800,8745.8,8749.934701939315,67.55730798567052,12,6,30,19
1520341200,8819.99,8762.672028859439,58.26033188814784,12,6,30,20
1520337600,8828.7,8774.677114521359,61.21422610280418,12,6,30,21
1520334000,8858.32,8789.88491188111,61.558185589151705,12,6,30,22
1520330400,9134.16,8852.48038244818,62.767417429767846,12,6,30,23
1520326800,9130.36,8903.003949275784,71.6964355184001,12,0,31,0
1520323200,9136.92,8945.534140316551,71.4422523928919,12,0,31,1
1520319600,9165.22,8985.477023895359,71.62924522828065,12,0,31,2
1520316000,9167.32,9018.539383187112,72.4668220247498,12,0,31,3
1520312400,9122.94,9037.521313516727,72.53162638626421,12,0,31,4
1520308800,9105.75,9049.926529240958,68.8438407222794,12,0,31,5
1520305200,9102.89,9059.556251197148,67.41408397179724,12,0,31,6
1520301600,9107.35,9068.246023706757,67.16415909535598,12,0,31,7
1520298000,9121.7,9077.964928487347,67.36733160499506,12,0,31,8
1520294400,9262.47,9111.51130512601,68.05228084187343,12,0,31,9
1520290800,9357.04,9156.15288601219,73.85069073583391,12,0,31,10
1520287200,9358.56,9192.95417946452,76.88580959304011,12,0,31,11
1520283600,9373.29,9225.74251047097,76.93215400831936,12,0,31,12
1520280000,9422.6,9261.53478129443,77.40495222179513,12,0,31,13
1520276400,9441.01,9294.166639240897,78.95962568099566,12,0,31,14
1520272800,9327.64,9300.25270483346,79.5260362136339,12,0,31,15
1520269200,9344.53,9308.303122136467,67.47911009720744,12,0,31,16
1520265600,9337.74,9313.655281748017,68.25075327747007,12,0,31,17
1520262000,9328.29,9316.316139612014,67.55677192864778,12,0,31,18
1520258400,9345.44,9321.611386955285,66.54265693270135,12,0,31,19
1520254800,9353.42,9327.394771145233,67.49626215579633,12,0,31,20
1520251200,9315.39,9325.212085482462,67.95395597419976,12,0,31,21
1520247600,9307.39,9321.971706303832,63.37400320620191,12,0,31,22
1520244000,9289.46,9316.06048697586,62.42093308187893,12,0,31,23
1520240400,9272.34,9308.111307525704,60.234510589151334,1,1,1,0
1520236800,9356.59,9316.925615248301,58.140444741525634,1,1,1,1
1520233200,9365.9,9325.830048839518,64.65296098736108,7,2,18,10
1520229600,9341.49,9328.677312686877,65.29550719746084,7,2,18,11
1520226000,9336.31,9330.065074016537,62.10764757545809,7,2,18,12
1520222400,9356.42,9334.856878740802,61.422334728365136,7,2,18,13
1520218800,9308.98,9330.15199169702,63.12355232486773,7,2,18,14
1520215200,9270.48,9319.302538661197,56.76416242382742,7,2,18,15
1520211600,9266.55,9309.711167995525,52.17059063711078,7,2,18,16
1520208000,9296.23,9307.260046541793,51.71057547224005,7,2,18,17
1520204400,9215.59,9290.592765352376,54.94186335981011,7,2,18,18
1520200800,9217.38,9277.281353470125,45.946003695129654,7,2,18,19
1520197200,9264.51,9274.95928920283,46.15674892699343,7,2,18,20
1520193600,9194.41,9260.313963893224,51.516593191252426,7,2,18,21
1520190000,9189.7,9247.475061367182,44.43190006738072,7,2,18,22
1520186400,9016.42,9205.465050209512,43.99411986831619,7,2,18,23
1520182800,9044.84,9176.260495625964,31.642084423374712,7,3,19,0
1520179200,9036.04,9150.765860057607,34.87186384268861,7,3,19,1
1520175600,9023.66,9127.655703683497,34.33096832017132,7,3,19,2
1520172000,9071.36,9117.420121195588,33.54272690709222,7,3,19,3
1520168400,9105.27,9115.211008250935,39.32338104472011,7,3,19,4
1520164800,9054.26,9104.129006750765,43.111740742168735,7,3,19,5
1520161200,9051.31,9094.525550977898,39.151757782026465,7,3,19,6
1520157600,9122.62,9099.633632618279,38.92905634957434,7,3,19,7
1520154000,9114.72,9102.376608505865,46.80583822139328,7,3,19,8
1520150400,9037.75,9090.626316050253,46.09651589798924,7,3,19,9
1520146800,9006.48,9075.326985859298,39.77234148183381,7,3,19,10
1520143200,9069.51,9074.269352066698,37.5202181476784,7,3,19,11
1520139600,9058.23,9071.353106236389,44.35943888690157,7,3,19,12
1520136000,9050.49,9067.55981419341,43.442938224716535,7,3,19,13
1520132400,9152.82,9083.061666158244,42.78965416725514,7,3,19,14
1520128800,9194.18,9103.264999584017,52.87863751792133,7,3,19,15
1520125200,9166.04,9114.678636023285,56.237823037958165,7,3,19,16
