,Prix,ema,rsi,month,weekday,day,hour
1520434800,8607.9,8173.037945508676,70.18666744781302,12,5,29,18
1520431200,8523.2,8236.703773598007,69.55506090588067,12,5,29,19
1520427600,8563.45,8296.112178398369,66.06966129005617,12,5,29,20
1520424000,8585.86,8348.793600507757,66.91802566275393,12,5,29,21
1520420400,8470.43,8370.909309506345,67.40665974143124,12,5,29,22
1520416800,8467.02,8388.383980505192,62.30211901945534,12,5,29,23
1520413200,8535.93,8415.210529504247,62.15238102787268,12,6,30,0
1520409600,8489.49,8428.715887776201,64.03359736496711,12,6,30,1
1520406000,8470.51,8436.314817271437,61.80407449970597,12,6,30,2
1520402400,8602.93,8466.608486858448,60.8712394511173,12,6,30,3
1520398800,8684.32,8506.19239833873,64.85664916195324,12,6,30,4
1520395200,8648.48,8532.06287136805,67.07631438474479,12,6,30,5
1520391600,8705.78,8563.647803846587,65.12566979148025,12,6,30,6
1520388000,8758.22,8599.02456678357,66.78857601261785,12,6,30,7
1520384400,8773.38,8630.725554641102,68.27930049150527,12,6,30,8
1520380800,8635.62,8631.615453797265,68.71646699869993,12,6,30,9
1520377200,8682.91,8640.941734925034,60.55012131614845,12,6,30,10
1520373600,8712.85,8654.015964938664,62.210360096620676,12,6,30,11
1520370000,8585.91,8641.633062222543,63.26445221878272,12,6,30,12
1520366400,8627.52,8639.067050909352,56.11728640800664,12,6,30,13
1520362800,8652.66,8641.53849619856,57.80022454064638,12,6,30,14
1520359200,8701.89,8652.51149688973,58.82760902967633,12,6,30,15
1520355600,8836.11,8685.89304290978,60.83824856071296,12,6,30,16
1520352000,8872.9,8719.894307835275,65.7492523267963,12,6,30,17
1520348400,8890.17,8750.853524592498,66.97186650700601,12,6,30,18
1520344800,8745.8,8749.934701939315,67.55730798567052,12,6,30,19
1520341200,8819.99,8762.672028859439,58.26033188814784,12,6,30,20
1520337600,8828.7,8774.677114521359,61.21422610280418,12,6,30,21
1520334000,8858.32,8789.88491188111,61.558185589151705,12,6,30,22
1520330400,9134.16,8852.48038244818,62.767417429767846,12,6,30,23
1520326800,9130.36,8903.003949275784,71.6964355184001,12,0,31,0
1520323200,9136.92,8945.534140316551,71.4422523928919,12,0,31,1
1520319600,9165.22,8985.477023895359,71.62924522828065,12,0,31,2
1520316000,9167.32,9018.539383187112,72.4668220247498,12,0,31,3
1520312400,9122.94,9037.521313516727,72.53162638626421,12,0,31,4
1520308800,9105.75,9049.926529240958,68.8438407222794,12,0,31,5
1520305200,9102.89,9059.556251197148,67.41408397179724,12,0,31,6
1520301600,9107.35,9068.246023706757,67.16415909535598,12,0,31,7
1520298000,9121.7,9077.964928487347,67.36733160499506,12,0,31,8
1520294400,9262.47,9111.51130512601,68.05228084187343,12,0,31,9
1520290800,9357.04,9156.15288601219,73.85069073583391,12,0,31,10
1520287200,9358.56,9192.95417946452,76.88580959304011,12,0,31,11
1520283600,9373.29,9225.74251047097,76.93215400831936,12,0,31,12
1520280000,9422.6,9261.53478129443,77.40495222179513,12,0,31,13
1520276400,9441.01,9294.166639240897,78.95962568099566,12,0,31,14
1520272800,9327.64,9300.25270483346,79.5260362136339,12,0,31,15
1520269200,9344.53,9308.303122136467,67.47911009720744,12,0,31,16
1520265600,9337.74,9313.655281748017,68.25075327747007,12,0,31,17
1520262000,9328.29,9316.316139612014,67.55677192864778,12,0,31,18
1520258400,9345.44,9321.611386955285,66.54265693270135,12,0,31,19
1520254800,9353.42,9327.394771145233,67.49626215579633,12,0,31,20
1520251200,9315.39,9325.212085482462,67.95395597419976,12,0,31,21
1520247600,9307.39,9321.971706303832,63.37400320620191,12,0,31,22
1520244000,9289.46,9316.06048697586,62.42093308187893,12,0,31,23
1520240400,9272.34,9308.111307525704,60.234510589151334,1,1,1,0
1520236800,9356.59,9316.925615248301,58.140444741525634,1,1,1,1
1520233200,9365.9,9325.830048839518,64.65296098736108,7,2,18,10
1520229600,9341.49,9328.677312686877,65.29550719746084,7,2,18,11
1520226000,9336.31,9330.065074016537,62.10764757545809,7,2,18,12
1520222400,9356.42,9334.856878740802,61.422334728365136,7,2,18,13
1520218800,9308.98,9330.15199169702,63.12355232486773,7,2,18,14
1520215200,9270.48,9319.302538661197,56.76416242382742,7,2,18,15
1520211600,9266.55,9309.711167995525,52.17059063711078,7,2,18,16
1520208000,9296.23,9307.260046541793,51.71057547224005,7,2,18,17
1520204400,9215.59,9290.592765352376,54.94186335981011,7,2,18,18
1520200800,9217.38,9277.281353470125,45.946003695129654,7,2,18,19
1520197200,9264.51,9274.95928920283,46.15674892699343,7,2,18,20
1520193600,9194.41,9260.313963893224,51.516593191252426,7,2,18,21
1520190000,9189.7,9247.475061367182,44.43190006738072,7,2,18,22
1520186400,9016.42,9205.465050209512,43.99411986831619,7,2,18,23
1520182800,9044.84,9176.260495625964,31.642084423374712,7,3,19,0
1520179200,9036.04,9150.765860057607,34.87186384268861,7,3,19,1
1520175600,9023.66,9127.655703683497,34.33096832017132,7,3,19,2
1520172000,9071.36,9117.420121195588,33.54272690709222,7,3,19,3
1520168400,9105.27,9115.211008250935,39.32338104472011,7,3,19,4
1520164800,9054.26,9104.129006750765,43.111740742168735,7,3,19,5
1520161200,9051.31,9094.525550977898,39.151757782026465,7,3,19,6
1520157600,9122.62,9099.633632618279,38.92905634957434,7,3,19,7
1520154000,9114.72,9102.376608505865,46.80583822139328,7,3,19,8
1520150400,9037.75,9090.626316050253,46.09651589798924,7,3,19,9
1520146800,9006.48,9075.326985859298,39.77234148183381,7,3,19,10
1520143200,9069.51,9074.269352066698,37.5202181476784,7,3,19,11
1520139600,9058.23,9071.353106236389,44.35943888690157,7,3,19,12
1520136000,9050.49,9067.55981419341,43.442938224716535,7,3,19,13
1520132400,9152.82,9083.061666158244,42.78965416725514,7,3,19,14
1520128800,9194.18,9103.264999584017,52.87863751792133,7,3,19,15
1520125200,9166.04,9114.678636023285,56.237823037958165,7,3,19,16
1520121600,9239.67,9137.404338564505,53.446172781895534,7,3,19,17
1520118000,9220.89,9152.583549734594,59.15892125171219,7,3,19,18
1520114400,9136.2,9149.604722510123,57.22989502454655,7,3,19,19
1520110800,9141.35,9148.103863871918,49.40606541571513,7,3,19,20
1520107200,9260.1,9168.466797713387,49.85500080564811,7,3,19,21
1520103600,9273.83,9187.62374358368,58.90904645386827,7,3,19,22
1520100000,9291.59,9206.526699295737,59.81254438823346,7,3,19,23
1520096400,9275.31,9219.032753969239,61.00687908309498,7,4,20,0
1520092800,9256.58,9225.85952597483,59.26806787852058,7,4,20,1
1520089200,9245.05,9229.348703070316,57.24648969075948,7,4,20,2
1520085600,9256.61,9234.305302512077,55.98063513709328,7,4,20,3
1520082000,9227.35,9233.040702055336,57.00710187021887,7,4,20,4
1520078400,9127.6,9213.869665318001,53.600133148763824,7,4,20,5
1520074800,9158.4,9203.78427162382,43.95568282584264,7,4,20,6
1520071200,9164.22,9196.590767692216,47.119625661282164,7,4,20,7
1520067600,9182.77,9194.077900839085,47.72022890711597,7,4,20,8
1520064000,9145.95,9185.327373413797,49.681886124153365,7,4,20,9
1520060400,9164.9,9181.613305520379,45.992917542889245,7,4,20,10
1520056800,9176.05,9180.601795425764,48.12769468610497,7,4,20,11
1520053200,9190.32,9182.368741711987,49.395183167393235,7,4,20,12
1520049600,9151.21,9176.70351594617,51.0439110262853,7,4,20,13
1520046000,9148.91,9171.650149410503,46.56600828666976,7,4,20,14
1520042400,9086.0,9156.07739497223,46.30872107287012,7,4,20,15
1520038800,8993.57,9126.530595886368,39.826833373610626,7,4,20,16
1520035200,8948.98,9094.248669361574,32.60563427115916,7,4,20,17
1520031600,9012.24,9079.338002204924,29.798653808589037,7,4,20,18
1520028000,8942.74,9054.502001804029,37.95888942955349,7,4,20,19
1520024400,8981.45,9041.219819657841,33.3695710918673,7,4,20,20
1520020800,8858.52,9008.001670629143,37.874883894704396,7,4,20,21
1520017200,8860.55,8981.192275969297,30.761460149169295,7,4,20,22
1520013600,8841.72,8955.833680338515,30.991949025894442,7,4,20,23
1520010000,8822.99,8931.68028391333,29.994517887769547,7,5,21,0
1520006400,8809.14,8909.400232292724,28.994913861854783,7,5,21,1
1520002800,8774.65,8884.900190057682,28.245314505301337,7,5,21,2
1519999200,8906.81,8888.883791865375,26.41397348187651,7,5,21,3
1519995600,8946.85,8899.423102435307,41.94651784771485,7,5,21,4
1519992000,8864.89,8893.144356537978,45.687017545051,7,5,21,5
1519988400,8879.98,8890.750837167436,40.00493563951845,7,5,21,6
1519984800,8864.04,8885.89432131881,41.44878721162692,7,5,21,7
1519981200,9033.03,8912.646262897208,40.344269601572435,7,5,21,8
1519977600,9026.69,8933.381487824987,54.260204974935114,7,5,21,9
1519974000,9025.99,8950.219399129533,53.75358696914007,7,5,21,10
1519970400,8947.33,8949.694053833255,53.693977091589915,7,5,21,11
1519966800,8949.92,8949.73513495448,47.340851634748006,7,5,21,12
1519963200,9038.91,8965.948746780938,47.56086440425543,7,5,21,13
1519959600,8996.35,8971.476247366221,54.582291647742046,7,5,21,14
1519956000,9062.81,8988.082384208727,51.06098262218242,7,5,21,15
1519952400,8979.95,8986.603768898049,55.85079660064848,7,5,21,16
1519948800,8871.24,8965.628538189312,49.363831802276195,7,5,21,17
1519945200,8923.59,8957.985167609437,42.40497044026557,7,5,21,18
1519941600,8901.03,8947.629682589539,46.32873571869471,7,5,21,19
1519938000,8985.57,8954.527922118714,44.90883843257114,7,5,21,20
1519934400,8892.1,8943.177390824401,50.97273740712901,7,5,21,21
1519930800,8929.95,8940.77241067451,45.06640812067205,7,5,21,22
1519927200,8878.18,8929.391972370053,47.70873864027715,7,5,21,23
1519923600,8798.09,8905.518886484588,44.55217181009743,7,6,22,0
1519920000,8794.8,8885.388179851027,40.12875786262289,7,6,22,1
1519916400,8841.48,8877.404874423566,39.95327151400372,7,6,22,2
1519912800,8829.28,8868.654897255645,43.714289465994504,7,6,22,3
1519909200,8714.63,8840.65037048189,42.95699700083189,7,6,22,4
1519905600,8731.01,8820.715757667,36.54909637734259,7,6,22,5
1519902000,8795.41,8816.114710818454,37.972700540702604,7,6,22,6
1519898400,8694.8,8794.057490669644,43.35388886725675,7,6,22,7
1519894800,8710.28,8778.825219638798,37.831923195430996,7,6,22,8
1519891200,8622.53,8750.407906977198,39.11684669192172,7,6,22,9
1519887600,8520.12,8708.537378435889,34.734275898898474,7,6,22,10
1519884000,8535.04,8676.992400538455,30.446929896943146,7,6,22,11
1519880400,8555.68,8654.935600440553,31.768309372531803,7,6,22,12
1519876800,8491.65,8625.24730945136,33.64633586964024,7,6,22,13
1519873200,8466.05,8596.302344096566,30.812940255608524,7,6,22,14
1519869600,8528.43,8583.96191789719,29.734799166412387,7,6,22,15
1519866000,8517.04,8571.794296461336,35.643910734434314,7,6,22,16
1519862400,8449.58,8549.573515286547,35.0640719203964,7,6,22,17
1519858800,8543.35,8548.44196705263,31.767845788825042,7,6,22,18
1519855200,8641.96,8565.445245770334,40.185029481783445,7,6,22,19
1519851600,8730.37,8595.43156472118,47.5172576075455,7,6,22,20
1519848000,8651.31,8605.59128022642,53.07153470407286,7,6,22,21
1519844400,8593.85,8603.456502003433,48.16286881436281,7,6,22,22
1519840800,8551.03,8593.924410730082,44.911593228111755,7,6,22,23
1519837200,8525.3,8581.447245142794,42.60350457648008,7,0,23,0
1519833600,8619.11,8588.295018753195,41.23227818987479,7,0,23,1
