,Prix,ema,rsi,month,weekday,day,hour
1520172000,9071.36,9117.420121195588,33.54272690709222,7,3,19,3
1520168400,9105.27,9115.211008250935,39.32338104472011,7,3,19,4
1520164800,9054.26,9104.129006750765,43.111740742168735,7,3,19,5
1520161200,9051.31,9094.525550977898,39.151757782026465,7,3,19,6
1520157600,9122.62,9099.633632618279,38.92905634957434,7,3,19,7
1520154000,9114.72,9102.376608505865,46.80583822139328,7,3,19,8
1520150400,9037.75,9090.626316050253,46.09651589798924,7,3,19,9
1520146800,9006.48,9075.326985859298,39.77234148183381,7,3,19,10
1520143200,9069.51,9074.269352066698,37.5202181476784,7,3,19,11
1520139600,9058.23,9071.353106236389,44.35943888690157,7,3,19,12
1520136000,9050.49,9067.55981419341,43.442938224716535,7,3,19,13
1520132400,9152.82,9083.061666158244,42.78965416725514,7,3,19,14
1520128800,9194.18,9103.264999584017,52.87863751792133,7,3,19,15
1520125200,9166.04,9114.678636023285,56.237823037958165,7,3,19,16
1520121600,9239.67,9137.404338564505,53.446172781895534,7,3,19,17
1520118000,9220.89,9152.583549734594,59.15892125171219,7,3,19,18
1520114400,9136.2,9149.604722510123,57.22989502454655,7,3,19,19
1520110800,9141.35,9148.103863871918,49.40606541571513,7,3,19,20
1520107200,9260.1,9168.466797713387,49.85500080564811,7,3,19,21
1520103600,9273.83,9187.62374358368,58.90904645386827,7,3,19,22
1520100000,9291.59,9206.526699295737,59.81254438823346,7,3,19,23
1520096400,9275.31,9219.032753969239,61.00687908309498,7,4,20,0
1520092800,9256.58,9225.85952597483,59.26806787852058,7,4,20,1
1520089200,9245.05,9229.348703070316,57.24648969075948,7,4,20,2
1520085600,9256.61,9234.305302512077,55.98063513709328,7,4,20,3
1520082000,9227.35,9233.040702055336,57.00710187021887,7,4,20,4
1520078400,9127.6,9213.869665318001,53.600133148763824,7,4,20,5
1520074800,9158.4,9203.78427162382,43.95568282584264,7,4,20,6
1520071200,9164.22,9196.590767692216,47.119625661282164,7,4,20,7
1520067600,9182.77,9194.077900839085,47.72022890711597,7,4,20,8
1520064000,9145.95,9185.327373413797,49.681886124153365,7,4,20,9
1520060400,9164.9,9181.613305520379,45.992917542889245,7,4,20,10
1520056800,9176.05,9180.601795425764,48.12769468610497,7,4,20,11
1520053200,9190.32,9182.368741711987,49.395183167393235,7,4,20,12
1520049600,9151.21,9176.70351594617,51.0439110262853,7,4,20,13
1520046000,9148.91,9171.650149410503,46.56600828666976,7,4,20,14
1520042400,9086.0,9156.07739497223,46.30872107287012,7,4,20,15
1520038800,8993.57,9126.530595886368,39.826833373610626,7,4,20,16
1520035200,8948.98,9094.248669361574,32.60563427115916,7,4,20,17
1520031600,9012.24,9079.338002204924,29.798653808589037,7,4,20,18
1520028000,8942.74,9054.502001804029,37.95888942955349,7,4,20,19
1520024400,8981.45,9041.219819657841,33.3695710918673,7,4,20,20
1520020800,8858.52,9008.001670629143,37.874883894704396,7,4,20,21
1520017200,8860.55,8981.192275969297,30.761460149169295,7,4,20,22
1520013600,8841.72,8955.833680338515,30.991949025894442,7,4,20,23
1520010000,8822.99,8931.68028391333,29.994517887769547,7,5,21,0
1520006400,8809.14,8909.400232292724,28.994913861854783,7,5,21,1
1520002800,8774.65,8884.900190057682,28.245314505301337,7,5,21,2
1519999200,8906.81,8888.883791865375,26.41397348187651,7,5,21,3
1519995600,8946.85,8899.423102435307,41.94651784771485,7,5,21,4
1519992000,8864.89,8893.144356537978,45.687017545051,7,5,21,5
1519988400,8879.98,8890.750837167436,40.00493563951845,7,5,21,6
1519984800,8864.04,8885.89432131881,41.44878721162692,7,5,21,7
1519981200,9033.03,8912.646262897208,40.344269601572435,7,5,21,8
1519977600,9026.69,8933.381487824987,54.260204974935114,7,5,21,9
1519974000,9025.99,8950.219399129533,53.75358696914007,7,5,21,10
1519970400,8947.33,8949.694053833255,53.693977091589915,7,5,21,11
1519966800,8949.92,8949.73513495448,47.340851634748006,7,5,21,12
1519963200,9038.91,8965.948746780938,47.56086440425543,7,5,21,13
1519959600,8996.35,8971.476247366221,54.582291647742046,7,5,21,14
1519956000,9062.81,8988.082384208727,51.06098262218242,7,5,21,15
1519952400,8979.95,8986.603768898049,55.85079660064848,7,5,21,16
1519948800,8871.24,8965.628538189312,49.363831802276195,7,5,21,17
1519945200,8923.59,8957.985167609437,42.40497044026557,7,5,21,18
1519941600,8901.03,8947.629682589539,46.32873571869471,7,5,21,19
1519938000,8985.57,8954.527922118714,44.90883843257114,7,5,21,20
1519934400,8892.1,8943.177390824401,50.97273740712901,7,5,21,21
1519930800,8929.95,8940.77241067451,45.06640812067205,7,5,21,22
1519927200,8878.18,8929.391972370053,47.70873864027715,7,5,21,23
1519923600,8798.09,8905.518886484588,44.55217181009743,7,6,22,0
1519920000,8794.8,8885.388179851027,40.12875786262289,7,6,22,1
1519916400,8841.48,8877.404874423566,39.95327151400372,7,6,22,2
1519912800,8829.28,8868.654897255645,43.714289465994504,7,6,22,3
1519909200,8714.63,8840.65037048189,42.95699700083189,7,6,22,4
1519905600,8731.01,8820.715757667,36.54909637734259,7,6,22,5
1519902000,8795.41,8816.114710818454,37.972700540702604,7,6,22,6
1519898400,8694.8,8794.057490669644,43.35388886725675,7,6,22,7
1519894800,8710.28,8778.825219638798,37.831923195430996,7,6,22,8
1519891200,8622.53,8750.407906977198,39.11684669192172,7,6,22,9
1519887600,8520.12,8708.537378435889,34.734275898898474,7,6,22,10
1519884000,8535.04,8676.992400538455,30.446929896943146,7,6,22,11
1519880400,8555.68,8654.935600440553,31.768309372531803,7,6,22,12
1519876800,8491.65,8625.24730945136,33.64633586964024,7,6,22,13
1519873200,8466.05,8596.302344096566,30.812940255608524,7,6,22,14
1519869600,8528.43,8583.96191789719,29.734799166412387,7,6,22,15
1519866000,8517.04,8571.794296461336,35.643910734434314,7,6,22,16
1519862400,8449.58,8549.573515286547,35.0640719203964,7,6,22,17
1519858800,8543.35,8548.44196705263,31.767845788825042,7,6,22,18
1519855200,8641.96,8565.445245770334,40.185029481783445,7,6,22,19
1519851600,8730.37,8595.43156472118,47.5172576075455,7,6,22,20
1519848000,8651.31,8605.59128022642,53.07153470407286,7,6,22,21
1519844400,8593.85,8603.456502003433,48.16286881436281,7,6,22,22
1519840800,8551.03,8593.924410730082,44.911593228111755,7,6,22,23
1519837200,8525.3,8581.447245142794,42.60350457648008,7,0,23,0
1519833600,8619.11,8588.295018753195,41.23227818987479,7,0,23,1
1519830000,8611.49,8592.512288070795,47.82574906033842,7,0,23,2
1519826400,8573.65,8589.082781148833,47.36092782849358,7,0,23,3
1519822800,8514.24,8575.475002758136,45.02090939027564,7,0,23,4
1519819200,8653.22,8589.610456802111,41.549852940983556,7,0,23,5
1519815600,8657.5,8601.954010110818,51.056362602185786,7,0,23,6
1519812000,8676.36,8615.48237190885,51.318948609759595,7,0,23,7
1519808400,8595.96,8611.932849743604,52.52759477060922,7,0,23,8
1519804800,8805.7,8647.163240699312,47.15297917067859,7,0,23,9
1519801200,8859.25,8685.724469663073,58.95233396009661,7,0,23,10
1519797600,8951.25,8734.001838815242,61.326515630160564,7,0,23,11
1519794000,8910.69,8766.126959030653,65.06502871924928,7,0,23,12
1519790400,8896.13,8789.763875570534,62.209810641047326,7,0,23,13
1519786800,8742.35,8781.143170921347,61.17206031376978,7,0,23,14
1519783200,8743.83,8774.358958026556,51.41635921546376,7,0,23,15
1519779600,8706.93,8762.099147476272,51.49653158420683,7,0,23,16
1519776000,8632.0,8738.44475702604,49.31162291249664,7,0,23,17
1519772400,8770.7,8744.309346657668,45.12479949900731,7,0,23,18
1519768800,8778.52,8750.529465447184,53.06822364141343,7,0,23,19
1519765200,8728.77,8746.573199002241,53.47711995960608,7,0,23,20
1519761600,8736.79,8744.794435547288,50.46476936757636,7,0,23,21
1519758000,8682.9,8733.540901811417,50.944493139419905,7,0,23,22
1519754400,8637.96,8716.162556027522,47.608105894276825,7,0,23,23
1519750800,8676.03,8708.865727658882,44.96356945817737,7,1,24,0
1519747200,8633.74,8695.206504448175,47.61808059608463,7,1,24,1
1519743600,8698.58,8695.819867275779,45.0204147981498,7,1,24,2
1519740000,8833.91,8720.927164134728,49.56345638088402,7,1,24,3
1519736400,8678.43,8713.200407019322,57.463703659460045,7,1,24,4
1519732800,8689.06,8708.811242106716,48.13499675514981,7,1,24,5
1519729200,8642.2,8696.700107178222,48.74760859292919,7,1,24,6
1519725600,8734.89,8703.643724054908,46.15925576499963,7,1,24,7
1519722000,8699.96,8702.973956044923,51.63017109326803,7,1,24,8
1519718400,8621.64,8688.185964036755,49.58536179134406,7,1,24,9
1519714800,8372.45,8630.779425120982,45.257270777125854,7,1,24,10
1519711200,8378.55,8584.91952964444,34.83797408331675,7,1,24,11
1519707600,8371.19,8546.059615163631,35.23107192769889,7,1,24,12
1519704000,8351.93,8510.763321497516,34.95705738401142,7,1,24,13
1519700400,8265.91,8466.244535770695,34.20728487376053,7,1,24,14
1519696800,8279.81,8432.34734744875,31.008378419756454,7,1,24,15
1519693200,8421.74,8430.418738821703,32.1131403506606,7,1,24,16
1519689600,8371.54,8419.713513581393,42.27713270040596,7,1,24,17
1519686000,8418.91,8419.567420202959,39.996204631466256,7,1,24,18
1519682400,8437.77,8422.876980166056,43.115008831927916,7,1,24,19
1519678800,8353.45,8410.253892863137,44.355111530277654,7,1,24,20
1519675200,8327.25,8395.16227597893,40.14174010899436,7,1,24,21
1519671600,8334.19,8384.076407619124,38.9050871558038,7,1,24,22
1519668000,8285.66,8366.182515324737,39.43731747356982,7,1,24,23
1519664400,8299.92,8354.134785265695,37.009357041991755,7,2,25,0
1519660800,8366.52,8356.386642490113,38.21307499436715,7,2,25,1
1519657200,8306.4,8347.298162037365,43.63094792536686,7,2,25,2
1519653600,8243.66,8328.454859848753,40.20382971920633,7,2,25,3
1519650000,8004.83,8269.613976239889,36.94266398005809,7,2,25,4
1519646400,7921.1,8206.247798741728,27.723643186324836,7,2,25,5
1519642800,7885.0,8147.839108061414,25.33649180214131,7,2,25,6
1519639200,7709.86,8068.206542959339,24.362484893319092,7,2,25,7
1519635600,7697.6,8000.82353514855,20.287649130717327,7,2,25,8
1519632000,7717.4,7949.291983303358,20.03502879648309,7,2,25,9
1519628400,7673.14,7899.082531793656,21.73011076015429,7,2,25,10
1519624800,7819.12,7884.543889649355,20.675070992477856,7,2,25,11
1519621200,7879.82,7883.685000622199,32.3428277204043,7,2,25,12
1519617600,7842.68,7876.229545963617,36.5237216042975,7,2,25,13
1519614000,7920.66,7884.307810333868,35.09471285674083,7,2,25,14
1519610400,7912.97,7889.519117545891,40.37005115157046,7,2,25,15
1519606800,7812.53,7875.52109617391,40.02456972542482,7,2,25,16
1519603200,7797.07,7861.257260505926,35.72431340945579,7,2,25,17
1519599600,7888.66,7866.239576777575,35.099209132471955,7,2,25,18
1519596000,7827.82,7859.2541991816515,41.61697054671857,7,2,25,19
1519592400,7818.61,7851.864344784987,38.82754825256014,7,2,25,20
1519588800,7714.89,7826.959918460443,38.407867447030846,7,2,25,21
1519585200,7696.56,7803.250842376725,33.95653466684527,7,2,25,22
1519581600,7646.23,7774.701598308229,33.223705777837736,7,2,25,23
1519578000,7668.23,7755.343125888551,31.230693409310945,7,3,26,0
1519574400,7687.25,7742.962557545177,33.119307040251414,7,3,26,1
1519570800,7677.27,7731.018456173326,34.786771892373,7,3,26,2
