,Prix,ema,rsi,month,weekday,day,hour
1519801200,8859.25,8685.724469663073,58.95233396009661,7,0,23,10
1519797600,8951.25,8734.001838815242,61.326515630160564,7,0,23,11
1519794000,8910.69,8766.126959030653,65.06502871924928,7,0,23,12
1519790400,8896.13,8789.763875570534,62.209810641047326,7,0,23,13
1519786800,8742.35,8781.143170921347,61.17206031376978,7,0,23,14
1519783200,8743.83,8774.358958026556,51.41635921546376,7,0,23,15
1519779600,8706.93,8762.099147476272,51.49653158420683,7,0,23,16
1519776000,8632.0,8738.44475702604,49.31162291249664,7,0,23,17
1519772400,8770.7,8744.309346657668,45.12479949900731,7,0,23,18
1519768800,8778.52,8750.529465447184,53.06822364141343,7,0,23,19
1519765200,8728.77,8746.573199002241,53.47711995960608,7,0,23,20
1519761600,8736.79,8744.794435547288,50.46476936757636,7,0,23,21
1519758000,8682.9,8733.540901811417,50.944493139419905,7,0,23,22
1519754400,8637.96,8716.162556027522,47.608105894276825,7,0,23,23
1519750800,8676.03,8708.865727658882,44.96356945817737,7,1,24,0
1519747200,8633.74,8695.206504448175,47.61808059608463,7,1,24,1
1519743600,8698.58,8695.819867275779,45.0204147981498,7,1,24,2
1519740000,8833.91,8720.927164134728,49.56345638088402,7,1,24,3
1519736400,8678.43,8713.200407019322,57.463703659460045,7,1,24,4
1519732800,8689.06,8708.811242106716,48.13499675514981,7,1,24,5
1519729200,8642.2,8696.700107178222,48.74760859292919,7,1,24,6
1519725600,8734.89,8703.643724054908,46.15925576499963,7,1,24,7
1519722000,8699.96,8702.973956044923,51.63017109326803,7,1,24,8
1519718400,8621.64,8688.185964036755,49.58536179134406,7,1,24,9
1519714800,8372.45,8630.779425120982,45.257270777125854,7,1,24,10
1519711200,8378.55,8584.91952964444,34.83797408331675,7,1,24,11
1519707600,8371.19,8546.059615163631,35.23107192769889,7,1,24,12
1519704000,8351.93,8510.763321497516,34.95705738401142,7,1,24,13
1519700400,8265.91,8466.244535770695,34.20728487376053,7,1,24,14
1519696800,8279.81,8432.34734744875,31.008378419756454,7,1,24,15
1519693200,8421.74,8430.418738821703,32.1131403506606,7,1,24,16
1519689600,8371.54,8419.713513581393,42.27713270040596,7,1,24,17
1519686000,8418.91,8419.567420202959,39.996204631466256,7,1,24,18
1519682400,8437.77,8422.876980166056,43.115008831927916,7,1,24,19
1519678800,8353.45,8410.253892863137,44.355111530277654,7,1,24,20
1519675200,8327.25,8395.16227597893,40.14174010899436,7,1,24,21
1519671600,8334.19,8384.076407619124,38.9050871558038,7,1,24,22
1519668000,8285.66,8366.182515324737,39.43731747356982,7,1,24,23
1519664400,8299.92,8354.134785265695,37.009357041991755,7,2,25,0
1519660800,8366.52,8356.386642490113,38.21307499436715,7,2,25,1
1519657200,8306.4,8347.298162037365,43.63094792536686,7,2,25,2
1519653600,8243.66,8328.454859848753,40.20382971920633,7,2,25,3
1519650000,8004.83,8269.613976239889,36.94266398005809,7,2,25,4
1519646400,7921.1,8206.247798741728,27.723643186324836,7,2,25,5
1519642800,7885.0,8147.839108061414,25.33649180214131,7,2,25,6
1519639200,7709.86,8068.206542959339,24.362484893319092,7,2,25,7
1519635600,7697.6,8000.82353514855,20.287649130717327,7,2,25,8
1519632000,7717.4,7949.291983303358,20.03502879648309,7,2,25,9
1519628400,7673.14,7899.082531793656,21.73011076015429,7,2,25,10
1519624800,7819.12,7884.543889649355,20.675070992477856,7,2,25,11
1519621200,7879.82,7883.685000622199,32.3428277204043,7,2,25,12
1519617600,7842.68,7876.229545963617,36.5237216042975,7,2,25,13
1519614000,7920.66,7884.307810333868,35.09471285674083,7,2,25,14
1519610400,7912.97,7889.519117545891,40.37005115157046,7,2,25,15
1519606800,7812.53,7875.52109617391,40.02456972542482,7,2,25,16
1519603200,7797.07,7861.257260505926,35.72431340945579,7,2,25,17
1519599600,7888.66,7866.239576777575,35.099209132471955,7,2,25,18
1519596000,7827.82,7859.2541991816515,41.61697054671857,7,2,25,19
1519592400,7818.61,7851.864344784987,38.82754825256014,7,2,25,20
1519588800,7714.89,7826.959918460443,38.407867447030846,7,2,25,21
1519585200,7696.56,7803.250842376725,33.95653466684527,7,2,25,22
1519581600,7646.23,7774.701598308229,33.223705777837736,7,2,25,23
1519578000,7668.23,7755.343125888551,31.230693409310945,7,3,26,0
1519574400,7687.25,7742.962557545177,33.119307040251414,7,3,26,1
1519570800,7677.27,7731.018456173326,34.786771892373,7,3,26,2
1519567200,7736.52,7732.018736869085,34.30349173397269,7,3,26,3
1519563600,7770.36,7738.98987562016,39.66284246325401,7,3,26,4
1519560000,7872.43,7763.251716416495,42.54567428184481,7,3,26,5
1519556400,7883.54,7785.122313431677,50.2645331851356,7,3,26,6
1519552800,7828.53,7793.014620080463,51.035633949656734,7,3,26,7
1519549200,7838.14,7801.219234611287,47.13860252556892,7,3,26,8
1519545600,7937.46,7825.99028286378,47.887238865204026,7,3,26,9
1519542000,7979.82,7853.959322343092,54.98311055523048,7,3,26,10
1519538400,7931.86,7868.123081917075,57.632802185463646,7,3,26,11
1519534800,7916.45,7876.909794295789,53.77360549295647,7,3,26,12
1519531200,7807.92,7864.366195332918,52.555860159747056,7,3,26,13
1519527600,7827.7,7857.699614363296,44.85211221440007,7,3,26,14
1519524000,7955.31,7875.446957206333,46.3943545261691,7,3,26,15
1519520400,7850.35,7870.883874077908,55.11532675297736,7,3,26,16
1519516800,7891.32,7874.59953333647,48.17332396035697,7,3,26,17
1519513200,7846.28,7869.450527275292,50.779394545946644,7,3,26,18
1519509600,7740.25,7845.959522316148,47.92625251534595,7,3,26,19
1519506000,7650.65,7810.448700076848,41.950554503559424,7,3,26,20
1519502400,7807.78,7809.963481881057,37.675531203064864,7,3,26,21
1519498800,7814.56,7810.799212448137,47.73446529273268,7,3,26,22
1519495200,7871.19,7821.779355639384,48.123527530656105,7,3,26,23
1519491600,7979.96,7850.539472795859,51.37910604389813,7,4,27,0
1519488000,7963.34,7871.048659560248,56.96538830135087,7,4,27,1
1519484400,7964.77,7888.088903276566,55.90836800786928,7,4,27,2
1519480800,7871.83,7885.132739044463,55.98404643190643,7,4,27,3
1519477200,7990.75,7904.335877400015,49.979760196499114,7,4,27,4
1519473600,7988.86,7919.703899690921,56.42024813500901,7,4,27,5
1519470000,7987.54,7932.037736110753,56.29618477122112,7,4,27,6
1519466400,8208.18,7982.245420454252,56.20323107703109,7,4,27,7
1519462800,8196.17,8021.140798553479,66.23806200742897,7,4,27,8
1519459200,8272.0,8066.751562452846,65.36020289519257,7,4,27,9
1519455600,8315.18,8111.920369279601,68.22373940397428,7,4,27,10
1519452000,8525.51,8187.118483956037,69.756874152371,7,4,27,11
1519448400,8474.19,8239.313305054939,75.86522596880681,7,4,27,12
1519444800,8481.07,8283.269067772222,72.04180547512952,7,4,27,13
1519441200,8508.76,8324.267419086364,72.24376130544914,7,4,27,14
1519437600,8431.93,8343.842433797934,73.08639410992316,7,4,27,15
1519434000,8411.48,8356.1401731074,67.00789593048643,7,4,27,16
1519430400,8266.8,8339.896505269691,65.44762222062326,7,4,27,17
1519426800,8256.07,8324.655322493383,55.58615925411842,7,4,27,18
1519423200,8079.32,8280.048900221858,54.925169411607044,7,4,27,19
1519419600,8128.17,8252.434554726975,45.35721890712866,7,4,27,20
1519416000,8172.32,8237.868272049342,48.05071835201011,7,4,27,21
1519412400,8313.41,8251.603131676733,50.4289964151588,7,4,27,22
1519408800,8239.73,8249.44438046278,57.17612859990907,7,4,27,23
1519405200,8207.37,8241.79449310591,53.11065424766439,7,5,28,0
1519401600,8421.58,8274.482767086654,51.38260476163879,7,5,28,1
1519398000,8405.61,8298.324082161807,60.53615949469763,7,5,28,2
1519394400,8326.64,8303.47243085966,59.6346984143547,7,5,28,3
1519390800,8329.98,8308.291988885176,55.253117761894785,7,5,28,4
1519387200,8342.21,8314.458899996962,55.4023671649751,7,5,28,5
1519383600,8166.32,8287.524554542968,55.98133095479257,7,5,28,6
1519380000,8243.47,8279.514635535155,46.60969821380192,7,5,28,7
1519376400,8078.05,8242.884701801491,50.5222612644624,7,5,28,8
1519372800,8057.63,8209.202028746675,43.21045634348882,7,5,28,9
1519369200,7998.17,8170.832568974552,42.39480075026336,7,5,28,10
1519365600,8003.82,8140.466647342814,40.02555979744171,7,5,28,11
1519362000,8021.21,8118.783620553211,40.366591296063916,7,5,28,12
1519358400,7967.26,8091.233871361718,41.46976618365395,7,5,28,13
1519354800,7911.19,8058.498622023224,39.055875176443074,7,5,28,14
1519351200,7897.28,8029.186145291728,36.66704244110506,7,5,28,15
1519347600,7852.45,7997.052300693232,36.077497348789244,7,5,28,16
1519344000,7984.35,7994.74279147628,34.170630237310675,7,5,28,17
1519340400,8077.6,8009.807738480593,43.61379618572791,7,5,28,18
1519336800,8053.79,8017.804513302303,49.16571805952271,7,5,28,19
1519333200,8190.04,8049.120056338247,47.86965531203439,7,5,28,20
1519329600,8149.11,8067.300046094929,55.154846525765045,7,5,28,21
1519326000,8046.88,8063.587310441305,52.76912279520459,7,5,28,22
1519322400,7979.06,8048.218708542886,47.269433360072114,7,5,28,23
1519318800,8054.09,8049.2862160805425,43.9936695023196,7,6,29,0
1519315200,8140.91,8065.94508588408,48.265139110785846,7,6,29,1
1519311600,8014.27,8056.549615723338,52.755308621557006,7,6,29,2
1519308000,8011.14,8048.293321955459,46.42574029561749,7,6,29,3
1519304400,8061.22,8050.643627054466,46.27795195453849,7,6,29,4
1519300800,8355.98,8106.159331226381,49.071443549833944,7,6,29,5
1519297200,8238.98,8130.308543730675,61.696256223038816,7,6,29,6
1519293600,8425.74,8184.023353961461,55.78496028754157,7,6,29,7
1519290000,8522.41,8245.54819869574,62.03756085840276,7,6,29,8
1519286400,8679.76,8324.495798932878,64.81142320498327,7,6,29,9
1519282800,8890.21,8427.352926399626,68.80674043125758,7,6,29,10
1519279200,8836.27,8501.701485236057,73.1910068376156,7,6,29,11
1519275600,8755.87,8547.913942465864,70.4575609726848,7,6,29,12
1519272000,8750.23,8584.698680199343,66.47259013670627,7,6,29,13
1519268400,8772.45,8618.83528379946,66.18977919162253,7,6,29,14
1519264800,8675.79,8629.190686745012,66.78926883209257,7,6,29,15
1519261200,8555.14,8615.726925518646,61.66687423608871,7,6,29,16
1519257600,8519.99,8598.320211787983,55.90357532666472,7,6,29,17
1519254000,8528.41,8585.609264190167,54.31103665213896,7,6,29,18
1519250400,8368.37,8546.11121615559,54.6443504104662,7,6,29,19
1519246800,8436.37,8526.158267763665,47.544583111981645,7,6,29,20
1519243200,8454.96,8513.213128170271,50.488144532250814,7,6,29,21
1519239600,8579.06,8525.185286684768,51.29283849089215,7,6,29,22
1519236000,8560.21,8531.553416378445,56.38849019836714,7,6,29,23
1519232400,8498.95,8525.625522491455,55.43973897676188,7,0,30,0
1519228800,8599.96,8539.140882038462,52.35666344087045,7,0,30,1
1519225200,8645.47,8558.47344894056,56.63858310765195,7,0,30,2
1519221600,8731.19,8589.876458224095,58.45046411095155,7,0,30,3
1519218000,9003.63,8665.104374910623,61.69699172542882,7,0,30,4
1519214400,8928.54,8713.001761290509,69.77923282784762,7,0,30,5
1519210800,8929.56,8752.375986510415,65.66642687787288,7,0,30,6
1519207200,9105.17,8816.52035259943,65.69600424346805,7,0,30,7
1519203600,9009.77,8851.656652126805,70.42059011004503,7,0,30,8
1519200000,9099.45,8896.70998810375,65.16952495601907,7,0,30,9
