,Prix,ema,rsi,month,weekday,day,hour
1519642800,7885.0,8147.839108061414,25.33649180214131,7,2,25,6
1519639200,7709.86,8068.206542959339,24.362484893319092,7,2,25,7
1519635600,7697.6,8000.82353514855,20.287649130717327,7,2,25,8
1519632000,7717.4,7949.291983303358,20.03502879648309,7,2,25,9
1519628400,7673.14,7899.082531793656,21.73011076015429,7,2,25,10
1519624800,7819.12,7884.543889649355,20.675070992477856,7,2,25,11
1519621200,7879.82,7883.685000622199,32.3428277204043,7,2,25,12
1519617600,7842.68,7876.229545963617,36.5237216042975,7,2,25,13
1519614000,7920.66,7884.307810333868,35.09471285674083,7,2,25,14
1519610400,7912.97,7889.519117545891,40.37005115157046,7,2,25,15
1519606800,7812.53,7875.52109617391,40.02456972542482,7,2,25,16
1519603200,7797.07,7861.257260505926,35.72431340945579,7,2,25,17
1519599600,7888.66,7866.239576777575,35.099209132471955,7,2,25,18
1519596000,7827.82,7859.2541991816515,41.61697054671857,7,2,25,19
1519592400,7818.61,7851.864344784987,38.82754825256014,7,2,25,20
1519588800,7714.89,7826.959918460443,38.407867447030846,7,2,25,21
1519585200,7696.56,7803.250842376725,33.95653466684527,7,2,25,22
1519581600,7646.23,7774.701598308229,33.223705777837736,7,2,25,23
1519578000,7668.23,7755.343125888551,31.230693409310945,7,3,26,0
1519574400,7687.25,7742.962557545177,33.119307040251414,7,3,26,1
1519570800,7677.27,7731.018456173326,34.786771892373,7,3,26,2
1519567200,7736.52,7732.018736869085,34.30349173397269,7,3,26,3
1519563600,7770.36,7738.98987562016,39.66284246325401,7,3,26,4
1519560000,7872.43,7763.251716416495,42.54567428184481,7,3,26,5
1519556400,7883.54,7785.122313431677,50.2645331851356,7,3,26,6
1519552800,7828.53,7793.014620080463,51.035633949656734,7,3,26,7
1519549200,7838.14,7801.219234611287,47.13860252556892,7,3,26,8
1519545600,7937.46,7825.99028286378,47.887238865204026,7,3,26,9
1519542000,7979.82,7853.959322343092,54.98311055523048,7,3,26,10
1519538400,7931.86,7868.123081917075,57.632802185463646,7,3,26,11
1519534800,7916.45,7876.909794295789,53.77360549295647,7,3,26,12
1519531200,7807.92,7864.366195332918,52.555860159747056,7,3,26,13
1519527600,7827.7,7857.699614363296,44.85211221440007,7,3,26,14
1519524000,7955.31,7875.446957206333,46.3943545261691,7,3,26,15
1519520400,7850.35,7870.883874077908,55.11532675297736,7,3,26,16
1519516800,7891.32,7874.59953333647,48.17332396035697,7,3,26,17
1519513200,7846.28,7869.450527275292,50.779394545946644,7,3,26,18
1519509600,7740.25,7845.959522316148,47.92625251534595,7,3,26,19
1519506000,7650.65,7810.448700076848,41.950554503559424,7,3,26,20
1519502400,7807.78,7809.963481881057,37.675531203064864,7,3,26,21
1519498800,7814.56,7810.799212448137,47.73446529273268,7,3,26,22
1519495200,7871.19,7821.779355639384,48.123527530656105,7,3,26,23
1519491600,7979.96,7850.539472795859,51.37910604389813,7,4,27,0
1519488000,7963.34,7871.048659560248,56.96538830135087,7,4,27,1
1519484400,7964.77,7888.088903276566,55.90836800786928,7,4,27,2
1519480800,7871.83,7885.132739044463,55.98404643190643,7,4,27,3
1519477200,7990.75,7904.335877400015,49.979760196499114,7,4,27,4
1519473600,7988.86,7919.703899690921,56.42024813500901,7,4,27,5
1519470000,7987.54,7932.037736110753,56.29618477122112,7,4,27,6
1519466400,8208.18,7982.245420454252,56.20323107703109,7,4,27,7
1519462800,8196.17,8021.140798553479,66.23806200742897,7,4,27,8
1519459200,8272.0,8066.751562452846,65.36020289519257,7,4,27,9
1519455600,8315.18,8111.920369279601,68.22373940397428,7,4,27,10
1519452000,8525.51,8187.118483956037,69.756874152371,7,4,27,11
1519448400,8474.19,8239.313305054939,75.86522596880681,7,4,27,12
1519444800,8481.07,8283.269067772222,72.04180547512952,7,4,27,13
1519441200,8508.76,8324.267419086364,72.24376130544914,7,4,27,14
1519437600,8431.93,8343.842433797934,73.08639410992316,7,4,27,15
1519434000,8411.48,8356.1401731074,67.00789593048643,7,4,27,16
1519430400,8266.8,8339.896505269691,65.44762222062326,7,4,27,17
1519426800,8256.07,8324.655322493383,55.58615925411842,7,4,27,18
1519423200,8079.32,8280.048900221858,54.925169411607044,7,4,27,19
1519419600,8128.17,8252.434554726975,45.35721890712866,7,4,27,20
1519416000,8172.32,8237.868272049342,48.05071835201011,7,4,27,21
1519412400,8313.41,8251.603131676733,50.4289964151588,7,4,27,22
1519408800,8239.73,8249.44438046278,57.17612859990907,7,4,27,23
1519405200,8207.37,8241.79449310591,53.11065424766439,7,5,28,0
1519401600,8421.58,8274.482767086654,51.38260476163879,7,5,28,1
1519398000,8405.61,8298.324082161807,60.53615949469763,7,5,28,2
1519394400,8326.64,8303.47243085966,59.6346984143547,7,5,28,3
1519390800,8329.98,8308.291988885176,55.253117761894785,7,5,28,4
1519387200,8342.21,8314.458899996962,55.4023671649751,7,5,28,5
1519383600,8166.32,8287.524554542968,55.98133095479257,7,5,28,6
1519380000,8243.47,8279.514635535155,46.60969821380192,7,5,28,7
1519376400,8078.05,8242.884701801491,50.5222612644624,7,5,28,8
1519372800,8057.63,8209.202028746675,43.21045634348882,7,5,28,9
1519369200,7998.17,8170.832568974552,42.39480075026336,7,5,28,10
1519365600,8003.82,8140.466647342814,40.02555979744171,7,5,28,11
1519362000,8021.21,8118.783620553211,40.366591296063916,7,5,28,12
1519358400,7967.26,8091.233871361718,41.46976618365395,7,5,28,13
1519354800,7911.19,8058.498622023224,39.055875176443074,7,5,28,14
1519351200,7897.28,8029.186145291728,36.66704244110506,7,5,28,15
1519347600,7852.45,7997.052300693232,36.077497348789244,7,5,28,16
1519344000,7984.35,7994.74279147628,34.170630237310675,7,5,28,17
1519340400,8077.6,8009.807738480593,43.61379618572791,7,5,28,18
1519336800,8053.79,8017.804513302303,49.16571805952271,7,5,28,19
1519333200,8190.04,8049.120056338247,47.86965531203439,7,5,28,20
1519329600,8149.11,8067.300046094929,55.154846525765045,7,5,28,21
1519326000,8046.88,8063.587310441305,52.76912279520459,7,5,28,22
1519322400,7979.06,8048.218708542886,47.269433360072114,7,5,28,23
1519318800,8054.09,8049.2862160805425,43.9936695023196,7,6,29,0
1519315200,8140.91,8065.94508588408,48.265139110785846,7,6,29,1
1519311600,8014.27,8056.549615723338,52.755308621557006,7,6,29,2
1519308000,8011.14,8048.293321955459,46.42574029561749,7,6,29,3
1519304400,8061.22,8050.643627054466,46.27795195453849,7,6,29,4
1519300800,8355.98,8106.159331226381,49.071443549833944,7,6,29,5
1519297200,8238.98,8130.308543730675,61.696256223038816,7,6,29,6
1519293600,8425.74,8184.023353961461,55.78496028754157,7,6,29,7
1519290000,8522.41,8245.54819869574,62.03756085840276,7,6,29,8
1519286400,8679.76,8324.495798932878,64.81142320498327,7,6,29,9
1519282800,8890.21,8427.352926399626,68.80674043125758,7,6,29,10
1519279200,8836.27,8501.701485236057,73.1910068376156,7,6,29,11
1519275600,8755.87,8547.913942465864,70.4575609726848,7,6,29,12
1519272000,8750.23,8584.698680199343,66.47259013670627,7,6,29,13
1519268400,8772.45,8618.83528379946,66.18977919162253,7,6,29,14
1519264800,8675.79,8629.190686745012,66.78926883209257,7,6,29,15
1519261200,8555.14,8615.726925518646,61.66687423608871,7,6,29,16
1519257600,8519.99,8598.320211787983,55.90357532666472,7,6,29,17
1519254000,8528.41,8585.609264190167,54.31103665213896,7,6,29,18
1519250400,8368.37,8546.11121615559,54.6443504104662,7,6,29,19
1519246800,8436.37,8526.158267763665,47.544583111981645,7,6,29,20
1519243200,8454.96,8513.213128170271,50.488144532250814,7,6,29,21
1519239600,8579.06,8525.185286684768,51.29283849089215,7,6,29,22
1519236000,8560.21,8531.553416378445,56.38849019836714,7,6,29,23
1519232400,8498.95,8525.625522491455,55.43973897676188,7,0,30,0
1519228800,8599.96,8539.140882038462,52.35666344087045,7,0,30,1
1519225200,8645.47,8558.47344894056,56.63858310765195,7,0,30,2
1519221600,8731.19,8589.876458224095,58.45046411095155,7,0,30,3
1519218000,9003.63,8665.104374910623,61.69699172542882,7,0,30,4
1519214400,8928.54,8713.001761290509,69.77923282784762,7,0,30,5
1519210800,8929.56,8752.375986510415,65.66642687787288,7,0,30,6
1519207200,9105.17,8816.52035259943,65.69600424346805,7,0,30,7
1519203600,9009.77,8851.656652126805,70.42059011004503,7,0,30,8
1519200000,9099.45,8896.70998810375,65.16952495601907,7,0,30,9
1519196400,9043.83,8923.459081175795,67.61426880453956,7,0,30,10
1519192800,8833.13,8907.035611871104,64.58641293975786,7,0,30,11
1519189200,8779.66,8883.87640971272,54.609750686320695,7,0,30,12
1519185600,8897.34,8886.324335219499,52.39774111554187,7,0,30,13
1519182000,8987.71,8904.758092452317,56.56748118753953,7,0,30,14
1519178400,9058.04,8932.62753018826,59.50127178630332,7,0,30,15
1519174800,9000.9,8945.040706517666,61.67117621729446,7,0,30,16
1519171200,9126.83,8978.093305332635,58.90952368867862,7,0,30,17
1519167600,9283.99,9033.710886181247,62.85714706967601,7,0,30,18
1519164000,9509.8,9120.2725432392,67.10458816871753,7,0,30,19
1519160400,9529.04,9194.59389901389,72.05016727921962,7,0,30,20
1519156800,9495.16,9249.242281011364,72.43049447613117,7,0,30,21
1519153200,9499.69,9294.778229918387,70.6084545357394,7,0,30,22
1519149600,9510.8,9334.054915387771,70.71453320848303,7,0,30,23
1519146000,9407.35,9347.381294408176,70.99106052974632,7,1,31,0
1519142400,9354.62,9348.697422697598,64.85059909973373,7,1,31,1
1519138800,9360.11,9350.77243675258,61.91107097266847,7,1,31,2
1519135200,9391.87,9358.244720979385,62.1036726245354,7,1,31,3
1519131600,9305.83,9348.714771710405,63.26106506308515,7,1,31,4
1519128000,9284.29,9337.001176853968,58.08552113897646,7,1,31,5
1519124400,9269.83,9324.788235607792,56.83196961982633,7,1,31,6
1519120800,9224.74,9306.597647315466,55.95889630392343,7,1,31,7
1519117200,9229.14,9292.514438712653,53.213671842073836,7,1,31,8
1519113600,9363.83,9305.480904401262,53.45363887356799,7,1,31,9
1519110000,9351.56,9313.85892178285,60.18558080266823,7,1,31,10
1519106400,9245.95,9301.51184509506,59.34356134898098,7,1,31,11
1519102800,9247.41,9291.675145986866,52.53127667107701,7,1,31,12
1519099200,9224.38,9279.439664898346,52.612264104964915,7,1,31,13
1519095600,9177.15,9260.841544007737,51.130377900456836,7,1,31,14
1519092000,9249.69,9258.813990551784,48.13600036296215,7,1,31,15
1519088400,9199.57,9248.042355906005,52.71619813849894,7,1,31,16
1519084800,9025.14,9207.514654832185,49.46576560887958,7,1,31,17
1519081200,8968.25,9164.011990317242,40.18027629284846,7,1,31,18
1519077600,8971.89,9129.08071935047,37.69495401078326,7,1,31,19
1519074000,9071.04,9118.527861286748,37.95937510101182,7,1,31,20
1519070400,9004.89,9097.866431961884,44.82796929059166,7,1,31,21
1519066800,8979.9,9076.417989786994,41.52486886761827,7,1,31,22
1519063200,8856.53,9036.438355280268,40.31629171003718,7,1,31,23
1519059600,8960.71,9022.669563411127,34.91383108289297,8,2,1,0
1519056000,9021.09,9022.38237006365,41.983833061906296,8,2,1,1
1519052400,8883.24,8997.083757324805,45.667528579106964,8,2,1,2
1519048800,8863.22,8972.744892356657,39.50099532911545,8,2,1,3
1519045200,8821.82,8945.304002837263,38.684023294713576,8,2,1,4
1519041600,8860.06,8929.805093230487,36.98070695635897,8,2,1,5
