,Prix,ema,rsi,month,weekday,day,hour
1519390800,8329.98,8308.291988885176,55.253117761894785,7,5,28,4
1519387200,8342.21,8314.458899996962,55.4023671649751,7,5,28,5
1519383600,8166.32,8287.524554542968,55.98133095479257,7,5,28,6
1519380000,8243.47,8279.514635535155,46.60969821380192,7,5,28,7
1519376400,8078.05,8242.884701801491,50.5222612644624,7,5,28,8
1519372800,8057.63,8209.202028746675,43.21045634348882,7,5,28,9
1519369200,7998.17,8170.832568974552,42.39480075026336,7,5,28,10
1519365600,8003.82,8140.466647342814,40.02555979744171,7,5,28,11
1519362000,8021.21,8118.783620553211,40.366591296063916,7,5,28,12
1519358400,7967.26,8091.233871361718,41.46976618365395,7,5,28,13
1519354800,7911.19,8058.498622023224,39.055875176443074,7,5,28,14
1519351200,7897.28,8029.186145291728,36.66704244110506,7,5,28,15
1519347600,7852.45,7997.052300693232,36.077497348789244,7,5,28,16
1519344000,7984.35,7994.74279147628,34.170630237310675,7,5,28,17
1519340400,8077.6,8009.807738480593,43.61379618572791,7,5,28,18
1519336800,8053.79,8017.804513302303,49.16571805952271,7,5,28,19
1519333200,8190.04,8049.120056338247,47.86965531203439,7,5,28,20
1519329600,8149.11,8067.300046094929,55.154846525765045,7,5,28,21
1519326000,8046.88,8063.587310441305,52.76912279520459,7,5,28,22
1519322400,7979.06,8048.218708542886,47.269433360072114,7,5,28,23
1519318800,8054.09,8049.2862160805425,43.9936695023196,7,6,29,0
1519315200,8140.91,8065.94508588408,48.265139110785846,7,6,29,1
1519311600,8014.27,8056.549615723338,52.755308621557006,7,6,29,2
1519308000,8011.14,8048.293321955459,46.42574029561749,7,6,29,3
1519304400,8061.22,8050.643627054466,46.27795195453849,7,6,29,4
1519300800,8355.98,8106.159331226381,49.071443549833944,7,6,29,5
1519297200,8238.98,8130.308543730675,61.696256223038816,7,6,29,6
1519293600,8425.74,8184.023353961461,55.78496028754157,7,6,29,7
1519290000,8522.41,8245.54819869574,62.03756085840276,7,6,29,8
1519286400,8679.76,8324.495798932878,64.81142320498327,7,6,29,9
1519282800,8890.21,8427.352926399626,68.80674043125758,7,6,29,10
1519279200,8836.27,8501.701485236057,73.1910068376156,7,6,29,11
1519275600,8755.87,8547.913942465864,70.4575609726848,7,6,29,12
1519272000,8750.23,8584.698680199343,66.47259013670627,7,6,29,13
1519268400,8772.45,8618.83528379946,66.18977919162253,7,6,29,14
1519264800,8675.79,8629.190686745012,66.78926883209257,7,6,29,15
1519261200,8555.14,8615.726925518646,61.66687423608871,7,6,29,16
1519257600,8519.99,8598.320211787983,55.90357532666472,7,6,29,17
1519254000,8528.41,8585.609264190167,54.31103665213896,7,6,29,18
1519250400,8368.37,8546.11121615559,54.6443504104662,7,6,29,19
1519246800,8436.37,8526.158267763665,47.544583111981645,7,6,29,20
1519243200,8454.96,8513.213128170271,50.488144532250814,7,6,29,21
1519239600,8579.06,8525.185286684768,51.29283849089215,7,6,29,22
1519236000,8560.21,8531.553416378445,56.38849019836714,7,6,29,23
1519232400,8498.95,8525.625522491455,55.43973897676188,7,0,30,0
1519228800,8599.96,8539.140882038462,52.35666344087045,7,0,30,1
1519225200,8645.47,8558.47344894056,56.63858310765195,7,0,30,2
1519221600,8731.19,8589.876458224095,58.45046411095155,7,0,30,3
1519218000,9003.63,8665.104374910623,61.69699172542882,7,0,30,4
1519214400,8928.54,8713.001761290509,69.77923282784762,7,0,30,5
1519210800,8929.56,8752.375986510415,65.66642687787288,7,0,30,6
1519207200,9105.17,8816.52035259943,65.69600424346805,7,0,30,7
1519203600,9009.77,8851.656652126805,70.42059011004503,7,0,30,8
1519200000,9099.45,8896.70998810375,65.16952495601907,7,0,30,9
1519196400,9043.83,8923.459081175795,67.61426880453956,7,0,30,10
1519192800,8833.13,8907.035611871104,64.58641293975786,7,0,30,11
1519189200,8779.66,8883.87640971272,54.609750686320695,7,0,30,12
1519185600,8897.34,8886.324335219499,52.39774111554187,7,0,30,13
1519182000,8987.71,8904.758092452317,56.56748118753953,7,0,30,14
1519178400,9058.04,8932.62753018826,59.50127178630332,7,0,30,15
1519174800,9000.9,8945.040706517666,61.67117621729446,7,0,30,16
1519171200,9126.83,8978.093305332635,58.90952368867862,7,0,30,17
1519167600,9283.99,9033.710886181247,62.85714706967601,7,0,30,18
1519164000,9509.8,9120.2725432392,67.10458816871753,7,0,30,19
1519160400,9529.04,9194.59389901389,72.05016727921962,7,0,30,20
1519156800,9495.16,9249.242281011364,72.43049447613117,7,0,30,21
1519153200,9499.69,9294.778229918387,70.6084545357394,7,0,30,22
1519149600,9510.8,9334.054915387771,70.71453320848303,7,0,30,23
1519146000,9407.35,9347.381294408176,70.99106052974632,7,1,31,0
1519142400,9354.62,9348.697422697598,64.85059909973373,7,1,31,1
1519138800,9360.11,9350.77243675258,61.91107097266847,7,1,31,2
1519135200,9391.87,9358.244720979385,62.1036726245354,7,1,31,3
1519131600,9305.83,9348.714771710405,63.26106506308515,7,1,31,4
1519128000,9284.29,9337.001176853968,58.08552113897646,7,1,31,5
1519124400,9269.83,9324.788235607792,56.83196961982633,7,1,31,6
1519120800,9224.74,9306.597647315466,55.95889630392343,7,1,31,7
1519117200,9229.14,9292.514438712653,53.213671842073836,7,1,31,8
1519113600,9363.83,9305.480904401262,53.45363887356799,7,1,31,9
1519110000,9351.56,9313.85892178285,60.18558080266823,7,1,31,10
1519106400,9245.95,9301.51184509506,59.34356134898098,7,1,31,11
1519102800,9247.41,9291.675145986866,52.53127667107701,7,1,31,12
1519099200,9224.38,9279.439664898346,52.612264104964915,7,1,31,13
1519095600,9177.15,9260.841544007737,51.130377900456836,7,1,31,14
1519092000,9249.69,9258.813990551784,48.13600036296215,7,1,31,15
1519088400,9199.57,9248.042355906005,52.71619813849894,7,1,31,16
1519084800,9025.14,9207.514654832185,49.46576560887958,7,1,31,17
1519081200,8968.25,9164.011990317242,40.18027629284846,7,1,31,18
1519077600,8971.89,9129.08071935047,37.69495401078326,7,1,31,19
1519074000,9071.04,9118.527861286748,37.95937510101182,7,1,31,20
1519070400,9004.89,9097.866431961884,44.82796929059166,7,1,31,21
1519066800,8979.9,9076.417989786994,41.52486886761827,7,1,31,22
1519063200,8856.53,9036.438355280268,40.31629171003718,7,1,31,23
1519059600,8960.71,9022.669563411127,34.91383108289297,8,2,1,0
1519056000,9021.09,9022.38237006365,41.983833061906296,8,2,1,1
1519052400,8883.24,8997.083757324805,45.667528579106964,8,2,1,2
1519048800,8863.22,8972.744892356657,39.50099532911545,8,2,1,3
1519045200,8821.82,8945.304002837263,38.684023294713576,8,2,1,4
1519041600,8860.06,8929.805093230487,36.98070695635897,8,2,1,5
1519038000,8850.6,8915.40416718858,39.62507853501432,8,2,1,6
1519034400,8858.53,8905.06340951793,39.1870030596957,8,2,1,7
1519030800,8759.5,8878.597335060123,39.78794016913474,8,2,1,8
1519027200,8782.34,8861.096001412827,35.120568084604585,8,2,1,9
1519023600,8519.71,8799.025819337767,36.95739864919735,8,2,1,10
1519020000,8501.9,8745.002943094536,27.363966204158928,8,2,1,11
1519016400,8559.65,8711.302407986437,26.854869894500823,8,2,1,12
1519012800,8555.43,8682.961970170722,31.317006592072957,8,2,1,13
1519009200,8581.87,8664.581611957863,31.167382019091434,8,2,1,14
1519005600,8625.97,8657.561318874614,33.31704894580781,8,2,1,15
1519002000,8444.15,8618.75926089741,36.85905876285907,8,2,1,16
1518998400,8424.77,8583.48848618879,29.82503726151431,8,2,1,17
1518994800,8565.83,8580.277852336283,29.185705256776018,8,2,1,18
1518991200,8716.77,8605.094606456958,39.372747924530096,8,2,1,19
1518987600,8738.5,8629.350132555692,47.993922496390354,8,2,1,20
1518984000,8779.09,8656.575563000111,49.115739671609916,8,2,1,21
1518980400,8723.11,8668.672733363726,51.23189655255024,8,2,1,22
1518976800,8712.04,8676.557690933958,48.25150201833109,8,2,1,23
1518973200,8576.97,8658.450838036873,47.66103424795574,8,3,2,0
1518969600,8677.43,8661.90159475744,41.05884392451621,8,3,2,1
1518966000,8755.1,8678.846759346998,46.94546458791401,8,3,2,2
1518962400,8701.73,8683.007348556634,51.01855290526913,8,3,2,3
1518958800,8609.58,8669.656921546337,48.27596321016824,8,3,2,4
1518955200,8629.78,8662.406572174275,43.888933720697736,8,3,2,5
1518951600,8569.05,8645.43264996077,45.06738223912942,8,3,2,6
1518948000,8237.91,8571.337622695175,42.197986698686016,8,3,2,7
1518944400,8418.69,8543.58350947787,30.714676845942236,8,3,2,8
1518940800,8650.02,8562.935598663711,40.27087081982431,8,3,2,9
1518937200,8482.96,8548.394580724855,49.810340244485275,8,3,2,10
1518933600,8533.78,8545.737384229426,44.30689605878871,8,3,2,11
1518930000,8882.14,8606.901496187711,46.25235195470398,8,3,2,12
1518926400,8802.85,8642.528496880854,57.27085253656674,8,3,2,13
1518922800,9016.88,8710.592406538879,54.53067484691106,8,3,2,14
1518919200,9095.78,8780.6265144409,60.08265205462808,8,3,2,15
1518915600,9013.84,8823.028966360736,61.928176813721294,8,3,2,16
1518912000,8970.39,8849.821881567876,58.88340499234482,8,3,2,17
1518908400,8867.53,8853.041539464626,57.27530744022191,8,3,2,18
1518904800,8748.75,8834.079441380149,53.547125807928374,8,3,2,19
1518901200,8730.49,8815.244997492848,49.53714673623485,8,3,2,20
1518897600,8680.23,8790.69681613051,48.93051122383096,8,3,2,21
1518894000,8742.07,8781.855576834054,47.21656334747653,8,3,2,22
1518890400,8749.28,8775.932744682406,49.557790944759034,8,3,2,23
1518886800,8753.49,8771.852245649241,49.83716016381185,8,4,3,0
1518883200,8701.85,8759.124564622105,50.01125592457293,8,4,3,1
1518879600,8637.81,8737.067371054449,47.81898001915432,8,4,3,2
1518876000,8691.0,8728.691485408186,45.17432577111359,8,4,3,3
1518872400,8761.64,8734.682124424879,47.75864623613195,8,4,3,4
1518868800,8703.2,8728.958101802173,51.058146602687934,8,4,3,5
1518865200,8641.61,8713.07662874723,48.33815224189755,8,4,3,6
1518861600,8648.51,8701.33724170228,45.582132781906815,8,4,3,7
1518858000,8752.81,8710.695925029137,45.953907714075015,8,4,3,8
1518854400,8672.58,8703.76575684202,51.36300981375167,8,4,3,9
1518850800,8695.01,8702.17380105256,47.43061760077106,8,4,3,10
1518847200,8503.5,8666.051291770276,48.6150744905583,8,4,3,11
1518843600,8512.03,8638.047420539317,40.27183566046803,8,4,3,12
1518840000,8449.28,8603.72607135035,40.75950411504689,8,4,3,13
1518836400,8373.25,8561.821331104831,38.28320465197576,8,4,3,14
1518832800,8336.73,8520.895634540317,35.47125962203978,8,4,3,15
1518829200,8218.82,8465.972791896622,34.17285438295329,8,4,3,16
1518825600,8219.99,8421.248647915418,30.314606415267534,8,4,3,17
1518822000,8231.58,8386.763439203523,30.398580809751593,8,4,3,18
1518818400,8141.86,8342.23554116652,31.281982052297252,8,4,3,19
1518814800,8088.6,8296.119988227152,28.28872635592353,8,4,3,20
1518811200,8117.06,8263.563626731306,26.65802615242555,8,4,3,21
1518807600,8035.9,8222.170240052885,29.01285242921888,8,4,3,22
1518804000,8114.62,8202.61565095236,26.408816105999307,8,4,3,23
1518800400,8125.79,8188.647350779203,32.716805336488804,8,5,4,0
1518796800,8084.2,8169.656923364802,33.58671249214339,8,5,4,1
1518793200,8088.55,8154.910210025747,31.93131050249208,8,5,4,2
1518789600,7933.01,8114.5647172937925,32.30711676113363,8,5,4,3
