,Prix,ema,rsi,month,weekday,day,hour
1519052400,8883.24,8997.083757324805,45.667528579106964,8,2,1,2
1519048800,8863.22,8972.744892356657,39.50099532911545,8,2,1,3
1519045200,8821.82,8945.304002837263,38.684023294713576,8,2,1,4
1519041600,8860.06,8929.805093230487,36.98070695635897,8,2,1,5
1519038000,8850.6,8915.40416718858,39.62507853501432,8,2,1,6
1519034400,8858.53,8905.06340951793,39.1870030596957,8,2,1,7
1519030800,8759.5,8878.597335060123,39.78794016913474,8,2,1,8
1519027200,8782.34,8861.096001412827,35.120568084604585,8,2,1,9
1519023600,8519.71,8799.025819337767,36.95739864919735,8,2,1,10
1519020000,8501.9,8745.002943094536,27.363966204158928,8,2,1,11
1519016400,8559.65,8711.302407986437,26.854869894500823,8,2,1,12
1519012800,8555.43,8682.961970170722,31.317006592072957,8,2,1,13
1519009200,8581.87,8664.581611957863,31.167382019091434,8,2,1,14
1519005600,8625.97,8657.561318874614,33.31704894580781,8,2,1,15
1519002000,8444.15,8618.75926089741,36.85905876285907,8,2,1,16
1518998400,8424.77,8583.48848618879,29.82503726151431,8,2,1,17
1518994800,8565.83,8580.277852336283,29.185705256776018,8,2,1,18
1518991200,8716.77,8605.094606456958,39.372747924530096,8,2,1,19
1518987600,8738.5,8629.350132555692,47.993922496390354,8,2,1,20
1518984000,8779.09,8656.575563000111,49.115739671609916,8,2,1,21
1518980400,8723.11,8668.672733363726,51.23189655255024,8,2,1,22
1518976800,8712.04,8676.557690933958,48.25150201833109,8,2,1,23
1518973200,8576.97,8658.450838036873,47.66103424795574,8,3,2,0
1518969600,8677.43,8661.90159475744,41.05884392451621,8,3,2,1
1518966000,8755.1,8678.846759346998,46.94546458791401,8,3,2,2
1518962400,8701.73,8683.007348556634,51.01855290526913,8,3,2,3
1518958800,8609.58,8669.656921546337,48.27596321016824,8,3,2,4
1518955200,8629.78,8662.406572174275,43.888933720697736,8,3,2,5
1518951600,8569.05,8645.43264996077,45.06738223912942,8,3,2,6
1518948000,8237.91,8571.337622695175,42.197986698686016,8,3,2,7
1518944400,8418.69,8543.58350947787,30.714676845942236,8,3,2,8
1518940800,8650.02,8562.935598663711,40.27087081982431,8,3,2,9
1518937200,8482.96,8548.394580724855,49.810340244485275,8,3,2,10
1518933600,8533.78,8545.737384229426,44.30689605878871,8,3,2,11
1518930000,8882.14,8606.901496187711,46.25235195470398,8,3,2,12
1518926400,8802.85,8642.528496880854,57.27085253656674,8,3,2,13
1518922800,9016.88,8710.592406538879,54.53067484691106,8,3,2,14
1518919200,9095.78,8780.6265144409,60.08265205462808,8,3,2,15
1518915600,9013.84,8823.028966360736,61.928176813721294,8,3,2,16
1518912000,8970.39,8849.821881567876,58.88340499234482,8,3,2,17
1518908400,8867.53,8853.041539464626,57.27530744022191,8,3,2,18
1518904800,8748.75,8834.079441380149,53.547125807928374,8,3,2,19
1518901200,8730.49,8815.244997492848,49.53714673623485,8,3,2,20
1518897600,8680.23,8790.69681613051,48.93051122383096,8,3,2,21
1518894000,8742.07,8781.855576834054,47.21656334747653,8,3,2,22
1518890400,8749.28,8775.932744682406,49.557790944759034,8,3,2,23
1518886800,8753.49,8771.852245649241,49.83716016381185,8,4,3,0
1518883200,8701.85,8759.124564622105,50.01125592457293,8,4,3,1
1518879600,8637.81,8737.067371054449,47.81898001915432,8,4,3,2
1518876000,8691.0,8728.691485408186,45.17432577111359,8,4,3,3
1518872400,8761.64,8734.682124424879,47.75864623613195,8,4,3,4
1518868800,8703.2,8728.958101802173,51.058146602687934,8,4,3,5
1518865200,8641.61,8713.07662874723,48.33815224189755,8,4,3,6
1518861600,8648.51,8701.33724170228,45.582132781906815,8,4,3,7
1518858000,8752.81,8710.695925029137,45.953907714075015,8,4,3,8
1518854400,8672.58,8703.76575684202,51.36300981375167,8,4,3,9
1518850800,8695.01,8702.17380105256,47.43061760077106,8,4,3,10
1518847200,8503.5,8666.051291770276,48.6150744905583,8,4,3,11
1518843600,8512.03,8638.047420539317,40.27183566046803,8,4,3,12
1518840000,8449.28,8603.72607135035,40.75950411504689,8,4,3,13
1518836400,8373.25,8561.821331104831,38.28320465197576,8,4,3,14
1518832800,8336.73,8520.895634540317,35.47125962203978,8,4,3,15
1518829200,8218.82,8465.972791896622,34.17285438295329,8,4,3,16
1518825600,8219.99,8421.248647915418,30.314606415267534,8,4,3,17
1518822000,8231.58,8386.763439203523,30.398580809751593,8,4,3,18
1518818400,8141.86,8342.23554116652,31.281982052297252,8,4,3,19
1518814800,8088.6,8296.119988227152,28.28872635592353,8,4,3,20
1518811200,8117.06,8263.563626731306,26.65802615242555,8,4,3,21
1518807600,8035.9,8222.170240052885,29.01285242921888,8,4,3,22
1518804000,8114.62,8202.61565095236,26.408816105999307,8,4,3,23
1518800400,8125.79,8188.647350779203,32.716805336488804,8,5,4,0
1518796800,8084.2,8169.656923364802,33.58671249214339,8,5,4,1
1518793200,8088.55,8154.910210025747,31.93131050249208,8,5,4,2
1518789600,7933.01,8114.5647172937925,32.30711676113363,8,5,4,3
1518786000,7936.08,8082.112950513102,26.642945495220403,8,5,4,4
1518782400,7897.71,8048.585141328902,26.91530690098064,8,5,4,5
1518778800,7879.03,8017.756933814556,25.634266899575636,8,5,4,6
1518775200,7941.11,8003.821127666454,25.01017318314497,8,5,4,7
1518771600,7991.86,8001.646377181643,31.02063216727143,8,5,4,8
1518768000,7862.51,7976.348854057707,35.56717690709881,8,5,4,9
1518764400,7938.37,7969.443607865396,30.118291640976096,8,5,4,10
1518760800,8090.9,7991.526588253505,36.28341599727436,8,5,4,11
1518757200,8020.57,7996.807208571049,46.50303267012121,8,5,4,12
1518753600,8103.06,8016.125897921767,43.07256824245265,8,5,4,13
1518750000,8161.17,8042.497552845081,47.924865659756634,8,5,4,14
1518746400,8230.91,8076.7543614187025,51.08771173942977,8,5,4,15
1518742800,8217.57,8102.357204797119,54.64780762824003,8,5,4,16
1518739200,8061.18,8094.870440288552,53.84055070559245,8,5,4,17
1518735600,8116.35,8098.775814781542,45.37765618164466,8,5,4,18
1518732000,7941.79,8070.232939366715,48.45565967391151,8,5,4,19
1518728400,8124.3,8080.063314027312,40.650359645293456,8,5,4,20
1518724800,8127.91,8088.762711476891,49.76213281601137,8,5,4,21
1518721200,8096.93,8090.247673026547,49.92589109218329,8,5,4,22
1518717600,8114.0,8094.56627793081,48.46584440514516,8,5,4,23
1518714000,7973.73,8072.596045579753,49.34486924941323,8,6,5,0
1518710400,7920.39,8044.922219110707,42.87330964658347,8,6,5,1
1518706800,7942.77,8026.349088363306,40.68803242206237,8,6,5,2
1518703200,7803.61,7985.85107229725,42.02328939451889,8,6,5,3
1518699600,7843.88,7960.038150061386,36.51812805204858,8,6,5,4
1518696000,7769.49,7925.393031868406,39.00815292979601,8,6,5,5
1518692400,7812.87,7904.934298801422,36.18460351804612,8,6,5,6
1518688800,7778.04,7881.862608110254,38.959322610483056,8,6,5,7
1518685200,7954.84,7895.13122481748,37.54767840338565,8,6,5,8
1518681600,7937.91,7902.909183941574,47.872731445587824,8,6,5,9
1518678000,7835.9,7890.7256959521965,47.07022349238261,8,6,5,10
1518674400,7819.73,7877.817387597251,42.45243328282609,8,6,5,11
1518670800,7835.96,7870.20695348866,41.75318801633899,8,6,5,12
1518667200,7772.36,7852.416598308902,42.77207987621654,8,6,5,13
1518663600,7752.17,7834.189944070919,39.83167092018237,8,6,5,14
1518660000,7574.39,7786.953590603479,38.91702934957835,8,6,5,15
1518656400,7552.26,7744.282028675573,31.958202616811505,8,6,5,16
1518652800,7634.83,7724.381659825469,31.210077250614788,8,6,5,17
1518649200,7607.16,7703.068630766292,37.124334156953154,8,6,5,18
1518645600,7489.47,7664.232516081511,36.007122800340255,8,6,5,19
1518642000,7484.35,7631.52660406669,31.645009107736882,8,6,5,20
1518638400,7460.89,7600.501766963655,31.466413453451608,8,6,5,21
1518634800,7508.05,7583.692354788445,30.613850706141122,8,6,5,22
1518631200,7518.22,7571.7882902814545,34.4582426733207,8,6,5,23
1518627600,7498.34,7558.434055684826,35.29087305767713,8,0,6,0
1518624000,7548.68,7556.660591014857,34.3716628733459,8,0,6,1
1518620400,7450.89,7537.429574466701,38.72401702129879,8,0,6,2
1518616800,7511.61,7532.735106381845,34.00604968998503,8,0,6,3
1518613200,7453.1,7518.2559961306,38.97753620289163,8,0,6,4
1518609600,7245.61,7468.683996834126,36.151416955357796,8,0,6,5
1518606000,7121.51,7405.561451955195,28.31179302483308,8,0,6,6
1518602400,7137.76,7356.870278872431,24.841914558838212,8,0,6,7
1518598800,7193.6,7327.184773622898,26.118786016515955,8,0,6,8
1518595200,7202.56,7304.52572387328,30.488990839702666,8,0,6,9
1518591600,7110.36,7269.222864987229,31.192309329232273,8,0,6,10
1518588000,7140.48,7245.815071353187,28.04746175747809,8,0,6,11
1518584400,7116.99,7222.392331107152,30.51219210562664,8,0,6,12
1518580800,7033.22,7187.997361814942,29.658912722778368,8,0,6,13
1518577200,7036.49,7160.45056875768,26.782452531003074,8,0,6,14
1518573600,6996.98,7130.728647165374,27.07975272686437,8,0,6,15
1518570000,6968.5,7101.232529498942,25.720787810713176,8,0,6,16
1518566400,6921.73,7068.5957059536795,24.75636373361077,8,0,6,17
1518562800,6952.39,7047.467395780283,23.216798225275454,8,0,6,18
1518559200,6943.86,7028.629687456594,26.446084725210326,8,0,6,19
1518555600,7052.44,7032.958835191758,26.116986913354282,8,0,6,20
1518552000,6994.74,7026.009956065984,36.8838586494116,8,0,6,21
1518548400,6977.36,7017.164509508531,34.04460676717345,8,0,6,22
1518544800,7002.07,7014.420053234253,33.21520836030122,8,0,6,23
1518541200,6936.96,7000.336407191661,35.616778284629135,8,1,7,0
1518537600,6911.09,6984.109787702268,32.31890522415614,8,1,7,1
1518534000,7004.14,6987.751644483673,31.087233983058454,8,1,7,2
1518530400,7010.97,6991.973163668459,39.95153867642189,8,1,7,3
1518526800,6985.03,6990.710770274194,40.5559635042475,8,1,7,4
1518523200,6942.42,6981.93063022434,38.95232048500471,8,1,7,5
1518519600,6933.81,6973.181424729005,36.40578561359599,8,1,7,6
1518516000,6901.54,6960.155711141912,35.89512998422795,8,1,7,7
1518512400,6953.06,6958.865581843383,33.971787550384605,8,1,7,8
1518508800,7069.21,6978.9282033264035,39.541585125844115,8,1,7,9
1518505200,7104.59,7001.775802721602,49.818869152524144,8,1,7,10
1518501600,7028.55,7006.643838590402,52.469315221167754,8,1,7,11
1518498000,6993.78,7004.304958846693,46.75369422735308,8,1,7,12
1518494400,7138.45,7028.6949663291125,44.37341375498578,8,1,7,13
1518490800,7104.5,7042.47769972382,54.70604479746995,8,1,7,14
1518487200,7133.24,7058.97993613767,52.25310658172655,8,1,7,15
1518483600,7250.03,7093.716311385366,54.12822419900744,8,1,7,16
1518480000,7240.61,7120.424254769844,60.85574440170105,8,1,7,17
1518476400,7226.29,7139.672572084417,60.09024760287338,8,1,7,18
1518472800,7183.24,7147.593922614523,58.87778032375889,8,1,7,19
1518469200,7206.72,7158.344118502791,55.26742391570989,8,1,7,20
1518465600,7154.58,7157.659733320465,56.822548797701174,8,1,7,21
1518462000,7063.44,7140.5288727167435,52.461048145001676,8,1,7,22
1518458400,7153.41,7142.870895859153,45.83792457423969,8,1,7,23
1518454800,7090.87,7133.416187521125,52.24705922937189,8,2,8,0
1518451200,7066.38,7121.227789790011,47.995488983887725,8,2,8,1
