,Prix,ema,rsi,month,weekday,day,hour
1518865200,8641.61,8713.07662874723,48.33815224189755,8,4,3,6
1518861600,8648.51,8701.33724170228,45.582132781906815,8,4,3,7
1518858000,8752.81,8710.695925029137,45.953907714075015,8,4,3,8
1518854400,8672.58,8703.76575684202,51.36300981375167,8,4,3,9
1518850800,8695.01,8702.17380105256,47.43061760077106,8,4,3,10
1518847200,8503.5,8666.051291770276,48.6150744905583,8,4,3,11
1518843600,8512.03,8638.047420539317,40.27183566046803,8,4,3,12
1518840000,8449.28,8603.72607135035,40.75950411504689,8,4,3,13
1518836400,8373.25,8561.821331104831,38.28320465197576,8,4,3,14
1518832800,8336.73,8520.895634540317,35.47125962203978,8,4,3,15
1518829200,8218.82,8465.972791896622,34.17285438295329,8,4,3,16
1518825600,8219.99,8421.248647915418,30.314606415267534,8,4,3,17
1518822000,8231.58,8386.763439203523,30.398580809751593,8,4,3,18
1518818400,8141.86,8342.23554116652,31.281982052297252,8,4,3,19
1518814800,8088.6,8296.119988227152,28.28872635592353,8,4,3,20
1518811200,8117.06,8263.563626731306,26.65802615242555,8,4,3,21
1518807600,8035.9,8222.170240052885,29.01285242921888,8,4,3,22
1518804000,8114.62,8202.61565095236,26.408816105999307,8,4,3,23
1518800400,8125.79,8188.647350779203,32.716805336488804,8,5,4,0
1518796800,8084.2,8169.656923364802,33.58671249214339,8,5,4,1
1518793200,8088.55,8154.910210025747,31.93131050249208,8,5,4,2
1518789600,7933.01,8114.5647172937925,32.30711676113363,8,5,4,3
1518786000,7936.08,8082.112950513102,26.642945495220403,8,5,4,4
1518782400,7897.71,8048.585141328902,26.91530690098064,8,5,4,5
1518778800,7879.03,8017.756933814556,25.634266899575636,8,5,4,6
1518775200,7941.11,8003.821127666454,25.01017318314497,8,5,4,7
1518771600,7991.86,8001.646377181643,31.02063216727143,8,5,4,8
1518768000,7862.51,7976.348854057707,35.56717690709881,8,5,4,9
1518764400,7938.37,7969.443607865396,30.118291640976096,8,5,4,10
1518760800,8090.9,7991.526588253505,36.28341599727436,8,5,4,11
1518757200,8020.57,7996.807208571049,46.50303267012121,8,5,4,12
1518753600,8103.06,8016.125897921767,43.07256824245265,8,5,4,13
1518750000,8161.17,8042.497552845081,47.924865659756634,8,5,4,14
1518746400,8230.91,8076.7543614187025,51.08771173942977,8,5,4,15
1518742800,8217.57,8102.357204797119,54.64780762824003,8,5,4,16
1518739200,8061.18,8094.870440288552,53.84055070559245,8,5,4,17
1518735600,8116.35,8098.775814781542,45.37765618164466,8,5,4,18
1518732000,7941.79,8070.232939366715,48.45565967391151,8,5,4,19
1518728400,8124.3,8080.063314027312,40.650359645293456,8,5,4,20
1518724800,8127.91,8088.762711476891,49.76213281601137,8,5,4,21
1518721200,8096.93,8090.247673026547,49.92589109218329,8,5,4,22
1518717600,8114.0,8094.56627793081,48.46584440514516,8,5,4,23
1518714000,7973.73,8072.596045579753,49.34486924941323,8,6,5,0
1518710400,7920.39,8044.922219110707,42.87330964658347,8,6,5,1
1518706800,7942.77,8026.349088363306,40.68803242206237,8,6,5,2
1518703200,7803.61,7985.85107229725,42.02328939451889,8,6,5,3
1518699600,7843.88,7960.038150061386,36.51812805204858,8,6,5,4
1518696000,7769.49,7925.393031868406,39.00815292979601,8,6,5,5
1518692400,7812.87,7904.934298801422,36.18460351804612,8,6,5,6
1518688800,7778.04,7881.862608110254,38.959322610483056,8,6,5,7
1518685200,7954.84,7895.13122481748,37.54767840338565,8,6,5,8
1518681600,7937.91,7902.909183941574,47.872731445587824,8,6,5,9
1518678000,7835.9,7890.7256959521965,47.07022349238261,8,6,5,10
1518674400,7819.73,7877.817387597251,42.45243328282609,8,6,5,11
1518670800,7835.96,7870.20695348866,41.75318801633899,8,6,5,12
1518667200,7772.36,7852.416598308902,42.77207987621654,8,6,5,13
1518663600,7752.17,7834.189944070919,39.83167092018237,8,6,5,14
1518660000,7574.39,7786.953590603479,38.91702934957835,8,6,5,15
1518656400,7552.26,7744.282028675573,31.958202616811505,8,6,5,16
1518652800,7634.83,7724.381659825469,31.210077250614788,8,6,5,17
1518649200,7607.16,7703.068630766292,37.124334156953154,8,6,5,18
1518645600,7489.47,7664.232516081511,36.007122800340255,8,6,5,19
1518642000,7484.35,7631.52660406669,31.645009107736882,8,6,5,20
1518638400,7460.89,7600.501766963655,31.466413453451608,8,6,5,21
1518634800,7508.05,7583.692354788445,30.613850706141122,8,6,5,22
1518631200,7518.22,7571.7882902814545,34.4582426733207,8,6,5,23
1518627600,7498.34,7558.434055684826,35.29087305767713,8,0,6,0
1518624000,7548.68,7556.660591014857,34.3716628733459,8,0,6,1
1518620400,7450.89,7537.429574466701,38.72401702129879,8,0,6,2
1518616800,7511.61,7532.735106381845,34.00604968998503,8,0,6,3
1518613200,7453.1,7518.2559961306,38.97753620289163,8,0,6,4
1518609600,7245.61,7468.683996834126,36.151416955357796,8,0,6,5
1518606000,7121.51,7405.561451955195,28.31179302483308,8,0,6,6
1518602400,7137.76,7356.870278872431,24.841914558838212,8,0,6,7
1518598800,7193.6,7327.184773622898,26.118786016515955,8,0,6,8
1518595200,7202.56,7304.52572387328,30.488990839702666,8,0,6,9
1518591600,7110.36,7269.222864987229,31.192309329232273,8,0,6,10
1518588000,7140.48,7245.815071353187,28.04746175747809,8,0,6,11
1518584400,7116.99,7222.392331107152,30.51219210562664,8,0,6,12
1518580800,7033.22,7187.997361814942,29.658912722778368,8,0,6,13
1518577200,7036.49,7160.45056875768,26.782452531003074,8,0,6,14
1518573600,6996.98,7130.728647165374,27.07975272686437,8,0,6,15
1518570000,6968.5,7101.232529498942,25.720787810713176,8,0,6,16
1518566400,6921.73,7068.5957059536795,24.75636373361077,8,0,6,17
1518562800,6952.39,7047.467395780283,23.216798225275454,8,0,6,18
1518559200,6943.86,7028.629687456594,26.446084725210326,8,0,6,19
1518555600,7052.44,7032.958835191758,26.116986913354282,8,0,6,20
1518552000,6994.74,7026.009956065984,36.8838586494116,8,0,6,21
1518548400,6977.36,7017.164509508531,34.04460676717345,8,0,6,22
1518544800,7002.07,7014.420053234253,33.21520836030122,8,0,6,23
1518541200,6936.96,7000.336407191661,35.616778284629135,8,1,7,0
1518537600,6911.09,6984.109787702268,32.31890522415614,8,1,7,1
1518534000,7004.14,6987.751644483673,31.087233983058454,8,1,7,2
1518530400,7010.97,6991.973163668459,39.95153867642189,8,1,7,3
1518526800,6985.03,6990.710770274194,40.5559635042475,8,1,7,4
1518523200,6942.42,6981.93063022434,38.95232048500471,8,1,7,5
1518519600,6933.81,6973.181424729005,36.40578561359599,8,1,7,6
1518516000,6901.54,6960.155711141912,35.89512998422795,8,1,7,7
1518512400,6953.06,6958.865581843383,33.971787550384605,8,1,7,8
1518508800,7069.21,6978.9282033264035,39.541585125844115,8,1,7,9
1518505200,7104.59,7001.775802721602,49.818869152524144,8,1,7,10
1518501600,7028.55,7006.643838590402,52.469315221167754,8,1,7,11
1518498000,6993.78,7004.304958846693,46.75369422735308,8,1,7,12
1518494400,7138.45,7028.6949663291125,44.37341375498578,8,1,7,13
1518490800,7104.5,7042.47769972382,54.70604479746995,8,1,7,14
1518487200,7133.24,7058.97993613767,52.25310658172655,8,1,7,15
1518483600,7250.03,7093.716311385366,54.12822419900744,8,1,7,16
1518480000,7240.61,7120.424254769844,60.85574440170105,8,1,7,17
1518476400,7226.29,7139.672572084417,60.09024760287338,8,1,7,18
1518472800,7183.24,7147.593922614523,58.87778032375889,8,1,7,19
1518469200,7206.72,7158.344118502791,55.26742391570989,8,1,7,20
1518465600,7154.58,7157.659733320465,56.822548797701174,8,1,7,21
1518462000,7063.44,7140.5288727167435,52.461048145001676,8,1,7,22
1518458400,7153.41,7142.870895859153,45.83792457423969,8,1,7,23
1518454800,7090.87,7133.416187521125,52.24705922937189,8,2,8,0
1518451200,7066.38,7121.227789790011,47.995488983887725,8,2,8,1
1518447600,6992.3,7097.786373464554,46.40309670242125,8,2,8,2
1518444000,7093.7,7097.043396470999,41.87701647409169,8,2,8,3
1518440400,7156.02,7107.7664152944535,49.1834012843628,8,2,8,4
1518436800,7071.16,7101.110703422734,53.08664200562578,8,2,8,5
1518433200,7202.88,7119.614211891328,47.71246614721715,8,2,8,6
1518429600,7173.06,7129.331627911086,55.280110569134266,8,2,8,7
1518426000,7146.55,7132.462241018161,53.39597696024278,8,2,8,8
1518422400,6916.98,7093.283651742131,51.70867438361135,8,2,8,9
1518418800,6868.67,7052.444805970834,39.93884800337643,8,2,8,10
1518415200,6838.58,7013.560295794317,37.97971062614132,8,2,8,11
1518411600,6923.87,6997.252969286259,36.769861583748565,8,2,8,12
1518408000,6909.15,6981.2342475978485,42.37340925115377,8,2,8,13
1518404400,6943.92,6974.449838943694,41.68676543108546,8,2,8,14
1518400800,6800.39,6942.8025954993855,43.99533964244012,8,2,8,15
1518397200,6714.57,6901.305759954042,37.41117433036322,8,2,8,16
1518393600,6606.51,6847.706530871488,34.12288306954842,8,2,8,17
1518390000,6790.31,6837.270797985762,30.4889827630858,8,2,8,18
1518386400,6793.21,6829.259743806533,41.83523634566159,8,2,8,19
1518382800,6744.17,6813.788881296255,41.99611303236132,8,2,8,20
1518379200,6794.75,6810.327266515117,39.982216478356165,8,2,8,21
1518375600,6821.66,6812.387763512368,43.01738948505908,8,2,8,22
1518372000,6719.27,6795.457261055573,44.621966562698404,8,2,8,23
1518368400,6808.51,6797.830486318197,40.005911880216324,8,3,9,0
1518364800,6900.46,6816.490397896706,45.31563766182857,8,3,9,1
1518361200,6938.64,6838.699416460941,50.205758722637135,8,3,9,2
1518357600,6807.5,6833.026795286225,52.12035094693171,8,3,9,3
1518354000,6795.78,6826.254650688728,45.63047886777986,8,3,9,4
1518350400,6718.89,6806.733805108959,45.0901138168037,8,3,9,5
1518346800,6586.97,6766.776749634602,41.608791302578936,8,3,9,6
1518343200,6663.87,6748.06643151922,36.41411854534285,8,3,9,7
1518339600,6499.86,6702.937989424816,41.03542379630982,8,3,9,8
1518336000,6511.5,6668.1310822566675,35.165303491488814,8,3,9,9
1518332400,6620.57,6659.4836127554545,35.86650097537918,8,3,9,10
1518328800,6674.77,6662.262955890826,42.17708907533008,8,3,9,11
1518325200,6567.52,6645.036963910675,45.06960828570763,8,3,9,12
1518321600,6612.75,6639.166606836006,40.727986944971754,8,3,9,13
1518318000,6767.48,6662.4963146840055,43.21246490413114,8,3,9,14
1518314400,6784.08,6684.602439286913,50.80882113186328,8,3,9,15
1518310800,6879.36,6720.012904871111,51.55750258565122,8,3,9,16
1518307200,7005.09,6771.8451039854535,55.72299567339491,8,3,9,17
1518303600,7013.72,6815.82235780628,60.54436876480221,8,3,9,18
1518300000,6778.59,6809.052838205138,60.85941650515538,8,3,9,19
1518296400,6720.57,6792.965049440567,49.307322277123255,8,3,9,20
1518292800,6931.38,6818.131404087736,46.939621141402206,8,3,9,21
1518289200,6836.36,6821.445694253602,55.33240764495771,8,3,9,22
1518285600,6930.83,6841.333749843856,51.386951803561985,8,3,9,23
1518282000,6812.76,6836.138522599518,54.83507286881401,8,4,10,0
1518278400,6860.21,6840.515154854151,50.05627650734877,8,4,10,1
1518274800,7063.89,6881.1287630624865,51.87155501716589,8,4,10,2
1518271200,7183.2,6936.050806142034,58.79482086130988,8,4,10,3
1518267600,7078.71,6961.988841388937,62.2229007062816,8,4,10,4
1518264000,7106.98,6988.350870227311,57.69574458661908,8,4,10,5
