,Prix,ema,rsi,month,weekday,day,hour
1518645600,7489.47,7664.232516081511,36.007122800340255,8,6,5,19
1518642000,7484.35,7631.52660406669,31.645009107736882,8,6,5,20
1518638400,7460.89,7600.501766963655,31.466413453451608,8,6,5,21
1518634800,7508.05,7583.692354788445,30.613850706141122,8,6,5,22
1518631200,7518.22,7571.7882902814545,34.4582426733207,8,6,5,23
1518627600,7498.34,7558.434055684826,35.29087305767713,8,0,6,0
1518624000,7548.68,7556.660591014857,34.3716628733459,8,0,6,1
1518620400,7450.89,7537.429574466701,38.72401702129879,8,0,6,2
1518616800,7511.61,7532.735106381845,34.00604968998503,8,0,6,3
1518613200,7453.1,7518.2559961306,38.97753620289163,8,0,6,4
1518609600,7245.61,7468.683996834126,36.151416955357796,8,0,6,5
1518606000,7121.51,7405.561451955195,28.31179302483308,8,0,6,6
1518602400,7137.76,7356.870278872431,24.841914558838212,8,0,6,7
1518598800,7193.6,7327.184773622898,26.118786016515955,8,0,6,8
1518595200,7202.56,7304.52572387328,30.488990839702666,8,0,6,9
1518591600,7110.36,7269.222864987229,31.192309329232273,8,0,6,10
1518588000,7140.48,7245.815071353187,28.04746175747809,8,0,6,11
1518584400,7116.99,7222.392331107152,30.51219210562664,8,0,6,12
1518580800,7033.22,7187.997361814942,29.658912722778368,8,0,6,13
1518577200,7036.49,7160.45056875768,26.782452531003074,8,0,6,14
1518573600,6996.98,7130.728647165374,27.07975272686437,8,0,6,15
1518570000,6968.5,7101.232529498942,25.720787810713176,8,0,6,16
1518566400,6921.73,7068.5957059536795,24.75636373361077,8,0,6,17
1518562800,6952.39,7047.467395780283,23.216798225275454,8,0,6,18
1518559200,6943.86,7028.629687456594,26.446084725210326,8,0,6,19
1518555600,7052.44,7032.958835191758,26.116986913354282,8,0,6,20
1518552000,6994.74,7026.009956065984,36.8838586494116,8,0,6,21
1518548400,6977.36,7017.164509508531,34.04460676717345,8,0,6,22
1518544800,7002.07,7014.420053234253,33.21520836030122,8,0,6,23
1518541200,6936.96,7000.336407191661,35.616778284629135,8,1,7,0
1518537600,6911.09,6984.109787702268,32.31890522415614,8,1,7,1
1518534000,7004.14,6987.751644483673,31.087233983058454,8,1,7,2
1518530400,7010.97,6991.973163668459,39.95153867642189,8,1,7,3
1518526800,6985.03,6990.710770274194,40.5559635042475,8,1,7,4
1518523200,6942.42,6981.93063022434,38.95232048500471,8,1,7,5
1518519600,6933.81,6973.181424729005,36.40578561359599,8,1,7,6
1518516000,6901.54,6960.155711141912,35.89512998422795,8,1,7,7
1518512400,6953.06,6958.865581843383,33.971787550384605,8,1,7,8
1518508800,7069.21,6978.9282033264035,39.541585125844115,8,1,7,9
1518505200,7104.59,7001.775802721602,49.818869152524144,8,1,7,10
1518501600,7028.55,7006.643838590402,52.469315221167754,8,1,7,11
1518498000,6993.78,7004.304958846693,46.75369422735308,8,1,7,12
1518494400,7138.45,7028.6949663291125,44.37341375498578,8,1,7,13
1518490800,7104.5,7042.47769972382,54.70604479746995,8,1,7,14
1518487200,7133.24,7058.97993613767,52.25310658172655,8,1,7,15
1518483600,7250.03,7093.716311385366,54.12822419900744,8,1,7,16
1518480000,7240.61,7120.424254769844,60.85574440170105,8,1,7,17
1518476400,7226.29,7139.672572084417,60.09024760287338,8,1,7,18
1518472800,7183.24,7147.593922614523,58.87778032375889,8,1,7,19
1518469200,7206.72,7158.344118502791,55.26742391570989,8,1,7,20
1518465600,7154.58,7157.659733320465,56.822548797701174,8,1,7,21
1518462000,7063.44,7140.5288727167435,52.461048145001676,8,1,7,22
1518458400,7153.41,7142.870895859153,45.83792457423969,8,1,7,23
1518454800,7090.87,7133.416187521125,52.24705922937189,8,2,8,0
1518451200,7066.38,7121.227789790011,47.995488983887725,8,2,8,1
1518447600,6992.3,7097.786373464554,46.40309670242125,8,2,8,2
1518444000,7093.7,7097.043396470999,41.87701647409169,8,2,8,3
1518440400,7156.02,7107.7664152944535,49.1834012843628,8,2,8,4
1518436800,7071.16,7101.110703422734,53.08664200562578,8,2,8,5
1518433200,7202.88,7119.614211891328,47.71246614721715,8,2,8,6
1518429600,7173.06,7129.331627911086,55.280110569134266,8,2,8,7
1518426000,7146.55,7132.462241018161,53.39597696024278,8,2,8,8
1518422400,6916.98,7093.283651742131,51.70867438361135,8,2,8,9
1518418800,6868.67,7052.444805970834,39.93884800337643,8,2,8,10
1518415200,6838.58,7013.560295794317,37.97971062614132,8,2,8,11
1518411600,6923.87,6997.252969286259,36.769861583748565,8,2,8,12
1518408000,6909.15,6981.2342475978485,42.37340925115377,8,2,8,13
1518404400,6943.92,6974.449838943694,41.68676543108546,8,2,8,14
1518400800,6800.39,6942.8025954993855,43.99533964244012,8,2,8,15
1518397200,6714.57,6901.305759954042,37.41117433036322,8,2,8,16
1518393600,6606.51,6847.706530871488,34.12288306954842,8,2,8,17
1518390000,6790.31,6837.270797985762,30.4889827630858,8,2,8,18
1518386400,6793.21,6829.259743806533,41.83523634566159,8,2,8,19
1518382800,6744.17,6813.788881296255,41.99611303236132,8,2,8,20
1518379200,6794.75,6810.327266515117,39.982216478356165,8,2,8,21
1518375600,6821.66,6812.387763512368,43.01738948505908,8,2,8,22
1518372000,6719.27,6795.457261055573,44.621966562698404,8,2,8,23
1518368400,6808.51,6797.830486318197,40.005911880216324,8,3,9,0
1518364800,6900.46,6816.490397896706,45.31563766182857,8,3,9,1
1518361200,6938.64,6838.699416460941,50.205758722637135,8,3,9,2
1518357600,6807.5,6833.026795286225,52.12035094693171,8,3,9,3
1518354000,6795.78,6826.254650688728,45.63047886777986,8,3,9,4
1518350400,6718.89,6806.733805108959,45.0901138168037,8,3,9,5
1518346800,6586.97,6766.776749634602,41.608791302578936,8,3,9,6
1518343200,6663.87,6748.06643151922,36.41411854534285,8,3,9,7
1518339600,6499.86,6702.937989424816,41.03542379630982,8,3,9,8
1518336000,6511.5,6668.1310822566675,35.165303491488814,8,3,9,9
1518332400,6620.57,6659.4836127554545,35.86650097537918,8,3,9,10
1518328800,6674.77,6662.262955890826,42.17708907533008,8,3,9,11
1518325200,6567.52,6645.036963910675,45.06960828570763,8,3,9,12
1518321600,6612.75,6639.166606836006,40.727986944971754,8,3,9,13
1518318000,6767.48,6662.4963146840055,43.21246490413114,8,3,9,14
1518314400,6784.08,6684.602439286913,50.80882113186328,8,3,9,15
1518310800,6879.36,6720.012904871111,51.55750258565122,8,3,9,16
1518307200,7005.09,6771.8451039854535,55.72299567339491,8,3,9,17
1518303600,7013.72,6815.82235780628,60.54436876480221,8,3,9,18
1518300000,6778.59,6809.052838205138,60.85941650515538,8,3,9,19
1518296400,6720.57,6792.965049440567,49.307322277123255,8,3,9,20
1518292800,6931.38,6818.131404087736,46.939621141402206,8,3,9,21
1518289200,6836.36,6821.445694253602,55.33240764495771,8,3,9,22
1518285600,6930.83,6841.333749843856,51.386951803561985,8,3,9,23
1518282000,6812.76,6836.138522599518,54.83507286881401,8,4,10,0
1518278400,6860.21,6840.515154854151,50.05627650734877,8,4,10,1
1518274800,7063.89,6881.1287630624865,51.87155501716589,8,4,10,2
1518271200,7183.2,6936.050806142034,58.79482086130988,8,4,10,3
1518267600,7078.71,6961.988841388937,62.2229007062816,8,4,10,4
1518264000,7106.98,6988.350870227311,57.69574458661908,8,4,10,5
1518260400,7003.72,6991.145257458709,58.57392702278219,8,4,10,6
1518256800,7081.74,7007.617028829853,54.15205067023786,8,4,10,7
1518253200,7126.74,7029.275750860788,56.80537574757219,8,4,10,8
1518249600,7352.67,7088.074705249735,58.304211315115815,8,4,10,9
1518246000,7406.53,7145.9756679316015,64.89119272331513,8,4,10,10
1518242400,7258.24,7166.38736467131,66.25961885513023,8,4,10,11
1518238800,7206.23,7173.631480185617,59.39544006354896,8,4,10,12
1518235200,7294.88,7195.676665606414,57.15886775723392,8,4,10,13
1518231600,7288.84,7212.615453677974,59.928618715524436,8,4,10,14
1518228000,7195.27,7209.461734827433,59.64567398282963,8,4,10,15
1518224400,7246.62,7216.217783040627,55.2905304149657,8,4,10,16
1518220800,7084.98,7192.3563679423305,57.14006940479261,8,4,10,17
1518217200,7012.04,7159.571573770997,50.112528716657486,8,4,10,18
1518213600,6987.17,7128.225833085361,47.28634768673376,8,4,10,19
1518210000,6987.93,7102.717499797113,46.32698590404048,8,4,10,20
1518206400,7070.67,7096.890681652183,46.36279845390766,8,4,10,21
1518202800,7057.67,7089.759648624513,50.25433495641939,8,4,10,22
1518199200,7066.19,7085.47425796551,49.64487948907875,8,4,10,23
1518195600,6853.63,7043.320756517236,50.072237136561355,8,5,11,0
1518192000,6805.67,7000.111528059557,40.77474666841337,8,5,11,1
1518188400,6881.29,6978.50761386691,39.014486126530876,8,5,11,2
1518184800,6773.33,6941.202593163835,43.179647105518896,8,5,11,3
1518181200,6735.73,6903.843939861319,39.07637550822318,8,5,11,4
1518177600,6771.24,6879.734132613806,37.731551387380506,8,5,11,5
1518174000,6748.75,6855.918835774932,39.83739145481129,8,5,11,6
1518170400,6762.97,6839.019047452216,38.9392022007524,8,5,11,7
1518166800,6597.94,6795.186493369994,39.86244840025554,8,5,11,8
1518163200,6557.93,6752.048949120905,33.526749979516666,8,5,11,9
1518159600,6548.03,6714.954594735285,32.190910949586225,8,5,11,10
1518156000,6471.93,6670.768304783414,31.85272112345976,8,5,11,11
1518152400,6444.54,6629.635885731885,29.30418353712915,8,5,11,12
1518148800,6623.64,6628.545724689724,28.422724237446033,8,5,11,13
1518145200,6653.6,6633.10104747341,40.933924874479146,8,5,11,14
1518141600,6561.5,6620.082675205517,42.737060396249554,8,5,11,15
1518138000,6519.38,6601.773097895422,38.81435958625733,8,5,11,16
1518134400,6755.16,6629.6616255508,37.13561518586062,8,5,11,17
1518130800,6754.44,6652.348602723381,50.13662548788566,8,5,11,18
1518127200,6721.71,6664.959765864584,50.10254996892266,8,5,11,19
1518123600,6800.22,6689.5525357073875,48.489192791182106,8,5,11,20
1518120000,6877.51,6723.7266201242255,52.44496148322539,8,5,11,21
1518116400,6739.08,6726.518143738002,56.02525686217014,8,5,11,22
1518112800,6710.39,6723.585753967456,48.92113447220317,8,5,11,23
1518109200,6802.85,6737.997435064282,47.57469268138181,8,6,12,0
1518105600,6755.38,6741.157901416231,52.14577819135304,8,6,12,1
1518102000,6897.51,6769.585555704189,49.747499530898814,8,6,12,2
1518098400,6915.23,6796.066363757972,56.23735806560838,8,6,12,3
1518094800,7065.78,6845.105206711068,56.9832531793764,8,6,12,4
1518091200,6965.28,6866.955169127237,62.78656278779189,8,6,12,5
1518087600,7018.66,6894.537865649557,57.235529079456526,8,6,12,6
1518084000,6825.51,6881.987344622365,59.29408138796334,8,6,12,7
1518080400,6741.77,6856.493281963752,49.92861972797911,8,6,12,8
1518076800,6799.14,6846.065412515797,46.49945288683649,8,6,12,9
1518073200,6549.44,6792.133519331106,49.07972988493226,8,6,12,10
1518069600,6513.9,6741.54560672545,40.03040012038902,8,6,12,11
1518066000,6655.29,6725.862769139005,38.93016855841897,8,6,12,12
1518062400,6514.9,6687.505902022822,45.36385871906793,8,6,12,13
1518058800,6537.53,6660.23755620049,40.770963303103436,8,6,12,14
1518055200,6413.11,6615.305273254946,41.79396799170431,8,6,12,15
1518051600,6286.67,6555.55340539041,37.916392258416,8,6,12,16
1518048000,6177.36,6486.790968046699,34.421341783047666,8,6,12,17
1518044400,6400.67,6471.1326102200255,31.7007921712338,8,6,12,18
