,Prix,ema,rsi,month,weekday,day,hour
1518382800,6744.17,6813.788881296255,41.99611303236132,8,2,8,20
1518379200,6794.75,6810.327266515117,39.982216478356165,8,2,8,21
1518375600,6821.66,6812.387763512368,43.01738948505908,8,2,8,22
1518372000,6719.27,6795.457261055573,44.621966562698404,8,2,8,23
1518368400,6808.51,6797.830486318197,40.005911880216324,8,3,9,0
1518364800,6900.46,6816.490397896706,45.31563766182857,8,3,9,1
1518361200,6938.64,6838.699416460941,50.205758722637135,8,3,9,2
1518357600,6807.5,6833.026795286225,52.12035094693171,8,3,9,3
1518354000,6795.78,6826.254650688728,45.63047886777986,8,3,9,4
1518350400,6718.89,6806.733805108959,45.0901138168037,8,3,9,5
1518346800,6586.97,6766.776749634602,41.608791302578936,8,3,9,6
1518343200,6663.87,6748.06643151922,36.41411854534285,8,3,9,7
1518339600,6499.86,6702.937989424816,41.03542379630982,8,3,9,8
1518336000,6511.5,6668.1310822566675,35.165303491488814,8,3,9,9
1518332400,6620.57,6659.4836127554545,35.86650097537918,8,3,9,10
1518328800,6674.77,6662.262955890826,42.17708907533008,8,3,9,11
1518325200,6567.52,6645.036963910675,45.06960828570763,8,3,9,12
1518321600,6612.75,6639.166606836006,40.727986944971754,8,3,9,13
1518318000,6767.48,6662.4963146840055,43.21246490413114,8,3,9,14
1518314400,6784.08,6684.602439286913,50.80882113186328,8,3,9,15
1518310800,6879.36,6720.012904871111,51.55750258565122,8,3,9,16
1518307200,7005.09,6771.8451039854535,55.72299567339491,8,3,9,17
1518303600,7013.72,6815.82235780628,60.54436876480221,8,3,9,18
1518300000,6778.59,6809.052838205138,60.85941650515538,8,3,9,19
1518296400,6720.57,6792.965049440567,49.307322277123255,8,3,9,20
1518292800,6931.38,6818.131404087736,46.939621141402206,8,3,9,21
1518289200,6836.36,6821.445694253602,55.33240764495771,8,3,9,22
1518285600,6930.83,6841.333749843856,51.386951803561985,8,3,9,23
1518282000,6812.76,6836.138522599518,54.83507286881401,8,4,10,0
1518278400,6860.21,6840.515154854151,50.05627650734877,8,4,10,1
1518274800,7063.89,6881.1287630624865,51.87155501716589,8,4,10,2
1518271200,7183.2,6936.050806142034,58.79482086130988,8,4,10,3
1518267600,7078.71,6961.988841388937,62.2229007062816,8,4,10,4
1518264000,7106.98,6988.350870227311,57.69574458661908,8,4,10,5
1518260400,7003.72,6991.145257458709,58.57392702278219,8,4,10,6
1518256800,7081.74,7007.617028829853,54.15205067023786,8,4,10,7
1518253200,7126.74,7029.275750860788,56.80537574757219,8,4,10,8
1518249600,7352.67,7088.074705249735,58.304211315115815,8,4,10,9
1518246000,7406.53,7145.9756679316015,64.89119272331513,8,4,10,10
1518242400,7258.24,7166.38736467131,66.25961885513023,8,4,10,11
1518238800,7206.23,7173.631480185617,59.39544006354896,8,4,10,12
1518235200,7294.88,7195.676665606414,57.15886775723392,8,4,10,13
1518231600,7288.84,7212.615453677974,59.928618715524436,8,4,10,14
1518228000,7195.27,7209.461734827433,59.64567398282963,8,4,10,15
1518224400,7246.62,7216.217783040627,55.2905304149657,8,4,10,16
1518220800,7084.98,7192.3563679423305,57.14006940479261,8,4,10,17
1518217200,7012.04,7159.571573770997,50.112528716657486,8,4,10,18
1518213600,6987.17,7128.225833085361,47.28634768673376,8,4,10,19
1518210000,6987.93,7102.717499797113,46.32698590404048,8,4,10,20
1518206400,7070.67,7096.890681652183,46.36279845390766,8,4,10,21
1518202800,7057.67,7089.759648624513,50.25433495641939,8,4,10,22
1518199200,7066.19,7085.47425796551,49.64487948907875,8,4,10,23
1518195600,6853.63,7043.320756517236,50.072237136561355,8,5,11,0
1518192000,6805.67,7000.111528059557,40.77474666841337,8,5,11,1
1518188400,6881.29,6978.50761386691,39.014486126530876,8,5,11,2
1518184800,6773.33,6941.202593163835,43.179647105518896,8,5,11,3
1518181200,6735.73,6903.843939861319,39.07637550822318,8,5,11,4
1518177600,6771.24,6879.734132613806,37.731551387380506,8,5,11,5
1518174000,6748.75,6855.918835774932,39.83739145481129,8,5,11,6
1518170400,6762.97,6839.019047452216,38.9392022007524,8,5,11,7
1518166800,6597.94,6795.186493369994,39.86244840025554,8,5,11,8
1518163200,6557.93,6752.048949120905,33.526749979516666,8,5,11,9
1518159600,6548.03,6714.954594735285,32.190910949586225,8,5,11,10
1518156000,6471.93,6670.768304783414,31.85272112345976,8,5,11,11
1518152400,6444.54,6629.635885731885,29.30418353712915,8,5,11,12
1518148800,6623.64,6628.545724689724,28.422724237446033,8,5,11,13
1518145200,6653.6,6633.10104747341,40.933924874479146,8,5,11,14
1518141600,6561.5,6620.082675205517,42.737060396249554,8,5,11,15
1518138000,6519.38,6601.773097895422,38.81435958625733,8,5,11,16
1518134400,6755.16,6629.6616255508,37.13561518586062,8,5,11,17
1518130800,6754.44,6652.348602723381,50.13662548788566,8,5,11,18
1518127200,6721.71,6664.959765864584,50.10254996892266,8,5,11,19
1518123600,6800.22,6689.5525357073875,48.489192791182106,8,5,11,20
1518120000,6877.51,6723.7266201242255,52.44496148322539,8,5,11,21
1518116400,6739.08,6726.518143738002,56.02525686217014,8,5,11,22
1518112800,6710.39,6723.585753967456,48.92113447220317,8,5,11,23
1518109200,6802.85,6737.997435064282,47.57469268138181,8,6,12,0
1518105600,6755.38,6741.157901416231,52.14577819135304,8,6,12,1
1518102000,6897.51,6769.585555704189,49.747499530898814,8,6,12,2
1518098400,6915.23,6796.066363757972,56.23735806560838,8,6,12,3
1518094800,7065.78,6845.105206711068,56.9832531793764,8,6,12,4
1518091200,6965.28,6866.955169127237,62.78656278779189,8,6,12,5
1518087600,7018.66,6894.537865649557,57.235529079456526,8,6,12,6
1518084000,6825.51,6881.987344622365,59.29408138796334,8,6,12,7
1518080400,6741.77,6856.493281963752,49.92861972797911,8,6,12,8
1518076800,6799.14,6846.065412515797,46.49945288683649,8,6,12,9
1518073200,6549.44,6792.133519331106,49.07972988493226,8,6,12,10
1518069600,6513.9,6741.54560672545,40.03040012038902,8,6,12,11
1518066000,6655.29,6725.862769139005,38.93016855841897,8,6,12,12
1518062400,6514.9,6687.505902022822,45.36385871906793,8,6,12,13
1518058800,6537.53,6660.23755620049,40.770963303103436,8,6,12,14
1518055200,6413.11,6615.305273254946,41.79396799170431,8,6,12,15
1518051600,6286.67,6555.55340539041,37.916392258416,8,6,12,16
1518048000,6177.36,6486.790968046699,34.421341783047666,8,6,12,17
1518044400,6400.67,6471.1326102200255,31.7007921712338,8,6,12,18
1518040800,6609.19,6496.233953816384,41.8177973788402,8,6,12,19
1518037200,6674.73,6528.687780395223,49.36084705098638,8,6,12,20
1518033600,6667.31,6553.891820323364,51.489646047311886,8,6,12,21
1518030000,6749.72,6589.496943900934,51.22708516630252,8,6,12,22
1518026400,6812.71,6630.081135918946,54.03082381090356,8,6,12,23
1518022800,6526.95,6611.330020297319,56.10775902073285,8,0,13,0
1518019200,6686.14,6624.931834788716,45.962284837083175,8,0,13,1
1518015600,6718.96,6642.0278648271305,51.25060440807342,8,0,13,2
1518012000,6765.41,6664.460980313106,52.28732554229924,8,0,13,3
1518008400,6854.51,6699.015347528904,53.78530090680689,8,0,13,4
1518004800,6730.27,6704.698011614558,56.60003247417536,8,0,13,5
1518001200,6724.6,6708.316554957365,51.857234470030065,8,0,13,6
1517997600,6486.5,6667.986272237844,51.64454367627439,8,0,13,7
1517994000,6199.7,6582.843313649144,43.56419576101153,8,0,13,8
1517990400,6252.62,6522.802711167481,36.21417385686688,8,0,13,9
1517986800,6038.68,6434.78040004612,38.283300150010554,8,0,13,10
1517983200,6011.18,6357.76214549228,33.54571807600708,8,0,13,11
1517979600,6036.5,6299.350846311865,32.98073799883815,8,0,13,12
1517976000,5864.84,6220.348874255162,34.08156386893198,8,0,13,13
1517972400,5928.98,6167.372715299677,30.43201048175156,8,0,13,14
1517968800,6128.46,6160.29767615428,33.30578635039393,8,0,13,15
1517965200,6128.39,6154.496280489866,41.411822185040585,8,0,13,16
1517961600,6206.87,6164.018774946254,41.40992019551782,8,0,13,17
1517958000,6164.75,6164.151724956026,44.48824455259498,8,0,13,18
1517954400,6286.41,6186.380502236749,43.17707880039757,8,0,13,19
1517950800,6076.49,6166.400410920975,47.94892224463017,8,0,13,20
1517947200,6086.95,6151.954881662616,41.476647237607,8,0,13,21
1517943600,5774.66,6083.355812269412,41.89750509875356,8,0,13,22
1517940000,5612.85,5997.809300947701,34.02937850173001,8,0,13,23
1517936400,5731.37,5949.365791684482,30.801702978872314,8,1,14,0
1517932800,5919.22,5943.88473865094,35.61859870238965,8,1,14,1
1517929200,5805.6,5918.742058896223,42.45578970742976,8,1,14,2
1517925600,5740.26,5886.290775460546,39.708946196046625,8,1,14,3
1517922000,5321.84,5783.663361740447,38.17915439637056,8,1,14,4
1517918400,5142.58,5667.10275051491,30.16488948876885,8,1,14,5
1517914800,5083.76,5561.040432239472,27.50141764438324,8,1,14,6
1517911200,5308.61,5515.143990014113,26.669300801112513,8,1,14,7
1517907600,4837.52,5391.939628193365,34.79170556054582,8,1,14,8
1517904000,4741.37,5273.654241249117,27.835229627580162,8,1,14,9
1517900400,5007.91,5225.33710647655,26.66341367784905,8,1,14,10
1517896800,5181.79,5217.41945075354,34.85123860706054,8,1,14,11
1517893200,4875.74,5155.295914252896,39.58963348022656,8,1,14,12
1517889600,5090.26,5143.471202570551,34.7929236608377,8,1,14,13
1517886000,5090.69,5133.874620284996,40.256911491071094,8,1,14,14
1517882400,5127.69,5132.750143869542,40.2677161102969,8,1,14,15
1517878800,5525.9,5204.231935893261,41.25225070387646,8,1,14,16
1517875200,5485.21,5255.31885663994,50.67511729656308,8,1,14,17
1517871600,5405.21,5282.571791796314,49.796199577989064,8,1,14,18
1517868000,5696.59,5357.847829651529,48.032300139507534,8,1,14,19
1517864400,5778.82,5434.388224260341,54.3719332716701,8,1,14,20
1517860800,5290.76,5408.274001667552,56.00313472883204,8,1,14,21
1517857200,5531.37,5430.6550922734505,45.58626657732103,8,1,14,22
1517853600,5630.65,5467.017802769186,50.47682499944296,8,1,14,23
1517850000,5819.89,5531.176384083879,52.378708348447624,8,2,15,0
1517846400,5885.07,5595.5206778868105,55.85853784517224,8,2,15,1
1517842800,5898.5,5650.607827361935,57.023401078442426,8,2,15,2
1517839200,6091.26,5730.726404205219,57.273591656038136,8,2,15,3
1517835600,6126.3,5802.648876167907,60.8008788743066,8,2,15,4
1517832000,6001.76,5838.850898682832,61.424312151224,8,2,15,5
1517828400,6118.59,5889.712553467772,57.899638213723954,8,2,15,6
1517824800,6252.79,5955.72663465545,60.20649702766341,8,2,15,7
1517821200,6190.79,5998.465428354459,62.73257850947801,8,2,15,8
1517817600,6376.22,6067.148077744558,60.811930281655805,8,2,15,9
1517814000,6429.36,6133.004790881911,64.3294569914685,8,2,15,10
1517810400,6549.75,6208.7766470852,65.29096370838108,8,2,15,11
1517806800,6636.76,6286.5918021606185,67.43275510429396,8,2,15,12
1517803200,6499.98,6325.389656313233,68.92522652340185,8,2,15,13
1517799600,6420.95,6342.764264256281,63.96283716782623,8,2,15,14
1517796000,6455.41,6363.245307118775,61.22024178287523,8,2,15,15
1517792400,6580.96,6402.829796733542,61.985643857894416,8,2,15,16
1517788800,6544.21,6428.535288236533,64.71792149474788,8,2,15,17
1517785200,6729.93,6483.334326738981,63.28409348018122,8,2,15,18
1517781600,6451.93,6477.624449150076,67.23477215326272,8,2,15,19
