,Prix,ema,rsi,month,weekday,day,hour
1518048000,6177.36,6486.790968046699,34.421341783047666,8,6,12,17
1518044400,6400.67,6471.1326102200255,31.7007921712338,8,6,12,18
1518040800,6609.19,6496.233953816384,41.8177973788402,8,6,12,19
1518037200,6674.73,6528.687780395223,49.36084705098638,8,6,12,20
1518033600,6667.31,6553.891820323364,51.489646047311886,8,6,12,21
1518030000,6749.72,6589.496943900934,51.22708516630252,8,6,12,22
1518026400,6812.71,6630.081135918946,54.03082381090356,8,6,12,23
1518022800,6526.95,6611.330020297319,56.10775902073285,8,0,13,0
1518019200,6686.14,6624.931834788716,45.962284837083175,8,0,13,1
1518015600,6718.96,6642.0278648271305,51.25060440807342,8,0,13,2
1518012000,6765.41,6664.460980313106,52.28732554229924,8,0,13,3
1518008400,6854.51,6699.015347528904,53.78530090680689,8,0,13,4
1518004800,6730.27,6704.698011614558,56.60003247417536,8,0,13,5
1518001200,6724.6,6708.316554957365,51.857234470030065,8,0,13,6
1517997600,6486.5,6667.986272237844,51.64454367627439,8,0,13,7
1517994000,6199.7,6582.843313649144,43.56419576101153,8,0,13,8
1517990400,6252.62,6522.802711167481,36.21417385686688,8,0,13,9
1517986800,6038.68,6434.78040004612,38.283300150010554,8,0,13,10
1517983200,6011.18,6357.76214549228,33.54571807600708,8,0,13,11
1517979600,6036.5,6299.350846311865,32.98073799883815,8,0,13,12
1517976000,5864.84,6220.348874255162,34.08156386893198,8,0,13,13
1517972400,5928.98,6167.372715299677,30.43201048175156,8,0,13,14
1517968800,6128.46,6160.29767615428,33.30578635039393,8,0,13,15
1517965200,6128.39,6154.496280489866,41.411822185040585,8,0,13,16
1517961600,6206.87,6164.018774946254,41.40992019551782,8,0,13,17
1517958000,6164.75,6164.151724956026,44.48824455259498,8,0,13,18
1517954400,6286.41,6186.380502236749,43.17707880039757,8,0,13,19
1517950800,6076.49,6166.400410920975,47.94892224463017,8,0,13,20
1517947200,6086.95,6151.954881662616,41.476647237607,8,0,13,21
1517943600,5774.66,6083.355812269412,41.89750509875356,8,0,13,22
1517940000,5612.85,5997.809300947701,34.02937850173001,8,0,13,23
1517936400,5731.37,5949.365791684482,30.801702978872314,8,1,14,0
1517932800,5919.22,5943.88473865094,35.61859870238965,8,1,14,1
1517929200,5805.6,5918.742058896223,42.45578970742976,8,1,14,2
1517925600,5740.26,5886.290775460546,39.708946196046625,8,1,14,3
1517922000,5321.84,5783.663361740447,38.17915439637056,8,1,14,4
1517918400,5142.58,5667.10275051491,30.16488948876885,8,1,14,5
1517914800,5083.76,5561.040432239472,27.50141764438324,8,1,14,6
1517911200,5308.61,5515.143990014113,26.669300801112513,8,1,14,7
1517907600,4837.52,5391.939628193365,34.79170556054582,8,1,14,8
1517904000,4741.37,5273.654241249117,27.835229627580162,8,1,14,9
1517900400,5007.91,5225.33710647655,26.66341367784905,8,1,14,10
1517896800,5181.79,5217.41945075354,34.85123860706054,8,1,14,11
1517893200,4875.74,5155.295914252896,39.58963348022656,8,1,14,12
1517889600,5090.26,5143.471202570551,34.7929236608377,8,1,14,13
1517886000,5090.69,5133.874620284996,40.256911491071094,8,1,14,14
1517882400,5127.69,5132.750143869542,40.2677161102969,8,1,14,15
1517878800,5525.9,5204.231935893261,41.25225070387646,8,1,14,16
1517875200,5485.21,5255.31885663994,50.67511729656308,8,1,14,17
1517871600,5405.21,5282.571791796314,49.796199577989064,8,1,14,18
1517868000,5696.59,5357.847829651529,48.032300139507534,8,1,14,19
1517864400,5778.82,5434.388224260341,54.3719332716701,8,1,14,20
1517860800,5290.76,5408.274001667552,56.00313472883204,8,1,14,21
1517857200,5531.37,5430.6550922734505,45.58626657732103,8,1,14,22
1517853600,5630.65,5467.017802769186,50.47682499944296,8,1,14,23
1517850000,5819.89,5531.176384083879,52.378708348447624,8,2,15,0
1517846400,5885.07,5595.5206778868105,55.85853784517224,8,2,15,1
1517842800,5898.5,5650.607827361935,57.023401078442426,8,2,15,2
1517839200,6091.26,5730.726404205219,57.273591656038136,8,2,15,3
1517835600,6126.3,5802.648876167907,60.8008788743066,8,2,15,4
1517832000,6001.76,5838.850898682832,61.424312151224,8,2,15,5
1517828400,6118.59,5889.712553467772,57.899638213723954,8,2,15,6
1517824800,6252.79,5955.72663465545,60.20649702766341,8,2,15,7
1517821200,6190.79,5998.465428354459,62.73257850947801,8,2,15,8
1517817600,6376.22,6067.148077744558,60.811930281655805,8,2,15,9
1517814000,6429.36,6133.004790881911,64.3294569914685,8,2,15,10
1517810400,6549.75,6208.7766470852,65.29096370838108,8,2,15,11
1517806800,6636.76,6286.5918021606185,67.43275510429396,8,2,15,12
1517803200,6499.98,6325.389656313233,68.92522652340185,8,2,15,13
1517799600,6420.95,6342.764264256281,63.96283716782623,8,2,15,14
1517796000,6455.41,6363.245307118775,61.22024178287523,8,2,15,15
1517792400,6580.96,6402.829796733542,61.985643857894416,8,2,15,16
1517788800,6544.21,6428.535288236533,64.71792149474788,8,2,15,17
1517785200,6729.93,6483.334326738981,63.28409348018122,8,2,15,18
1517781600,6451.93,6477.624449150076,67.23477215326272,8,2,15,19
1517778000,6498.36,6481.394549304607,57.296393427470576,8,2,15,20
1517774400,6543.02,6492.599176703769,58.40232742365037,8,2,15,21
1517770800,6678.69,6526.433871848539,59.48910631750418,8,2,15,22
1517767200,6785.58,6573.5513496942585,62.67899334435828,8,2,15,23
1517763600,6770.88,6609.429286113484,65.01625690855107,8,3,16,0
1517760000,6726.87,6630.782143183758,64.41876548155345,8,3,16,1
1517756400,6947.56,6688.378117150347,62.56497889664661,8,3,16,2
1517752800,6999.19,6744.8893685775565,67.60007045861983,8,3,16,3
1517749200,7008.93,6792.896756108909,68.662021327569,8,3,16,4
1517745600,7001.83,6830.884618634562,68.8693171362925,8,3,16,5
1517742000,7086.64,6877.385597064642,68.51353837964231,8,3,16,6
1517738400,7109.56,6919.599124871071,70.47558335979924,8,3,16,7
1517734800,7319.01,6992.219283985421,71.0014951902202,8,3,16,8
1517731200,7408.21,7067.853959624435,75.32672213241578,8,3,16,9
1517727600,7450.73,7137.467785147265,76.90648706323032,8,3,16,10
1517724000,7444.5,7193.291824211399,77.64137938627655,8,3,16,11
1517720400,7301.03,7212.88058344569,77.25346920879615,8,3,16,12
1517716800,7410.97,7248.896841001018,68.73653482747129,8,3,16,13
1517713200,7288.08,7256.021051728106,71.34367907203182,8,3,16,14
1517709600,7198.56,7245.5735877775405,64.83513483970677,8,3,16,15
1517706000,7299.51,7255.380208181624,60.50494029393474,8,3,16,16
1517702400,7424.27,7286.087443057691,63.46800611961498,8,3,16,17
1517698800,7335.32,7295.0388170472015,66.78459613161652,8,3,16,18
1517695200,7382.14,7310.875395765892,62.43263182430316,8,3,16,19
1517691600,7466.48,7339.167141990274,63.77088085090332,8,3,16,20
1517688000,7479.79,7364.734934355678,66.11268310484509,8,3,16,21
1517684400,7563.87,7400.9413099273725,66.48090857459025,8,3,16,22
1517680800,7405.31,7401.735617213304,68.78816208175424,8,3,16,23
1517677200,7497.26,7419.103686810885,60.35139588832189,8,4,17,0
1517673600,7419.04,7419.092107390724,63.172247876406644,8,4,17,1
1517670000,7548.47,7442.61536059241,59.306734583786664,8,4,17,2
1517666400,7461.18,7445.990749575608,63.307640203635025,8,4,17,3
1517662800,7274.9,7414.883340561861,59.088237043334544,8,4,17,4
1517659200,7282.26,7390.770005914249,51.23971279627894,8,4,17,5
1517655600,7057.53,7330.18091392984,51.51374517452611,8,4,17,6
1517652000,7138.47,7295.324384124415,43.47882846506811,8,4,17,7
1517648400,7160.96,7270.894496101793,46.70320799016474,8,4,17,8
1517644800,6948.67,7212.3082240832855,47.5977401419285,8,4,17,9
1517641200,6953.54,7165.259456068142,40.66042307974279,8,4,17,10
1517637600,6790.43,7097.108645873934,40.87332167663525,8,4,17,11
1517634000,6750.62,7034.110710260491,36.190007083852265,8,4,17,12
1517630400,6647.22,6963.766944758583,35.13194331052448,8,4,17,13
1517626800,6851.48,6943.3511366206585,32.47611332703909,8,4,17,14
1517623200,6916.32,6938.436384507811,41.83097468159352,8,4,17,15
1517619600,7035.98,6956.171587324572,44.46136089023539,8,4,17,16
1517616000,7098.78,6982.100389629195,49.04107787987411,8,4,17,17
1517612400,7051.81,6994.774864242068,51.310294139161634,8,4,17,18
1517608800,6899.28,6977.412161652601,49.53364551042293,8,4,17,19
1517605200,6883.47,6960.331768624855,44.183379609349636,8,4,17,20
1517601600,6925.71,6954.036901602154,43.657010551883594,8,4,17,21
1517598000,6863.34,6937.546555856307,45.52429716754237,8,4,17,22
1517594400,7014.71,6951.576272973342,43.24528631684721,8,4,17,23
1517590800,7348.35,7023.716950614553,49.81204949879831,8,5,18,0
1517587200,7260.88,7066.83750504827,60.6259523750453,8,5,18,1
1517583600,6940.63,7043.890685948585,57.149312467112814,8,5,18,2
1517580000,7152.69,7063.672379412478,46.610343298986926,8,5,18,3
1517576400,6570.21,6973.951946792027,52.81534885230158,8,5,18,4
1517572800,6336.52,6858.055229193476,39.30330462792909,8,5,18,5
1517569200,6374.39,6770.116096612845,35.391284955251265,8,5,18,6
1517565600,6525.13,6725.573169955964,36.494407585887835,8,5,18,7
1517562000,6522.6,6688.668957236698,40.82538594592743,8,5,18,8
1517558400,6695.45,6689.901874102752,40.77512322236412,8,5,18,9
1517554800,6793.26,6708.694260629524,45.69432338012831,8,5,18,10
1517551200,6842.37,6732.9989405150645,48.31063851741448,8,5,18,11
1517547600,6914.74,6766.042769512325,49.62298530154435,8,5,18,12
1517544000,6935.65,6796.880447782811,51.57416765684526,8,5,18,13
1517540400,7064.89,6845.609457276844,52.15082789039184,8,5,18,14
1517536800,6883.03,6852.413192317417,55.6649564739728,8,5,18,15
1517533200,6941.02,6868.523520986977,50.090257678888776,8,5,18,16
1517529600,7179.6,6925.082880807526,51.74961871557975,8,5,18,17
1517526000,7121.69,6960.829629751611,57.944636538378695,8,5,18,18
1517522400,7282.72,7019.355151614954,56.063056085042554,8,5,18,19
1517518800,7287.76,7068.156033139507,59.9568723318712,8,5,18,20
1517515200,6969.0,7050.127663477778,60.07613009678399,8,5,18,21
1517511600,7181.87,7074.080815572726,49.94479123997785,8,5,18,22
1517508000,7188.8,7094.938849104958,55.35899038163418,8,5,18,23
1517504400,7171.45,7108.849967449511,55.527637377232395,8,6,19,0
1517500800,7375.13,7157.264518822327,54.96774641085162,8,6,19,1
1531897200,6413.19,7021.9782426728125,60.05922938215955,8,6,19,2
1531893600,6408.0,6910.345834914119,38.13165635480089,8,6,19,3
1531890000,6376.77,6813.332046747915,38.05093652864855,8,6,19,4
1531886400,6393.02,6736.911674611931,37.536025559944314,8,6,19,5
1531882800,6337.35,6664.264097409761,38.00611630564622,8,6,19,6
1531879200,6283.76,6595.081534244349,36.979367731390376,8,6,19,7
1531875600,6292.9,6540.139437109013,35.97192241408197,8,6,19,8
1531872000,6270.74,6491.15772127101,36.29071765994116,8,6,19,9
1531868400,6268.4,6450.656317403554,35.82498612182593,8,6,19,10
1531864800,6303.0,6423.809714239271,35.77277974366493,8,6,19,11
1531861200,6261.5,6394.298857104857,37.22937506704276,8,6,19,12
1531857600,6255.35,6369.035428540337,36.16982170403496,8,6,19,13
1531854000,6277.95,6352.474441533003,36.00628055243431,8,6,19,14
1531850400,6146.98,6315.11181579973,37.13123164710469,8,6,19,15
1531846800,5796.68,6220.851485654324,33.46031604245303,8,6,19,16
