,Prix,ema,rsi,month,weekday,day,hour
1517940000,5612.85,5997.809300947701,34.02937850173001,8,0,13,23
1517936400,5731.37,5949.365791684482,30.801702978872314,8,1,14,0
1517932800,5919.22,5943.88473865094,35.61859870238965,8,1,14,1
1517929200,5805.6,5918.742058896223,42.45578970742976,8,1,14,2
1517925600,5740.26,5886.290775460546,39.708946196046625,8,1,14,3
1517922000,5321.84,5783.663361740447,38.17915439637056,8,1,14,4
1517918400,5142.58,5667.10275051491,30.16488948876885,8,1,14,5
1517914800,5083.76,5561.040432239472,27.50141764438324,8,1,14,6
1517911200,5308.61,5515.143990014113,26.669300801112513,8,1,14,7
1517907600,4837.52,5391.939628193365,34.79170556054582,8,1,14,8
1517904000,4741.37,5273.654241249117,27.835229627580162,8,1,14,9
1517900400,5007.91,5225.33710647655,26.66341367784905,8,1,14,10
1517896800,5181.79,5217.41945075354,34.85123860706054,8,1,14,11
1517893200,4875.74,5155.295914252896,39.58963348022656,8,1,14,12
1517889600,5090.26,5143.471202570551,34.7929236608377,8,1,14,13
1517886000,5090.69,5133.874620284996,40.256911491071094,8,1,14,14
1517882400,5127.69,5132.750143869542,40.2677161102969,8,1,14,15
1517878800,5525.9,5204.231935893261,41.25225070387646,8,1,14,16
1517875200,5485.21,5255.31885663994,50.67511729656308,8,1,14,17
1517871600,5405.21,5282.571791796314,49.796199577989064,8,1,14,18
1517868000,5696.59,5357.847829651529,48.032300139507534,8,1,14,19
1517864400,5778.82,5434.388224260341,54.3719332716701,8,1,14,20
1517860800,5290.76,5408.274001667552,56.00313472883204,8,1,14,21
1517857200,5531.37,5430.6550922734505,45.58626657732103,8,1,14,22
1517853600,5630.65,5467.017802769186,50.47682499944296,8,1,14,23
1517850000,5819.89,5531.176384083879,52.378708348447624,8,2,15,0
1517846400,5885.07,5595.5206778868105,55.85853784517224,8,2,15,1
1517842800,5898.5,5650.607827361935,57.023401078442426,8,2,15,2
1517839200,6091.26,5730.726404205219,57.273591656038136,8,2,15,3
1517835600,6126.3,5802.648876167907,60.8008788743066,8,2,15,4
1517832000,6001.76,5838.850898682832,61.424312151224,8,2,15,5
1517828400,6118.59,5889.712553467772,57.899638213723954,8,2,15,6
1517824800,6252.79,5955.72663465545,60.20649702766341,8,2,15,7
1517821200,6190.79,5998.465428354459,62.73257850947801,8,2,15,8
1517817600,6376.22,6067.148077744558,60.811930281655805,8,2,15,9
1517814000,6429.36,6133.004790881911,64.3294569914685,8,2,15,10
1517810400,6549.75,6208.7766470852,65.29096370838108,8,2,15,11
1517806800,6636.76,6286.5918021606185,67.43275510429396,8,2,15,12
1517803200,6499.98,6325.389656313233,68.92522652340185,8,2,15,13
1517799600,6420.95,6342.764264256281,63.96283716782623,8,2,15,14
1517796000,6455.41,6363.245307118775,61.22024178287523,8,2,15,15
1517792400,6580.96,6402.829796733542,61.985643857894416,8,2,15,16
1517788800,6544.21,6428.535288236533,64.71792149474788,8,2,15,17
1517785200,6729.93,6483.334326738981,63.28409348018122,8,2,15,18
1517781600,6451.93,6477.624449150076,67.23477215326272,8,2,15,19
1517778000,6498.36,6481.394549304607,57.296393427470576,8,2,15,20
1517774400,6543.02,6492.599176703769,58.40232742365037,8,2,15,21
1517770800,6678.69,6526.433871848539,59.48910631750418,8,2,15,22
1517767200,6785.58,6573.5513496942585,62.67899334435828,8,2,15,23
1517763600,6770.88,6609.429286113484,65.01625690855107,8,3,16,0
1517760000,6726.87,6630.782143183758,64.41876548155345,8,3,16,1
1517756400,6947.56,6688.378117150347,62.56497889664661,8,3,16,2
1517752800,6999.19,6744.8893685775565,67.60007045861983,8,3,16,3
1517749200,7008.93,6792.896756108909,68.662021327569,8,3,16,4
1517745600,7001.83,6830.884618634562,68.8693171362925,8,3,16,5
1517742000,7086.64,6877.385597064642,68.51353837964231,8,3,16,6
1517738400,7109.56,6919.599124871071,70.47558335979924,8,3,16,7
1517734800,7319.01,6992.219283985421,71.0014951902202,8,3,16,8
1517731200,7408.21,7067.853959624435,75.32672213241578,8,3,16,9
1517727600,7450.73,7137.467785147265,76.90648706323032,8,3,16,10
1517724000,7444.5,7193.291824211399,77.64137938627655,8,3,16,11
1517720400,7301.03,7212.88058344569,77.25346920879615,8,3,16,12
1517716800,7410.97,7248.896841001018,68.73653482747129,8,3,16,13
1517713200,7288.08,7256.021051728106,71.34367907203182,8,3,16,14
1517709600,7198.56,7245.5735877775405,64.83513483970677,8,3,16,15
1517706000,7299.51,7255.380208181624,60.50494029393474,8,3,16,16
1517702400,7424.27,7286.087443057691,63.46800611961498,8,3,16,17
1517698800,7335.32,7295.0388170472015,66.78459613161652,8,3,16,18
1517695200,7382.14,7310.875395765892,62.43263182430316,8,3,16,19
1517691600,7466.48,7339.167141990274,63.77088085090332,8,3,16,20
1517688000,7479.79,7364.734934355678,66.11268310484509,8,3,16,21
1517684400,7563.87,7400.9413099273725,66.48090857459025,8,3,16,22
1517680800,7405.31,7401.735617213304,68.78816208175424,8,3,16,23
1517677200,7497.26,7419.103686810885,60.35139588832189,8,4,17,0
1517673600,7419.04,7419.092107390724,63.172247876406644,8,4,17,1
1517670000,7548.47,7442.61536059241,59.306734583786664,8,4,17,2
1517666400,7461.18,7445.990749575608,63.307640203635025,8,4,17,3
1517662800,7274.9,7414.883340561861,59.088237043334544,8,4,17,4
1517659200,7282.26,7390.770005914249,51.23971279627894,8,4,17,5
1517655600,7057.53,7330.18091392984,51.51374517452611,8,4,17,6
1517652000,7138.47,7295.324384124415,43.47882846506811,8,4,17,7
1517648400,7160.96,7270.894496101793,46.70320799016474,8,4,17,8
1517644800,6948.67,7212.3082240832855,47.5977401419285,8,4,17,9
1517641200,6953.54,7165.259456068142,40.66042307974279,8,4,17,10
1517637600,6790.43,7097.108645873934,40.87332167663525,8,4,17,11
1517634000,6750.62,7034.110710260491,36.190007083852265,8,4,17,12
1517630400,6647.22,6963.766944758583,35.13194331052448,8,4,17,13
1517626800,6851.48,6943.3511366206585,32.47611332703909,8,4,17,14
1517623200,6916.32,6938.436384507811,41.83097468159352,8,4,17,15
1517619600,7035.98,6956.171587324572,44.46136089023539,8,4,17,16
1517616000,7098.78,6982.100389629195,49.04107787987411,8,4,17,17
1517612400,7051.81,6994.774864242068,51.310294139161634,8,4,17,18
1517608800,6899.28,6977.412161652601,49.53364551042293,8,4,17,19
1517605200,6883.47,6960.331768624855,44.183379609349636,8,4,17,20
1517601600,6925.71,6954.036901602154,43.657010551883594,8,4,17,21
1517598000,6863.34,6937.546555856307,45.52429716754237,8,4,17,22
1517594400,7014.71,6951.576272973342,43.24528631684721,8,4,17,23
1517590800,7348.35,7023.716950614553,49.81204949879831,8,5,18,0
1517587200,7260.88,7066.83750504827,60.6259523750453,8,5,18,1
1517583600,6940.63,7043.890685948585,57.149312467112814,8,5,18,2
1517580000,7152.69,7063.672379412478,46.610343298986926,8,5,18,3
1517576400,6570.21,6973.951946792027,52.81534885230158,8,5,18,4
1517572800,6336.52,6858.055229193476,39.30330462792909,8,5,18,5
1517569200,6374.39,6770.116096612845,35.391284955251265,8,5,18,6
1517565600,6525.13,6725.573169955964,36.494407585887835,8,5,18,7
1517562000,6522.6,6688.668957236698,40.82538594592743,8,5,18,8
1517558400,6695.45,6689.901874102752,40.77512322236412,8,5,18,9
1517554800,6793.26,6708.694260629524,45.69432338012831,8,5,18,10
1517551200,6842.37,6732.9989405150645,48.31063851741448,8,5,18,11
1517547600,6914.74,6766.042769512325,49.62298530154435,8,5,18,12
1517544000,6935.65,6796.880447782811,51.57416765684526,8,5,18,13
1517540400,7064.89,6845.609457276844,52.15082789039184,8,5,18,14
1517536800,6883.03,6852.413192317417,55.6649564739728,8,5,18,15
1517533200,6941.02,6868.523520986977,50.090257678888776,8,5,18,16
1517529600,7179.6,6925.082880807526,51.74961871557975,8,5,18,17
1517526000,7121.69,6960.829629751611,57.944636538378695,8,5,18,18
1517522400,7282.72,7019.355151614954,56.063056085042554,8,5,18,19
1517518800,7287.76,7068.156033139507,59.9568723318712,8,5,18,20
1517515200,6969.0,7050.127663477778,60.07613009678399,8,5,18,21
1517511600,7181.87,7074.080815572726,49.94479123997785,8,5,18,22
1517508000,7188.8,7094.938849104958,55.35899038163418,8,5,18,23
1517504400,7171.45,7108.849967449511,55.527637377232395,8,6,19,0
1517500800,7375.13,7157.264518822327,54.96774641085162,8,6,19,1
1531897200,6413.19,7021.9782426728125,60.05922938215955,8,6,19,2
1531893600,6408.0,6910.345834914119,38.13165635480089,8,6,19,3
1531890000,6376.77,6813.332046747915,38.05093652864855,8,6,19,4
1531886400,6393.02,6736.911674611931,37.536025559944314,8,6,19,5
1531882800,6337.35,6664.264097409761,38.00611630564622,8,6,19,6
1531879200,6283.76,6595.081534244349,36.979367731390376,8,6,19,7
1531875600,6292.9,6540.139437109013,35.97192241408197,8,6,19,8
1531872000,6270.74,6491.15772127101,36.29071765994116,8,6,19,9
1531868400,6268.4,6450.656317403554,35.82498612182593,8,6,19,10
1531864800,6303.0,6423.809714239271,35.77277974366493,8,6,19,11
1531861200,6261.5,6394.298857104857,37.22937506704276,8,6,19,12
1531857600,6255.35,6369.035428540337,36.16982170403496,8,6,19,13
1531854000,6277.95,6352.474441533003,36.00628055243431,8,6,19,14
1531850400,6146.98,6315.11181579973,37.13123164710469,8,6,19,15
1531846800,5796.68,6220.851485654324,33.46031604245303,8,6,19,16
1531843200,5799.34,6144.213033717175,26.0439003634488,8,6,19,17
1531839600,5744.7,6071.574300314052,26.177707025822713,8,6,19,18
1531836000,5721.39,6007.904427529679,25.170298008358316,8,6,19,19
1531832400,5731.29,5957.610895251555,24.73301009653011,8,6,19,20
1531828800,5710.67,5912.712550660363,25.326377844631494,8,6,19,21
1531825200,5728.43,5879.206632358479,24.886311583925234,8,6,19,22
1531821600,5709.89,5848.421790111483,26.077716395571557,8,6,19,23
1531818000,5724.27,5825.84873736394,25.620854101133148,8,0,20,0
1531814400,5705.03,5803.88169420686,26.693586921229752,8,0,20,1
1531810800,5687.35,5782.694113441976,26.150154548778218,8,0,20,2
1531807200,5714.34,5770.266092816161,25.633723736369873,8,0,20,3
1531803600,5729.44,5762.843166849587,27.972254121501024,8,0,20,4
1531800000,5745.31,5759.65531833148,29.31154290044222,8,0,20,5
1531796400,5745.33,5757.050714998483,30.76855272404417,8,0,20,6
1531792800,5738.33,5753.6469486351225,30.770489337707332,8,0,20,7
1531789200,5745.39,5752.145685246918,30.449440116880055,8,0,20,8
1531785600,5746.09,5751.0446515656595,31.228794884723172,8,0,20,9
1531782000,5696.17,5741.067442190085,31.310981273977617,8,0,20,10
1531778400,5688.36,5731.484270882796,28.678801853222538,8,0,20,11
1531774800,5684.96,5723.02531254047,28.27827388466919,8,0,20,12
1531771200,5696.45,5718.193437533111,28.09432253649038,8,0,20,13
1531767600,5684.63,5712.0909943452725,29.757265237698462,8,0,20,14
1531764000,5690.62,5708.187177191587,29.01389983995321,8,0,20,15
1531760400,5655.73,5698.649508611298,29.968663258860317,8,0,20,16
1531756800,5648.56,5689.542325227426,27.636968545056007,8,0,20,17
1531753200,5651.91,5682.700084276984,27.169143854332205,8,0,20,18
1531749600,5618.04,5670.943705317532,27.784228835708845,8,0,20,19
1531746000,5634.1,5664.244849805253,25.44448433873508,8,0,20,20
1531742400,5654.15,5662.409422567933,28.5183147145395,8,0,20,21
1531738800,5584.69,5648.278618464672,32.27252441430731,8,0,20,22
