,Prix,ema,rsi,month,weekday,day,hour
1517731200,7408.21,7067.853959624435,75.32672213241578,8,3,16,9
1517727600,7450.73,7137.467785147265,76.90648706323032,8,3,16,10
1517724000,7444.5,7193.291824211399,77.64137938627655,8,3,16,11
1517720400,7301.03,7212.88058344569,77.25346920879615,8,3,16,12
1517716800,7410.97,7248.896841001018,68.73653482747129,8,3,16,13
1517713200,7288.08,7256.021051728106,71.34367907203182,8,3,16,14
1517709600,7198.56,7245.5735877775405,64.83513483970677,8,3,16,15
1517706000,7299.51,7255.380208181624,60.50494029393474,8,3,16,16
1517702400,7424.27,7286.087443057691,63.46800611961498,8,3,16,17
1517698800,7335.32,7295.0388170472015,66.78459613161652,8,3,16,18
1517695200,7382.14,7310.875395765892,62.43263182430316,8,3,16,19
1517691600,7466.48,7339.167141990274,63.77088085090332,8,3,16,20
1517688000,7479.79,7364.734934355678,66.11268310484509,8,3,16,21
1517684400,7563.87,7400.9413099273725,66.48090857459025,8,3,16,22
1517680800,7405.31,7401.735617213304,68.78816208175424,8,3,16,23
1517677200,7497.26,7419.103686810885,60.35139588832189,8,4,17,0
1517673600,7419.04,7419.092107390724,63.172247876406644,8,4,17,1
1517670000,7548.47,7442.61536059241,59.306734583786664,8,4,17,2
1517666400,7461.18,7445.990749575608,63.307640203635025,8,4,17,3
1517662800,7274.9,7414.883340561861,59.088237043334544,8,4,17,4
1517659200,7282.26,7390.770005914249,51.23971279627894,8,4,17,5
1517655600,7057.53,7330.18091392984,51.51374517452611,8,4,17,6
1517652000,7138.47,7295.324384124415,43.47882846506811,8,4,17,7
1517648400,7160.96,7270.894496101793,46.70320799016474,8,4,17,8
1517644800,6948.67,7212.3082240832855,47.5977401419285,8,4,17,9
1517641200,6953.54,7165.259456068142,40.66042307974279,8,4,17,10
1517637600,6790.43,7097.108645873934,40.87332167663525,8,4,17,11
1517634000,6750.62,7034.110710260491,36.190007083852265,8,4,17,12
1517630400,6647.22,6963.766944758583,35.13194331052448,8,4,17,13
1517626800,6851.48,6943.3511366206585,32.47611332703909,8,4,17,14
1517623200,6916.32,6938.436384507811,41.83097468159352,8,4,17,15
1517619600,7035.98,6956.171587324572,44.46136089023539,8,4,17,16
1517616000,7098.78,6982.100389629195,49.04107787987411,8,4,17,17
1517612400,7051.81,6994.774864242068,51.310294139161634,8,4,17,18
1517608800,6899.28,6977.412161652601,49.53364551042293,8,4,17,19
1517605200,6883.47,6960.331768624855,44.183379609349636,8,4,17,20
1517601600,6925.71,6954.036901602154,43.657010551883594,8,4,17,21
1517598000,6863.34,6937.546555856307,45.52429716754237,8,4,17,22
1517594400,7014.71,6951.576272973342,43.24528631684721,8,4,17,23
1517590800,7348.35,7023.716950614553,49.81204949879831,8,5,18,0
1517587200,7260.88,7066.83750504827,60.6259523750453,8,5,18,1
1517583600,6940.63,7043.890685948585,57.149312467112814,8,5,18,2
1517580000,7152.69,7063.672379412478,46.610343298986926,8,5,18,3
1517576400,6570.21,6973.951946792027,52.81534885230158,8,5,18,4
1517572800,6336.52,6858.055229193476,39.30330462792909,8,5,18,5
1517569200,6374.39,6770.116096612845,35.391284955251265,8,5,18,6
1517565600,6525.13,6725.573169955964,36.494407585887835,8,5,18,7
1517562000,6522.6,6688.668957236698,40.82538594592743,8,5,18,8
1517558400,6695.45,6689.901874102752,40.77512322236412,8,5,18,9
1517554800,6793.26,6708.694260629524,45.69432338012831,8,5,18,10
1517551200,6842.37,6732.9989405150645,48.31063851741448,8,5,18,11
1517547600,6914.74,6766.042769512325,49.62298530154435,8,5,18,12
1517544000,6935.65,6796.880447782811,51.57416765684526,8,5,18,13
1517540400,7064.89,6845.609457276844,52.15082789039184,8,5,18,14
1517536800,6883.03,6852.413192317417,55.6649564739728,8,5,18,15
1517533200,6941.02,6868.523520986977,50.090257678888776,8,5,18,16
1517529600,7179.6,6925.082880807526,51.74961871557975,8,5,18,17
1517526000,7121.69,6960.829629751611,57.944636538378695,8,5,18,18
1517522400,7282.72,7019.355151614954,56.063056085042554,8,5,18,19
1517518800,7287.76,7068.156033139507,59.9568723318712,8,5,18,20
1517515200,6969.0,7050.127663477778,60.07613009678399,8,5,18,21
1517511600,7181.87,7074.080815572726,49.94479123997785,8,5,18,22
1517508000,7188.8,7094.938849104958,55.35899038163418,8,5,18,23
1517504400,7171.45,7108.849967449511,55.527637377232395,8,6,19,0
1517500800,7375.13,7157.264518822327,54.96774641085162,8,6,19,1
1531897200,6413.19,7021.9782426728125,60.05922938215955,8,6,19,2
1531893600,6408.0,6910.345834914119,38.13165635480089,8,6,19,3
1531890000,6376.77,6813.332046747915,38.05093652864855,8,6,19,4
1531886400,6393.02,6736.911674611931,37.536025559944314,8,6,19,5
1531882800,6337.35,6664.264097409761,38.00611630564622,8,6,19,6
1531879200,6283.76,6595.081534244349,36.979367731390376,8,6,19,7
1531875600,6292.9,6540.139437109013,35.97192241408197,8,6,19,8
1531872000,6270.74,6491.15772127101,36.29071765994116,8,6,19,9
1531868400,6268.4,6450.656317403554,35.82498612182593,8,6,19,10
1531864800,6303.0,6423.809714239271,35.77277974366493,8,6,19,11
1531861200,6261.5,6394.298857104857,37.22937506704276,8,6,19,12
1531857600,6255.35,6369.035428540337,36.16982170403496,8,6,19,13
1531854000,6277.95,6352.474441533003,36.00628055243431,8,6,19,14
1531850400,6146.98,6315.11181579973,37.13123164710469,8,6,19,15
1531846800,5796.68,6220.851485654324,33.46031604245303,8,6,19,16
1531843200,5799.34,6144.213033717175,26.0439003634488,8,6,19,17
1531839600,5744.7,6071.574300314052,26.177707025822713,8,6,19,18
1531836000,5721.39,6007.904427529679,25.170298008358316,8,6,19,19
1531832400,5731.29,5957.610895251555,24.73301009653011,8,6,19,20
1531828800,5710.67,5912.712550660363,25.326377844631494,8,6,19,21
1531825200,5728.43,5879.206632358479,24.886311583925234,8,6,19,22
1531821600,5709.89,5848.421790111483,26.077716395571557,8,6,19,23
1531818000,5724.27,5825.84873736394,25.620854101133148,8,0,20,0
1531814400,5705.03,5803.88169420686,26.693586921229752,8,0,20,1
1531810800,5687.35,5782.694113441976,26.150154548778218,8,0,20,2
1531807200,5714.34,5770.266092816161,25.633723736369873,8,0,20,3
1531803600,5729.44,5762.843166849587,27.972254121501024,8,0,20,4
1531800000,5745.31,5759.65531833148,29.31154290044222,8,0,20,5
1531796400,5745.33,5757.050714998483,30.76855272404417,8,0,20,6
1531792800,5738.33,5753.6469486351225,30.770489337707332,8,0,20,7
1531789200,5745.39,5752.145685246918,30.449440116880055,8,0,20,8
1531785600,5746.09,5751.0446515656595,31.228794884723172,8,0,20,9
1531782000,5696.17,5741.067442190085,31.310981273977617,8,0,20,10
1531778400,5688.36,5731.484270882796,28.678801853222538,8,0,20,11
1531774800,5684.96,5723.02531254047,28.27827388466919,8,0,20,12
1531771200,5696.45,5718.193437533111,28.09432253649038,8,0,20,13
1531767600,5684.63,5712.0909943452725,29.757265237698462,8,0,20,14
1531764000,5690.62,5708.187177191587,29.01389983995321,8,0,20,15
1531760400,5655.73,5698.649508611298,29.968663258860317,8,0,20,16
1531756800,5648.56,5689.542325227426,27.636968545056007,8,0,20,17
1531753200,5651.91,5682.700084276984,27.169143854332205,8,0,20,18
1531749600,5618.04,5670.943705317532,27.784228835708845,8,0,20,19
1531746000,5634.1,5664.244849805253,25.44448433873508,8,0,20,20
1531742400,5654.15,5662.409422567933,28.5183147145395,8,0,20,21
1531738800,5584.69,5648.278618464672,32.27252441430731,8,0,20,22
1531735200,5559.96,5632.2206878347315,26.985011539426964,8,0,20,23
1531731600,5441.01,5597.455108228417,25.39002974496475,8,1,21,0
1531728000,5440.7,5568.954179459613,19.438581037411637,8,1,21,1
1531724400,5438.33,5545.204328648774,19.42580134622858,8,1,21,2
1531720800,5431.51,5524.532632530815,19.3212182148943,8,1,21,3
1531717200,5428.99,5507.16124479794,19.00415060903272,8,1,21,4
1531713600,5428.15,5492.795563925586,18.880857181935227,8,1,21,5
1531710000,5433.42,5482.000006848207,18.836987313206137,8,1,21,6
1531706400,5426.86,5471.974551057624,20.09143902940086,8,1,21,7
1531702800,5442.51,5466.617359956237,19.683609711006795,8,1,21,8
1531699200,5443.01,5462.3251126914665,23.66457781069451,8,1,21,9
1531695600,5458.56,5461.640546747563,23.794538187290286,8,1,21,10
1531692000,5466.92,5462.600447338915,27.905398030905417,8,1,21,11
1531688400,5447.25,5459.809456913657,30.088898468410292,8,1,21,12
1531684800,5439.33,5456.085919292993,27.94438922528927,8,1,21,13
1531681200,5430.41,5451.41757033063,27.106660972159474,8,1,21,14
1531677600,5453.58,5451.810739361425,26.15562277055271,8,1,21,15
1531674000,5465.94,5454.379695841166,32.755343802541816,8,1,21,16
1531670400,5457.23,5454.897932960954,36.03930804807271,8,1,21,17
1531666800,5432.19,5450.769217877143,34.75136437418308,8,1,21,18
1531663200,5436.8,5448.229360081299,31.289429282787424,8,1,21,19
1531659600,5412.95,5441.814930975608,32.62027460288756,8,1,21,20
1531656000,5433.14,5440.237670798225,29.442977053786294,8,1,21,21
1531652400,5428.1,5438.0308215621835,35.19732145721184,8,1,21,22
1531648800,5390.53,5429.394308550877,34.442185406333294,8,1,21,23
1531645200,5400.59,5424.157161541627,29.38174299013886,8,2,22,0
1531641600,5386.4,5417.292223079512,32.25209478172907,8,2,22,1
1531638000,5381.64,5410.810000701419,30.37655715575903,8,2,22,2
1531634400,5384.46,5406.019091482979,29.75154760199071,8,2,22,3
1531630800,5365.71,5398.6901657588005,30.661770368577095,8,2,22,4
1531627200,5356.77,5391.068317439019,28.058538643881562,8,2,22,5
1531623600,5343.92,5382.49589608647,26.886425337432527,8,2,22,6
1531620000,5357.13,5377.883914979839,25.253464365752478,8,2,22,7
1531616400,5349.09,5372.648657710777,29.962761848667967,8,2,22,8
1531612800,5360.47,5370.434356308817,28.77450366938109,8,2,22,9
1531609200,5362.83,5369.051746070851,32.8346805272906,8,2,22,10
1531605600,5360.51,5367.498701330695,33.67901564907642,8,2,22,11
1531602000,5370.68,5368.077119270569,33.23668389044951,8,2,22,12
1531598400,5369.32,5368.303097585011,37.13447812542765,8,2,22,13
1531594800,5352.43,5365.417079842281,36.824861148489006,8,2,22,14
1531591200,5367.01,5365.706701689139,33.130411930197056,8,2,22,15
1531587600,5364.8,5365.541846836568,38.83499798062806,8,2,22,16
1531584000,5347.77,5362.3106019571915,38.30162365657225,8,2,22,17
1531580400,5346.55,5359.445037964975,34.38278869061638,8,2,22,18
1531576800,5346.11,5357.020485607707,34.11351364431009,8,2,22,19
1531573200,5345.29,5354.887670042669,34.01006139062392,8,2,22,20
1531569600,5349.46,5353.900820944002,33.804315340582136,8,2,22,21
1531566000,5330.15,5349.5824898632745,35.92709724132122,8,2,22,22
1531562400,5317.13,5343.68203716086,30.973734125371507,8,2,22,23
1531558800,5330.87,5341.352575858886,28.15504219072676,8,3,23,0
1531555200,5331.51,5339.563016611815,34.888978260972266,8,3,23,1
1531551600,5315.29,5335.149740864213,35.19367514506037,8,3,23,2
1531548000,5342.53,5336.491606161629,31.207730617206963,8,3,23,3
1531544400,5328.01,5334.949495950423,42.90323751904437,8,3,23,4
1531540800,5318.83,5332.018678504892,39.088436348673504,8,3,23,5
1531537200,5338.69,5333.231646049457,36.857106247137,8,3,23,6
1531533600,5342.37,5334.893164949555,44.269066631957934,8,3,23,7
1531530000,5344.65,5336.667134958727,45.544631552190566,8,3,23,8
