,Prix,ema,rsi,month,weekday,day,hour
1531814400,5705.03,5803.88169420686,26.693586921229752,8,0,20,1
1531810800,5687.35,5782.694113441976,26.150154548778218,8,0,20,2
1531807200,5714.34,5770.266092816161,25.633723736369873,8,0,20,3
1531803600,5729.44,5762.843166849587,27.972254121501024,8,0,20,4
1531800000,5745.31,5759.65531833148,29.31154290044222,8,0,20,5
1531796400,5745.33,5757.050714998483,30.76855272404417,8,0,20,6
1531792800,5738.33,5753.6469486351225,30.770489337707332,8,0,20,7
1531789200,5745.39,5752.145685246918,30.449440116880055,8,0,20,8
1531785600,5746.09,5751.0446515656595,31.228794884723172,8,0,20,9
1531782000,5696.17,5741.067442190085,31.310981273977617,8,0,20,10
1531778400,5688.36,5731.484270882796,28.678801853222538,8,0,20,11
1531774800,5684.96,5723.02531254047,28.27827388466919,8,0,20,12
1531771200,5696.45,5718.193437533111,28.09432253649038,8,0,20,13
1531767600,5684.63,5712.0909943452725,29.757265237698462,8,0,20,14
1531764000,5690.62,5708.187177191587,29.01389983995321,8,0,20,15
1531760400,5655.73,5698.649508611298,29.968663258860317,8,0,20,16
1531756800,5648.56,5689.542325227426,27.636968545056007,8,0,20,17
1531753200,5651.91,5682.700084276984,27.169143854332205,8,0,20,18
1531749600,5618.04,5670.943705317532,27.784228835708845,8,0,20,19
1531746000,5634.1,5664.244849805253,25.44448433873508,8,0,20,20
1531742400,5654.15,5662.409422567933,28.5183147145395,8,0,20,21
1531738800,5584.69,5648.278618464672,32.27252441430731,8,0,20,22
1531735200,5559.96,5632.2206878347315,26.985011539426964,8,0,20,23
1531731600,5441.01,5597.455108228417,25.39002974496475,8,1,21,0
1531728000,5440.7,5568.954179459613,19.438581037411637,8,1,21,1
1531724400,5438.33,5545.204328648774,19.42580134622858,8,1,21,2
1531720800,5431.51,5524.532632530815,19.3212182148943,8,1,21,3
1531717200,5428.99,5507.16124479794,19.00415060903272,8,1,21,4
1531713600,5428.15,5492.795563925586,18.880857181935227,8,1,21,5
1531710000,5433.42,5482.000006848207,18.836987313206137,8,1,21,6
1531706400,5426.86,5471.974551057624,20.09143902940086,8,1,21,7
1531702800,5442.51,5466.617359956237,19.683609711006795,8,1,21,8
1531699200,5443.01,5462.3251126914665,23.66457781069451,8,1,21,9
1531695600,5458.56,5461.640546747563,23.794538187290286,8,1,21,10
1531692000,5466.92,5462.600447338915,27.905398030905417,8,1,21,11
1531688400,5447.25,5459.809456913657,30.088898468410292,8,1,21,12
1531684800,5439.33,5456.085919292993,27.94438922528927,8,1,21,13
1531681200,5430.41,5451.41757033063,27.106660972159474,8,1,21,14
1531677600,5453.58,5451.810739361425,26.15562277055271,8,1,21,15
1531674000,5465.94,5454.379695841166,32.755343802541816,8,1,21,16
1531670400,5457.23,5454.897932960954,36.03930804807271,8,1,21,17
1531666800,5432.19,5450.769217877143,34.75136437418308,8,1,21,18
1531663200,5436.8,5448.229360081299,31.289429282787424,8,1,21,19
1531659600,5412.95,5441.814930975608,32.62027460288756,8,1,21,20
1531656000,5433.14,5440.237670798225,29.442977053786294,8,1,21,21
1531652400,5428.1,5438.0308215621835,35.19732145721184,8,1,21,22
1531648800,5390.53,5429.394308550877,34.442185406333294,8,1,21,23
1531645200,5400.59,5424.157161541627,29.38174299013886,8,2,22,0
1531641600,5386.4,5417.292223079512,32.25209478172907,8,2,22,1
1531638000,5381.64,5410.810000701419,30.37655715575903,8,2,22,2
1531634400,5384.46,5406.019091482979,29.75154760199071,8,2,22,3
1531630800,5365.71,5398.6901657588005,30.661770368577095,8,2,22,4
1531627200,5356.77,5391.068317439019,28.058538643881562,8,2,22,5
1531623600,5343.92,5382.49589608647,26.886425337432527,8,2,22,6
1531620000,5357.13,5377.883914979839,25.253464365752478,8,2,22,7
1531616400,5349.09,5372.648657710777,29.962761848667967,8,2,22,8
1531612800,5360.47,5370.434356308817,28.77450366938109,8,2,22,9
1531609200,5362.83,5369.051746070851,32.8346805272906,8,2,22,10
1531605600,5360.51,5367.498701330695,33.67901564907642,8,2,22,11
1531602000,5370.68,5368.077119270569,33.23668389044951,8,2,22,12
1531598400,5369.32,5368.303097585011,37.13447812542765,8,2,22,13
1531594800,5352.43,5365.417079842281,36.824861148489006,8,2,22,14
1531591200,5367.01,5365.706701689139,33.130411930197056,8,2,22,15
1531587600,5364.8,5365.541846836568,38.83499798062806,8,2,22,16
1531584000,5347.77,5362.3106019571915,38.30162365657225,8,2,22,17
1531580400,5346.55,5359.445037964975,34.38278869061638,8,2,22,18
1531576800,5346.11,5357.020485607707,34.11351364431009,8,2,22,19
1531573200,5345.29,5354.887670042669,34.01006139062392,8,2,22,20
1531569600,5349.46,5353.900820944002,33.804315340582136,8,2,22,21
1531566000,5330.15,5349.5824898632745,35.92709724132122,8,2,22,22
1531562400,5317.13,5343.68203716086,30.973734125371507,8,2,22,23
1531558800,5330.87,5341.352575858886,28.15504219072676,8,3,23,0
1531555200,5331.51,5339.563016611815,34.888978260972266,8,3,23,1
1531551600,5315.29,5335.149740864213,35.19367514506037,8,3,23,2
1531548000,5342.53,5336.491606161629,31.207730617206963,8,3,23,3
1531544400,5328.01,5334.949495950423,42.90323751904437,8,3,23,4
1531540800,5318.83,5332.018678504892,39.088436348673504,8,3,23,5
1531537200,5338.69,5333.231646049457,36.857106247137,8,3,23,6
1531533600,5342.37,5334.893164949555,44.269066631957934,8,3,23,7
1531530000,5344.65,5336.667134958727,45.544631552190566,8,3,23,8
1531526400,5328.8,5335.236746784412,46.36373079421727,8,3,23,9
1531522800,5328.03,5333.926429187246,41.67116307947356,8,3,23,10
1531519200,5325.31,5332.359805698656,41.45167024373639,8,3,23,11
1531515600,5298.13,5326.136204662536,40.637390921947365,8,3,23,12
1531512000,5304.53,5322.207803814802,33.54592021727815,8,3,23,13
1531508400,5348.84,5327.05002130302,36.36198304132951,8,3,23,14
1531504800,5375.38,5335.837290157016,51.641241920025664,8,3,23,15
1531501200,5365.53,5341.235964673921,58.126260827851404,8,3,23,16
1531497600,5372.26,5346.876698369572,55.169248267361006,8,3,23,17
1531494000,5359.81,5349.2282077569225,56.78680914939633,8,3,23,18
1531490400,5364.3,5351.9685336193,52.97857324551075,8,3,23,19
1531486800,5390.8,5359.028800233972,54.17219602002466,8,3,23,20
1531483200,5379.78,5362.801745645977,60.5390267353749,8,3,23,21
1531479600,5374.21,5364.875973710345,56.99304479636641,8,3,23,22
1531476000,5372.46,5366.254887581191,55.232079633299506,8,3,23,23
1531472400,5371.84,5367.270362566429,54.66063896352954,8,4,24,0
1531468800,5369.44,5367.664842099805,54.44571650890925,8,4,24,1
1531465200,5344.42,5363.438507172568,53.56767684375057,8,4,24,2
1531461600,5355.25,5361.949687686646,45.35577487982457,8,4,24,3
1531458000,5359.14,5361.438835379982,49.000248715846155,8,4,24,4
1531454400,5361.25,5361.40450167453,50.28288151886735,8,4,24,5
1531450800,5350.18,5359.363683188252,51.00270159738049,8,4,24,6
1531447200,5344.17,5356.601195335842,47.146027335710244,8,4,24,7
1531443600,5347.21,5354.89370527478,45.149900600751565,8,4,24,8
1531440000,5351.12,5354.207577043001,46.386421882112,8,4,24,9
1531436400,5285.29,5341.677108489728,48.00985014578844,8,4,24,10
1531432800,5292.79,5332.788543309777,30.99364417056927,8,4,24,11
1531429200,5300.94,5326.997899071635,33.86943128088009,8,4,24,12
1531425600,5299.3,5321.961917422247,36.94461353671947,8,4,24,13
1531422000,5295.87,5317.217932436383,36.57602986801959,8,4,24,14
1531418400,5300.65,5314.205581084313,35.772197417163966,8,4,24,15
1531414800,5303.88,5312.3282027053465,37.82296955210506,8,4,24,16
1531411200,5283.46,5307.079438577101,39.23488273565542,8,4,24,17
1531407600,5290.88,5304.134086108537,33.981296552941785,8,4,24,18
1531404000,5297.95,5303.009706816076,37.26832337601142,8,4,24,19
1531400400,5294.71,5301.500669213153,40.317505838816395,8,4,24,20
1531396800,5292.73,5299.906002083489,39.372998602842834,8,4,24,21
1531393200,5294.28,5298.883092613763,38.77517878986656,8,4,24,22
1531389600,5305.92,5300.162530320352,39.54897513192265,8,4,24,23
1531386000,5310.46,5302.034797534833,45.1548493151425,8,5,25,0
1531382400,5288.81,5299.6302888921355,47.211071684390404,8,5,25,1
1531378800,5317.11,5302.808418184474,39.58870448521535,8,5,25,2
1531375200,5422.72,5324.610523969115,50.77623125669673,8,5,25,3
1531371600,5426.71,5343.174065065639,71.77941803062915,8,5,25,4
1531368000,5437.83,5360.384235053704,72.26098196288916,8,5,25,5
1531364400,5421.13,5371.428919589394,73.61244364066386,8,5,25,6
1531360800,5430.68,5382.201843300414,68.2356846146286,8,5,25,7
1531357200,5457.37,5395.868780882157,69.60300887189447,8,5,25,8
1531353600,5469.22,5409.205366176309,73.08946522728509,8,5,25,9
1531350000,5458.59,5418.1843905078895,74.48854758632507,8,5,25,10
1531346400,5450.37,5424.036319506455,70.92627068289879,8,5,25,11
1531342800,5442.31,5427.358806868917,68.20978099756488,8,5,25,12
1531339200,5446.12,5430.769932892749,65.55837037256809,8,5,25,13
1531335600,5439.76,5432.404490548613,66.22668149673842,8,5,25,14
1531332000,5438.1,5433.440037721592,63.99437599358333,8,5,25,15
1531328400,5426.7,5432.214576317666,63.39375190268285,8,5,25,16
1531324800,5433.24,5432.401016987181,59.279003546236126,8,5,25,17
1531321200,5430.82,5432.113559353147,60.84899510913587,8,5,25,18
1531317600,5430.75,5431.865639470757,59.92826378504284,8,5,25,19
1531314000,5425.73,5430.7500686578915,59.9000296880018,8,5,25,20
1531310400,5450.75,5434.386419811002,57.797035225353575,8,5,25,21
1531306800,5422.18,5432.167070754456,64.48885244342077,8,5,25,22
1531303200,5418.9,5429.754876071827,53.96609173873575,8,5,25,23
1531299600,5439.6,5431.544898604222,52.89890597662652,8,6,26,0
1531296000,5414.75,5428.491280676181,58.47930047643151,8,6,26,1
1531292400,5385.37,5420.651047825966,50.71176315318987,8,6,26,2
1531288800,5406.28,5418.0381300394265,43.37606558222683,8,6,26,3
1531285200,5425.39,5419.374833668621,49.02746339382673,8,6,26,4
1531281600,5414.93,5418.566682092508,53.586676021020374,8,6,26,5
1531278000,5432.8,5421.154558075688,50.902867489354236,8,6,26,6
1531274400,5432.9,5423.290092971018,55.04522946981545,8,6,26,7
1531270800,5444.83,5427.206439703559,55.068075306722,8,6,26,8
1531267200,5377.9,5418.24163248473,57.82194247721071,8,6,26,9
1531263600,5430.19,5420.414062942052,42.19657518501233,8,6,26,10
1531260000,5432.43,5422.598778770769,52.904382613379056,8,6,26,11
1531256400,5443.08,5426.322637176084,53.30344963531941,8,6,26,12
1531252800,5432.13,5427.378521325886,55.245190759865906,8,6,26,13
1531249200,5438.16,5429.338790175725,52.8135410571661,8,6,26,14
1531245600,5426.4,5428.8044646892295,54.013926552844545,8,6,26,15
1531242000,5422.09,5427.583652927551,51.27438133139552,8,6,26,16
1531238400,5444.09,5430.584806940723,50.26809906729173,8,6,26,17
1531234800,5449.86,5434.089387496955,55.110837235294106,8,6,26,18
1531231200,5453.85,5437.682226133872,56.312414729527205,8,6,26,19
1531227600,5441.59,5438.392730473168,57.16625781189583,8,6,26,20
1531224000,5433.86,5437.568597659864,53.69372907473159,8,6,26,21
1531220400,5529.24,5454.23612535807,51.56681427076141,8,6,26,22
1531216800,5511.77,5464.696829838421,68.26898701970863,8,6,26,23
1531213200,5621.57,5493.219224413254,63.920948188167195,8,0,27,0
