,Prix,ema,rsi,month,weekday,day,hour
1531576800,5346.11,5357.020485607707,34.11351364431009,8,2,22,19
1531573200,5345.29,5354.887670042669,34.01006139062392,8,2,22,20
1531569600,5349.46,5353.900820944002,33.804315340582136,8,2,22,21
1531566000,5330.15,5349.5824898632745,35.92709724132122,8,2,22,22
1531562400,5317.13,5343.68203716086,30.973734125371507,8,2,22,23
1531558800,5330.87,5341.352575858886,28.15504219072676,8,3,23,0
1531555200,5331.51,5339.563016611815,34.888978260972266,8,3,23,1
1531551600,5315.29,5335.149740864213,35.19367514506037,8,3,23,2
1531548000,5342.53,5336.491606161629,31.207730617206963,8,3,23,3
1531544400,5328.01,5334.949495950423,42.90323751904437,8,3,23,4
1531540800,5318.83,5332.018678504892,39.088436348673504,8,3,23,5
1531537200,5338.69,5333.231646049457,36.857106247137,8,3,23,6
1531533600,5342.37,5334.893164949555,44.269066631957934,8,3,23,7
1531530000,5344.65,5336.667134958727,45.544631552190566,8,3,23,8
1531526400,5328.8,5335.236746784412,46.36373079421727,8,3,23,9
1531522800,5328.03,5333.926429187246,41.67116307947356,8,3,23,10
1531519200,5325.31,5332.359805698656,41.45167024373639,8,3,23,11
1531515600,5298.13,5326.136204662536,40.637390921947365,8,3,23,12
1531512000,5304.53,5322.207803814802,33.54592021727815,8,3,23,13
1531508400,5348.84,5327.05002130302,36.36198304132951,8,3,23,14
1531504800,5375.38,5335.837290157016,51.641241920025664,8,3,23,15
1531501200,5365.53,5341.235964673921,58.126260827851404,8,3,23,16
1531497600,5372.26,5346.876698369572,55.169248267361006,8,3,23,17
1531494000,5359.81,5349.2282077569225,56.78680914939633,8,3,23,18
1531490400,5364.3,5351.9685336193,52.97857324551075,8,3,23,19
1531486800,5390.8,5359.028800233972,54.17219602002466,8,3,23,20
1531483200,5379.78,5362.801745645977,60.5390267353749,8,3,23,21
1531479600,5374.21,5364.875973710345,56.99304479636641,8,3,23,22
1531476000,5372.46,5366.254887581191,55.232079633299506,8,3,23,23
1531472400,5371.84,5367.270362566429,54.66063896352954,8,4,24,0
1531468800,5369.44,5367.664842099805,54.44571650890925,8,4,24,1
1531465200,5344.42,5363.438507172568,53.56767684375057,8,4,24,2
1531461600,5355.25,5361.949687686646,45.35577487982457,8,4,24,3
1531458000,5359.14,5361.438835379982,49.000248715846155,8,4,24,4
1531454400,5361.25,5361.40450167453,50.28288151886735,8,4,24,5
1531450800,5350.18,5359.363683188252,51.00270159738049,8,4,24,6
1531447200,5344.17,5356.601195335842,47.146027335710244,8,4,24,7
1531443600,5347.21,5354.89370527478,45.149900600751565,8,4,24,8
1531440000,5351.12,5354.207577043001,46.386421882112,8,4,24,9
1531436400,5285.29,5341.677108489728,48.00985014578844,8,4,24,10
1531432800,5292.79,5332.788543309777,30.99364417056927,8,4,24,11
1531429200,5300.94,5326.997899071635,33.86943128088009,8,4,24,12
1531425600,5299.3,5321.961917422247,36.94461353671947,8,4,24,13
1531422000,5295.87,5317.217932436383,36.57602986801959,8,4,24,14
1531418400,5300.65,5314.205581084313,35.772197417163966,8,4,24,15
1531414800,5303.88,5312.3282027053465,37.82296955210506,8,4,24,16
1531411200,5283.46,5307.079438577101,39.23488273565542,8,4,24,17
1531407600,5290.88,5304.134086108537,33.981296552941785,8,4,24,18
1531404000,5297.95,5303.009706816076,37.26832337601142,8,4,24,19
1531400400,5294.71,5301.500669213153,40.317505838816395,8,4,24,20
1531396800,5292.73,5299.906002083489,39.372998602842834,8,4,24,21
1531393200,5294.28,5298.883092613763,38.77517878986656,8,4,24,22
1531389600,5305.92,5300.162530320352,39.54897513192265,8,4,24,23
1531386000,5310.46,5302.034797534833,45.1548493151425,8,5,25,0
1531382400,5288.81,5299.6302888921355,47.211071684390404,8,5,25,1
1531378800,5317.11,5302.808418184474,39.58870448521535,8,5,25,2
1531375200,5422.72,5324.610523969115,50.77623125669673,8,5,25,3
1531371600,5426.71,5343.174065065639,71.77941803062915,8,5,25,4
1531368000,5437.83,5360.384235053704,72.26098196288916,8,5,25,5
1531364400,5421.13,5371.428919589394,73.61244364066386,8,5,25,6
1531360800,5430.68,5382.201843300414,68.2356846146286,8,5,25,7
1531357200,5457.37,5395.868780882157,69.60300887189447,8,5,25,8
1531353600,5469.22,5409.205366176309,73.08946522728509,8,5,25,9
1531350000,5458.59,5418.1843905078895,74.48854758632507,8,5,25,10
1531346400,5450.37,5424.036319506455,70.92627068289879,8,5,25,11
1531342800,5442.31,5427.358806868917,68.20978099756488,8,5,25,12
1531339200,5446.12,5430.769932892749,65.55837037256809,8,5,25,13
1531335600,5439.76,5432.404490548613,66.22668149673842,8,5,25,14
1531332000,5438.1,5433.440037721592,63.99437599358333,8,5,25,15
1531328400,5426.7,5432.214576317666,63.39375190268285,8,5,25,16
1531324800,5433.24,5432.401016987181,59.279003546236126,8,5,25,17
1531321200,5430.82,5432.113559353147,60.84899510913587,8,5,25,18
1531317600,5430.75,5431.865639470757,59.92826378504284,8,5,25,19
1531314000,5425.73,5430.7500686578915,59.9000296880018,8,5,25,20
1531310400,5450.75,5434.386419811002,57.797035225353575,8,5,25,21
1531306800,5422.18,5432.167070754456,64.48885244342077,8,5,25,22
1531303200,5418.9,5429.754876071827,53.96609173873575,8,5,25,23
1531299600,5439.6,5431.544898604222,52.89890597662652,8,6,26,0
1531296000,5414.75,5428.491280676181,58.47930047643151,8,6,26,1
1531292400,5385.37,5420.651047825966,50.71176315318987,8,6,26,2
1531288800,5406.28,5418.0381300394265,43.37606558222683,8,6,26,3
1531285200,5425.39,5419.374833668621,49.02746339382673,8,6,26,4
1531281600,5414.93,5418.566682092508,53.586676021020374,8,6,26,5
1531278000,5432.8,5421.154558075688,50.902867489354236,8,6,26,6
1531274400,5432.9,5423.290092971018,55.04522946981545,8,6,26,7
1531270800,5444.83,5427.206439703559,55.068075306722,8,6,26,8
1531267200,5377.9,5418.24163248473,57.82194247721071,8,6,26,9
1531263600,5430.19,5420.414062942052,42.19657518501233,8,6,26,10
1531260000,5432.43,5422.598778770769,52.904382613379056,8,6,26,11
1531256400,5443.08,5426.322637176084,53.30344963531941,8,6,26,12
1531252800,5432.13,5427.378521325886,55.245190759865906,8,6,26,13
1531249200,5438.16,5429.338790175725,52.8135410571661,8,6,26,14
1531245600,5426.4,5428.8044646892295,54.013926552844545,8,6,26,15
1531242000,5422.09,5427.583652927551,51.27438133139552,8,6,26,16
1531238400,5444.09,5430.584806940723,50.26809906729173,8,6,26,17
1531234800,5449.86,5434.089387496955,55.110837235294106,8,6,26,18
1531231200,5453.85,5437.682226133872,56.312414729527205,8,6,26,19
1531227600,5441.59,5438.392730473168,57.16625781189583,8,6,26,20
1531224000,5433.86,5437.568597659864,53.69372907473159,8,6,26,21
1531220400,5529.24,5454.23612535807,51.56681427076141,8,6,26,22
1531216800,5511.77,5464.696829838421,68.26898701970863,8,6,26,23
1531213200,5621.57,5493.219224413254,63.920948188167195,8,0,27,0
1531209600,5627.19,5517.577547247208,74.78904277117176,8,0,27,1
1531206000,5621.27,5536.430720474988,75.2008124893637,8,0,27,2
1531202400,5645.53,5556.266953115899,73.83281725551745,8,0,27,3
1531198800,5662.17,5575.522052549371,75.77744208887873,8,0,27,4
1531195200,5646.82,5588.485315722213,77.0379256544655,8,0,27,5
1531191600,5643.97,5598.573440136356,73.25113510232092,8,0,27,6
1531188000,5659.45,5609.64190556611,72.53819244995638,8,0,27,7
1531184400,5668.11,5620.272468190453,74.01741453659446,8,0,27,8
1531180800,5667.04,5628.775655792189,74.83408820407973,8,0,27,9
1531177200,5701.18,5641.940082011792,74.52241198992624,8,0,27,10
1531173600,5706.46,5653.670976191466,77.71203289491723,8,0,27,11
1531170000,5699.45,5661.994435065745,78.16727640605937,8,0,27,12
1531166400,5712.25,5671.1318105083365,75.94925564557431,8,0,27,13
1531162800,5701.67,5676.68420859773,77.22031262969391,8,0,27,14
1531159200,5695.67,5680.136170670869,73.75083705396773,8,0,27,15
1531155600,5706.93,5685.007776003438,71.78116886461675,8,0,27,16
1531152000,5717.32,5690.882725820995,73.2262970811316,8,0,27,17
1531148400,5717.58,5695.736775671723,74.52282101622855,8,0,27,18
1531144800,5711.23,5698.553725549591,74.5560257138983,8,0,27,19
1531141200,5697.06,5698.282139086029,72.08499509889246,8,0,27,20
1531137600,5705.01,5699.505386524933,66.76711211134366,8,0,27,21
1531134000,5691.18,5697.991679884036,68.18520598657841,8,0,27,22
1531130400,5675.5,5693.9022835414835,63.137823242559186,8,0,27,23
1531126800,5709.32,5696.705504715759,57.90428561087296,8,1,28,0
1531123200,5707.14,5698.60268567653,64.70075534097558,8,1,28,1
1531119600,5707.94,5700.300379189888,63.98365141968338,8,1,28,2
1531116000,5697.64,5699.816673882636,64.14072114157992,8,1,28,3
1531112400,5700.14,5699.87546044943,60.483417351694925,8,1,28,4
1531108800,5710.1,5701.734467640442,61.06373918113844,8,1,28,5
1531105200,5699.15,5701.264564433089,63.37160937025358,8,1,28,6
1531101600,5698.24,5700.714643627072,59.21599150602176,8,1,28,7
1531098000,5715.05,5703.321072058514,58.870489580504206,8,1,28,8
1531094400,5708.93,5704.340877138784,63.14793343801763,8,1,28,9
1531090800,5742.83,5711.338899477187,60.673924540209164,8,1,28,10
1531087200,5751.26,5718.597281390425,68.12369717125621,8,1,28,11
1531083600,5744.78,5723.357775683075,69.66274208348334,8,1,28,12
1531080000,5750.87,5728.3599982861515,66.98544887628006,8,1,28,13
1531076400,5745.24,5731.429089506852,68.2215528775365,8,1,28,14
1531072800,5753.56,5735.452891414697,65.76993481495128,8,1,28,15
1531069200,5749.47,5738.001456612024,67.62169578333483,8,1,28,16
1531065600,5744.57,5739.195737228019,65.7389797363638,8,1,28,17
1531062000,5748.0,5740.79651227747,63.45941319495591,8,1,28,18
1531058400,5730.38,5738.902600954294,64.39026548932466,8,1,28,19
1531054800,5730.04,5737.291218962604,56.43667634545153,8,1,28,20
1531051200,5741.46,5738.049179151221,56.2921827086145,8,1,28,21
1531047600,5749.16,5740.069328396453,59.99688234311905,8,1,28,22
1531044000,5758.42,5743.405814142552,62.31618814793815,8,1,28,23
1531040400,5755.34,5745.575666116632,64.94815267498912,8,2,29,0
1531036800,5759.35,5748.080090459063,63.362949251717914,8,2,29,1
1531033200,5753.84,5749.127346739233,64.57523099579939,8,2,29,2
1531029600,5753.58,5749.936920059372,61.56097285131393,8,2,29,3
1531026000,5743.52,5748.770207321304,61.41529368745065,8,2,29,4
1531022400,5749.48,5748.899260535612,55.902953227589094,8,2,29,5
1531018800,5757.38,5750.4412131655,58.29141304462967,8,2,29,6
1531015200,5757.61,5751.74462895359,61.28475261938312,8,2,29,7
1531011600,5762.33,5753.669241871119,61.37167304368132,8,2,29,8
1531008000,5746.56,5752.376652440006,63.19772572477828,8,2,29,9
1531004400,5618.83,5728.095442905459,54.01094124917485,8,2,29,10
1531000800,5589.56,5702.907180559011,23.814693598792616,8,2,29,11
1530997200,5581.16,5680.771329548282,20.927341263705912,8,2,29,12
1530993600,5596.66,5665.478360539503,20.17149391317851,8,2,29,13
1530990000,5597.13,5653.051385895957,25.517292470647263,8,2,29,14
1530986400,5588.35,5641.287497551238,25.679814492182388,8,2,29,15
1530982800,5586.15,5631.262497996467,24.599942699378687,8,2,29,16
1530979200,5583.48,5622.574771088018,24.323931354984907,8,2,29,17
1530975600,5589.48,5616.557539981105,23.972389191862703,8,2,29,18
