,Prix,ema,rsi,month,weekday,day,hour
1531278000,5432.8,5421.154558075688,50.902867489354236,8,6,26,6
1531274400,5432.9,5423.290092971018,55.04522946981545,8,6,26,7
1531270800,5444.83,5427.206439703559,55.068075306722,8,6,26,8
1531267200,5377.9,5418.24163248473,57.82194247721071,8,6,26,9
1531263600,5430.19,5420.414062942052,42.19657518501233,8,6,26,10
1531260000,5432.43,5422.598778770769,52.904382613379056,8,6,26,11
1531256400,5443.08,5426.322637176084,53.30344963531941,8,6,26,12
1531252800,5432.13,5427.378521325886,55.245190759865906,8,6,26,13
1531249200,5438.16,5429.338790175725,52.8135410571661,8,6,26,14
1531245600,5426.4,5428.8044646892295,54.013926552844545,8,6,26,15
1531242000,5422.09,5427.583652927551,51.27438133139552,8,6,26,16
1531238400,5444.09,5430.584806940723,50.26809906729173,8,6,26,17
1531234800,5449.86,5434.089387496955,55.110837235294106,8,6,26,18
1531231200,5453.85,5437.682226133872,56.312414729527205,8,6,26,19
1531227600,5441.59,5438.392730473168,57.16625781189583,8,6,26,20
1531224000,5433.86,5437.568597659864,53.69372907473159,8,6,26,21
1531220400,5529.24,5454.23612535807,51.56681427076141,8,6,26,22
1531216800,5511.77,5464.696829838421,68.26898701970863,8,6,26,23
1531213200,5621.57,5493.219224413254,63.920948188167195,8,0,27,0
1531209600,5627.19,5517.577547247208,74.78904277117176,8,0,27,1
1531206000,5621.27,5536.430720474988,75.2008124893637,8,0,27,2
1531202400,5645.53,5556.266953115899,73.83281725551745,8,0,27,3
1531198800,5662.17,5575.522052549371,75.77744208887873,8,0,27,4
1531195200,5646.82,5588.485315722213,77.0379256544655,8,0,27,5
1531191600,5643.97,5598.573440136356,73.25113510232092,8,0,27,6
1531188000,5659.45,5609.64190556611,72.53819244995638,8,0,27,7
1531184400,5668.11,5620.272468190453,74.01741453659446,8,0,27,8
1531180800,5667.04,5628.775655792189,74.83408820407973,8,0,27,9
1531177200,5701.18,5641.940082011792,74.52241198992624,8,0,27,10
1531173600,5706.46,5653.670976191466,77.71203289491723,8,0,27,11
1531170000,5699.45,5661.994435065745,78.16727640605937,8,0,27,12
1531166400,5712.25,5671.1318105083365,75.94925564557431,8,0,27,13
1531162800,5701.67,5676.68420859773,77.22031262969391,8,0,27,14
1531159200,5695.67,5680.136170670869,73.75083705396773,8,0,27,15
1531155600,5706.93,5685.007776003438,71.78116886461675,8,0,27,16
1531152000,5717.32,5690.882725820995,73.2262970811316,8,0,27,17
1531148400,5717.58,5695.736775671723,74.52282101622855,8,0,27,18
1531144800,5711.23,5698.553725549591,74.5560257138983,8,0,27,19
1531141200,5697.06,5698.282139086029,72.08499509889246,8,0,27,20
1531137600,5705.01,5699.505386524933,66.76711211134366,8,0,27,21
1531134000,5691.18,5697.991679884036,68.18520598657841,8,0,27,22
1531130400,5675.5,5693.9022835414835,63.137823242559186,8,0,27,23
1531126800,5709.32,5696.705504715759,57.90428561087296,8,1,28,0
1531123200,5707.14,5698.60268567653,64.70075534097558,8,1,28,1
1531119600,5707.94,5700.300379189888,63.98365141968338,8,1,28,2
1531116000,5697.64,5699.816673882636,64.14072114157992,8,1,28,3
1531112400,5700.14,5699.87546044943,60.483417351694925,8,1,28,4
1531108800,5710.1,5701.734467640442,61.06373918113844,8,1,28,5
1531105200,5699.15,5701.264564433089,63.37160937025358,8,1,28,6
1531101600,5698.24,5700.714643627072,59.21599150602176,8,1,28,7
1531098000,5715.05,5703.321072058514,58.870489580504206,8,1,28,8
1531094400,5708.93,5704.340877138784,63.14793343801763,8,1,28,9
1531090800,5742.83,5711.338899477187,60.673924540209164,8,1,28,10
1531087200,5751.26,5718.597281390425,68.12369717125621,8,1,28,11
1531083600,5744.78,5723.357775683075,69.66274208348334,8,1,28,12
1531080000,5750.87,5728.3599982861515,66.98544887628006,8,1,28,13
1531076400,5745.24,5731.429089506852,68.2215528775365,8,1,28,14
1531072800,5753.56,5735.452891414697,65.76993481495128,8,1,28,15
1531069200,5749.47,5738.001456612024,67.62169578333483,8,1,28,16
1531065600,5744.57,5739.195737228019,65.7389797363638,8,1,28,17
1531062000,5748.0,5740.79651227747,63.45941319495591,8,1,28,18
1531058400,5730.38,5738.902600954294,64.39026548932466,8,1,28,19
1531054800,5730.04,5737.291218962604,56.43667634545153,8,1,28,20
1531051200,5741.46,5738.049179151221,56.2921827086145,8,1,28,21
1531047600,5749.16,5740.069328396453,59.99688234311905,8,1,28,22
1531044000,5758.42,5743.405814142552,62.31618814793815,8,1,28,23
1531040400,5755.34,5745.575666116632,64.94815267498912,8,2,29,0
1531036800,5759.35,5748.080090459063,63.362949251717914,8,2,29,1
1531033200,5753.84,5749.127346739233,64.57523099579939,8,2,29,2
1531029600,5753.58,5749.936920059372,61.56097285131393,8,2,29,3
1531026000,5743.52,5748.770207321304,61.41529368745065,8,2,29,4
1531022400,5749.48,5748.899260535612,55.902953227589094,8,2,29,5
1531018800,5757.38,5750.4412131655,58.29141304462967,8,2,29,6
1531015200,5757.61,5751.74462895359,61.28475261938312,8,2,29,7
1531011600,5762.33,5753.669241871119,61.37167304368132,8,2,29,8
1531008000,5746.56,5752.376652440006,63.19772572477828,8,2,29,9
1531004400,5618.83,5728.095442905459,54.01094124917485,8,2,29,10
1531000800,5589.56,5702.907180559011,23.814693598792616,8,2,29,11
1530997200,5581.16,5680.771329548282,20.927341263705912,8,2,29,12
1530993600,5596.66,5665.478360539503,20.17149391317851,8,2,29,13
1530990000,5597.13,5653.051385895957,25.517292470647263,8,2,29,14
1530986400,5588.35,5641.287497551238,25.679814492182388,8,2,29,15
1530982800,5586.15,5631.262497996467,24.599942699378687,8,2,29,16
1530979200,5583.48,5622.574771088018,24.323931354984907,8,2,29,17
1530975600,5589.48,5616.557539981105,23.972389191862703,8,2,29,18
1530972000,5568.69,5607.854350893631,26.54165743633982,8,2,29,19
1530968400,5591.6,5604.899014367516,23.569472118937256,8,2,29,20
1530964800,5610.61,5605.937375391604,32.53510545858899,8,2,29,21
1530961200,5614.07,5607.4160344113125,38.93600537878592,8,2,29,22
1530957600,5603.43,5606.691300881982,40.05087657112833,8,2,29,23
1530954000,5605.96,5606.558337085257,37.76734931243209,8,3,30,0
1530950400,5616.44,5608.355003069755,38.66288133914297,8,3,30,1
1530946800,5610.47,5608.739547966164,42.36279171937548,8,3,30,2
1530943200,5623.53,5611.428721063225,40.85107956925188,8,3,30,3
1530939600,5618.26,5612.670771779002,45.4380695156022,8,3,30,4
1530936000,5619.68,5613.945176910092,43.95671727415615,8,3,30,5
1530932400,5613.27,5613.8224174718935,44.481929999457336,8,3,30,6
1530928800,5602.56,5611.774705204277,42.543717121753915,8,3,30,7
1530925200,5617.86,5612.881122439862,39.45065795372365,8,3,30,8
1530921600,5622.74,5614.673645632614,45.54185038226401,8,3,30,9
1530918000,5602.07,5612.382073699411,47.36077804301263,8,3,30,10
1530914400,5601.33,5610.372605754063,41.0991067240931,8,3,30,11
1530910800,5606.54,5609.675768344233,40.89067126390641,8,3,30,12
1530907200,5599.29,5607.787446827099,43.07943610345015,8,3,30,13
1530903600,5593.73,5605.23154740399,40.81456636294415,8,3,30,14
1530900000,5621.44,5608.178538785082,39.11612516712005,8,3,30,15
1530896400,5589.75,5604.827895369613,50.231754929645994,8,3,30,16
1530892800,5596.19,5603.257368938774,41.01037482595733,8,3,30,17
1530889200,5583.95,5599.746938222633,43.28879975179493,8,3,30,18
1530885600,5591.11,5598.176585818517,40.11725712845093,8,3,30,19
1530882000,5606.45,5599.680842942423,42.75916260025921,8,3,30,20
1530878400,5575.39,5595.2643260438,48.047498959357405,8,3,30,21
1530874800,5573.94,5591.387175854017,39.991157867511305,8,3,30,22
1530871200,5555.24,5584.814962062377,39.656857701430994,8,3,30,23
1530867600,5557.2,5579.794059869217,35.53164610926363,8,4,31,0
1530864000,5541.28,5572.791503529359,36.279822595416924,8,4,31,1
1530860400,5523.74,5563.873048342202,32.93630212174669,8,4,31,2
1530856800,5562.56,5563.634312279983,29.689789068930835,8,4,31,3
1530853200,5581.5,5566.882619138168,43.06578874155544,8,4,31,4
1530849600,5586.96,5570.533052022137,48.23964351692868,8,4,31,5
1530846000,5597.39,5575.416133472657,49.65985410830142,8,4,31,6
1530842400,5577.4,5575.7768364776275,52.3495245823251,8,4,31,7
1530838800,5587.1,5577.8355934816955,47.149829234596076,8,4,31,8
1530835200,5586.25,5579.365485575932,49.75765562779579,8,4,31,9
1530831600,5594.11,5582.046306380308,49.52703059415812,8,4,31,10
1530828000,5561.21,5578.257887038434,51.753911295051864,8,4,31,11
1530824400,5569.19,5576.609180304173,43.16846728726492,8,4,31,12
1530820800,5564.88,5574.47660206705,45.52882592739982,8,4,31,13
1530817200,5552.62,5570.502674418496,44.454916902501594,8,4,31,14
1530813600,5619.16,5579.34946088786,41.45920596828501,8,4,31,15
1530810000,5642.97,5590.916831635521,58.001367607651225,8,4,31,16
1530806400,5653.76,5602.342862247244,62.12557915744987,8,4,31,17
1530802800,5628.27,5607.056887293199,63.857662386272196,8,4,31,18
1530799200,5640.1,5613.064725967162,57.202332758480246,8,4,31,19
1530795600,5668.46,5623.136593973133,59.321295218779234,8,4,31,20
1530792000,5660.11,5629.859031432563,63.931661847299765,8,4,31,21
1530788400,5677.07,5638.44284389937,61.713893279027936,8,4,31,22
1530784800,5675.42,5645.165963190393,64.41413020261177,8,4,31,23
1530781200,5665.69,5648.8976062466845,63.94164603790699,9,5,1,0
1530777600,5659.01,5650.736223292741,61.095676993980994,9,5,1,1
1530774000,5633.98,5647.689637239515,59.14922488256375,9,5,1,2
1530770400,5652.76,5648.611521377785,52.411285163371964,9,5,1,3
1530766800,5672.08,5652.878517490914,56.422363611570326,9,5,1,4
1530763200,5679.17,5657.658787038021,60.14410320364681,9,5,1,5
1530759600,5655.13,5657.1990075765625,61.44541724429513,9,5,1,6
1530756000,5685.89,5662.41555165355,54.90003434198739,9,5,1,7
1530752400,5630.0,5656.521814989268,60.672698118011525,9,5,1,8
1530748800,5648.51,5655.065121354855,48.52043420819494,9,5,1,9
1530745200,5649.41,5654.0369174721545,51.95276603445182,9,5,1,10
1530741600,5733.92,5668.5611142953985,52.11992512019631,9,5,1,11
1530738000,5742.79,5682.057275332599,64.58084424255665,9,5,1,12
1530734400,5729.62,5690.705043453944,65.59298848869334,9,5,1,13
1530730800,5716.13,5695.327762825954,62.72680360365266,9,5,1,14
1530727200,5719.49,5699.720896857598,59.842332744167244,9,5,1,15
1530723600,5713.32,5702.193461065307,60.33162619901381,9,5,1,16
1530720000,5735.73,5708.291013598887,58.91212364637274,9,5,1,17
1530716400,5747.79,5715.472647489998,62.374795897196385,9,5,1,18
1530712800,5763.91,5724.279438855452,64.12688779783741,9,5,1,19
1530709200,5621.75,5705.637722699916,66.38046350375245,9,5,1,20
1530705600,5607.07,5687.716318572658,41.57553414463134,9,5,1,21
1530702000,5594.26,5670.724260650356,39.91676343379756,9,5,1,22
1530698400,5605.08,5658.788940532109,38.47422895127578,9,5,1,23
1530694800,5593.25,5646.872769526271,40.43237020605699,9,6,2,0
1530691200,5558.86,5630.870447794222,38.971938904646784,9,6,2,1
1530687600,5544.42,5615.152184558909,35.01271686882295,9,6,2,2
1530684000,5552.43,5603.748151002743,33.47492636044393,9,6,2,3
1530680400,5551.12,5594.179396274971,35.17574842670426,9,6,2,4
1530676800,5542.55,5584.792233315885,35.018063888194476,9,6,2,5
