,Prix,ema,rsi,month,weekday,day,hour
1530957600,5603.43,5606.691300881982,40.05087657112833,8,2,29,23
1530954000,5605.96,5606.558337085257,37.76734931243209,8,3,30,0
1530950400,5616.44,5608.355003069755,38.66288133914297,8,3,30,1
1530946800,5610.47,5608.739547966164,42.36279171937548,8,3,30,2
1530943200,5623.53,5611.428721063225,40.85107956925188,8,3,30,3
1530939600,5618.26,5612.670771779002,45.4380695156022,8,3,30,4
1530936000,5619.68,5613.945176910092,43.95671727415615,8,3,30,5
1530932400,5613.27,5613.8224174718935,44.481929999457336,8,3,30,6
1530928800,5602.56,5611.774705204277,42.543717121753915,8,3,30,7
1530925200,5617.86,5612.881122439862,39.45065795372365,8,3,30,8
1530921600,5622.74,5614.673645632614,45.54185038226401,8,3,30,9
1530918000,5602.07,5612.382073699411,47.36077804301263,8,3,30,10
1530914400,5601.33,5610.372605754063,41.0991067240931,8,3,30,11
1530910800,5606.54,5609.675768344233,40.89067126390641,8,3,30,12
1530907200,5599.29,5607.787446827099,43.07943610345015,8,3,30,13
1530903600,5593.73,5605.23154740399,40.81456636294415,8,3,30,14
1530900000,5621.44,5608.178538785082,39.11612516712005,8,3,30,15
1530896400,5589.75,5604.827895369613,50.231754929645994,8,3,30,16
1530892800,5596.19,5603.257368938774,41.01037482595733,8,3,30,17
1530889200,5583.95,5599.746938222633,43.28879975179493,8,3,30,18
1530885600,5591.11,5598.176585818517,40.11725712845093,8,3,30,19
1530882000,5606.45,5599.680842942423,42.75916260025921,8,3,30,20
1530878400,5575.39,5595.2643260438,48.047498959357405,8,3,30,21
1530874800,5573.94,5591.387175854017,39.991157867511305,8,3,30,22
1530871200,5555.24,5584.814962062377,39.656857701430994,8,3,30,23
1530867600,5557.2,5579.794059869217,35.53164610926363,8,4,31,0
1530864000,5541.28,5572.791503529359,36.279822595416924,8,4,31,1
1530860400,5523.74,5563.873048342202,32.93630212174669,8,4,31,2
1530856800,5562.56,5563.634312279983,29.689789068930835,8,4,31,3
1530853200,5581.5,5566.882619138168,43.06578874155544,8,4,31,4
1530849600,5586.96,5570.533052022137,48.23964351692868,8,4,31,5
1530846000,5597.39,5575.416133472657,49.65985410830142,8,4,31,6
1530842400,5577.4,5575.7768364776275,52.3495245823251,8,4,31,7
1530838800,5587.1,5577.8355934816955,47.149829234596076,8,4,31,8
1530835200,5586.25,5579.365485575932,49.75765562779579,8,4,31,9
1530831600,5594.11,5582.046306380308,49.52703059415812,8,4,31,10
1530828000,5561.21,5578.257887038434,51.753911295051864,8,4,31,11
1530824400,5569.19,5576.609180304173,43.16846728726492,8,4,31,12
1530820800,5564.88,5574.47660206705,45.52882592739982,8,4,31,13
1530817200,5552.62,5570.502674418496,44.454916902501594,8,4,31,14
1530813600,5619.16,5579.34946088786,41.45920596828501,8,4,31,15
1530810000,5642.97,5590.916831635521,58.001367607651225,8,4,31,16
1530806400,5653.76,5602.342862247244,62.12557915744987,8,4,31,17
1530802800,5628.27,5607.056887293199,63.857662386272196,8,4,31,18
1530799200,5640.1,5613.064725967162,57.202332758480246,8,4,31,19
1530795600,5668.46,5623.136593973133,59.321295218779234,8,4,31,20
1530792000,5660.11,5629.859031432563,63.931661847299765,8,4,31,21
1530788400,5677.07,5638.44284389937,61.713893279027936,8,4,31,22
1530784800,5675.42,5645.165963190393,64.41413020261177,8,4,31,23
1530781200,5665.69,5648.8976062466845,63.94164603790699,9,5,1,0
1530777600,5659.01,5650.736223292741,61.095676993980994,9,5,1,1
1530774000,5633.98,5647.689637239515,59.14922488256375,9,5,1,2
1530770400,5652.76,5648.611521377785,52.411285163371964,9,5,1,3
1530766800,5672.08,5652.878517490914,56.422363611570326,9,5,1,4
1530763200,5679.17,5657.658787038021,60.14410320364681,9,5,1,5
1530759600,5655.13,5657.1990075765625,61.44541724429513,9,5,1,6
1530756000,5685.89,5662.41555165355,54.90003434198739,9,5,1,7
1530752400,5630.0,5656.521814989268,60.672698118011525,9,5,1,8
1530748800,5648.51,5655.065121354855,48.52043420819494,9,5,1,9
1530745200,5649.41,5654.0369174721545,51.95276603445182,9,5,1,10
1530741600,5733.92,5668.5611142953985,52.11992512019631,9,5,1,11
1530738000,5742.79,5682.057275332599,64.58084424255665,9,5,1,12
1530734400,5729.62,5690.705043453944,65.59298848869334,9,5,1,13
1530730800,5716.13,5695.327762825954,62.72680360365266,9,5,1,14
1530727200,5719.49,5699.720896857598,59.842332744167244,9,5,1,15
1530723600,5713.32,5702.193461065307,60.33162619901381,9,5,1,16
1530720000,5735.73,5708.291013598887,58.91212364637274,9,5,1,17
1530716400,5747.79,5715.472647489998,62.374795897196385,9,5,1,18
1530712800,5763.91,5724.279438855452,64.12688779783741,9,5,1,19
1530709200,5621.75,5705.637722699916,66.38046350375245,9,5,1,20
1530705600,5607.07,5687.716318572658,41.57553414463134,9,5,1,21
1530702000,5594.26,5670.724260650356,39.91676343379756,9,5,1,22
1530698400,5605.08,5658.788940532109,38.47422895127578,9,5,1,23
1530694800,5593.25,5646.872769526271,40.43237020605699,9,6,2,0
1530691200,5558.86,5630.870447794222,38.971938904646784,9,6,2,1
1530687600,5544.42,5615.152184558909,35.01271686882295,9,6,2,2
1530684000,5552.43,5603.748151002743,33.47492636044393,9,6,2,3
1530680400,5551.12,5594.179396274971,35.17574842670426,9,6,2,4
1530676800,5542.55,5584.792233315885,35.018063888194476,9,6,2,5
1530673200,5539.62,5576.579099985724,33.94598106202254,9,6,2,6
1530669600,5537.21,5569.4210818065,33.56760121505097,9,6,2,7
1530666000,5534.37,5563.048157841682,33.23940993048832,9,6,2,8
1530662400,5578.86,5565.923038234103,32.83203850204181,9,6,2,9
1530658800,5561.33,5565.087940373357,44.34023739594161,9,6,2,10
1530655200,5667.42,5583.693769396383,41.33507390966706,9,6,2,11
1530651600,5668.51,5599.114902233404,59.30907801079941,9,6,2,12
1530648000,5661.83,5610.517647281876,59.446555246521356,9,6,2,13
1530644400,5642.18,5616.274438685171,58.14992231488336,9,6,2,14
1530640800,5645.54,5621.595449833321,54.391608569662075,9,6,2,15
1530637200,5656.22,5627.890822590898,54.92803698233031,9,6,2,16
1530633600,5651.36,5632.157945756189,56.67244416702115,9,6,2,17
1530630000,5646.53,5634.7710465277905,55.617564168176116,9,6,2,18
1530626400,5641.71,5636.032674431828,54.531209119796216,9,6,2,19
1530622800,5646.4,5637.91764271695,53.41004963636627,9,6,2,20
1530619200,5641.03,5638.483525859322,54.39262934309707,9,6,2,21
1530615600,5649.3,5640.4501575212635,53.01398538148176,9,6,2,22
1530612000,5682.62,5648.117401608306,54.90944090135636,9,6,2,23
1530608400,5685.48,5654.910601315886,61.62625514839022,9,0,3,0
1530604800,5697.56,5662.665037440271,62.147471860669114,9,0,3,1
1530601200,5704.59,5670.287757905676,64.350037265699,9,0,3,2
1530597600,5698.52,5675.420892831916,65.6043630588343,9,0,3,3
1530594000,5709.77,5681.666185044295,63.52600269786608,9,0,3,4
1530590400,5700.62,5685.11233321806,65.69516466542314,9,0,3,5
1530586800,5698.95,5687.628272632958,62.44247960303988,9,0,3,6
1530583200,5689.9,5688.0413139724205,61.840664863371686,9,0,3,7
1530579600,5682.62,5687.055620522889,58.54754053733677,9,0,3,8
1530576000,5691.98,5687.950962245999,55.96573418058752,9,0,3,9
1530572400,5694.13,5689.074423655818,58.49967056098063,9,0,3,10
1530568800,5711.46,5693.1445284456695,59.082129434346015,9,0,3,11
1530565200,5690.77,5692.712796001002,63.525822146481886,9,0,3,12
1530561600,5698.89,5693.835924000819,55.74251505195501,9,0,3,13
1530558000,5706.75,5696.1839378188515,57.92150054039397,9,0,3,14
1530554400,5694.17,5695.817767306333,59.97569974030168,9,0,3,15
1530550800,5689.92,5694.745445977909,55.32076826036965,9,0,3,16
1530547200,5706.24,5696.835364891016,53.801531093974056,9,0,3,17
1530543600,5698.39,5697.118025819922,58.51308751956463,9,0,3,18
1530540000,5676.52,5693.372930216299,55.57701860277445,9,0,3,19
1530536400,5450.17,5649.154215631517,48.3047941322943,9,0,3,20
1530532800,5448.19,5612.615267334877,19.648558931676604,9,0,3,21
1530529200,5437.92,5580.852491455808,19.53936244606163,9,0,3,22
1530525600,5424.36,5552.399311191115,18.951059018994982,9,0,3,23
1530522000,5435.45,5531.135800065457,18.17303607018124,9,1,4,0
1530518400,5443.48,5515.198381871738,21.02855820001102,9,1,4,1
1530514800,5414.57,5496.902312440513,23.12058781989363,9,1,4,2
1530511200,5400.28,5479.334619269511,20.96705081144242,9,1,4,3
1530507600,5411.94,5467.0810521296,19.976576206717994,9,1,4,4
1530504000,5421.84,5458.855406287854,23.16598741903374,9,1,4,5
1530500400,5427.25,5453.108968780971,25.867598234597978,9,1,4,6
1530496800,5412.37,5445.701883548067,27.370494865410507,9,1,4,7
1530493200,5427.57,5442.405177448418,25.820009109746422,9,1,4,8
1530489600,5446.9,5443.222417912341,30.1715481548206,9,1,4,9
1530486000,5444.35,5443.42743283737,35.36434367611862,9,1,4,10
1530482400,5451.81,5444.951535957848,34.99463193076852,9,1,4,11
1530478800,5444.22,5444.8185294200575,37.067427449090516,9,1,4,12
1530475200,5415.94,5439.56788770732,35.816093892677486,9,1,4,13
1530471600,5399.47,5432.277362669624,31.54331611973899,9,1,4,14
1530468000,5401.38,5426.6596603660555,29.347471278471318,9,1,4,15
1530464400,5394.73,5420.8542675722265,29.956428847625446,9,1,4,16
1530460800,5401.81,5417.391673468185,29.0186310574162,9,1,4,17
1530457200,5380.17,5410.62409647397,31.478119219301092,9,1,4,18
1530453600,5418.27,5412.01426075143,28.255479673069246,9,1,4,19
1530450000,5429.81,5415.249849705715,39.91816475704172,9,1,4,20
1530446400,5448.81,5421.351695213766,42.943545976027295,9,1,4,21
1530442800,5451.41,5426.816841538536,47.62018008619493,9,1,4,22
1530439200,5431.48,5427.6646885315295,48.24532774441278,9,1,4,23
1530435600,5453.73,5432.403836071251,43.9183627355207,9,2,5,0
1530432000,5451.96,5435.959502240114,49.37699052675763,9,2,5,1
1530428400,5439.0,5436.512320014638,48.968662700975244,9,2,5,2
1530424800,5452.85,5439.482807284704,45.970987267212685,9,2,5,3
1530421200,5431.9,5438.104115051122,49.526935991208184,9,2,5,4
1530417600,5421.67,5435.116094132735,44.73117329484195,9,2,5,5
1530414000,5413.63,5431.209531563147,42.563803846689304,9,2,5,6
1530410400,5433.11,5431.555071278937,40.88703434252475,9,2,5,7
1530406800,5443.37,5433.703240137312,46.39689330015108,9,2,5,8
1530403200,5464.7,5439.3390146578,49.08853012363254,9,2,5,9
1530399600,5418.32,5435.517375629109,54.23370812521136,9,2,5,10
1530396000,5408.29,5430.566943696544,43.85528682762232,9,2,5,11
1530392400,5431.98,5430.823863024445,41.984163663721226,9,2,5,12
1530388800,5401.45,5425.483160656364,47.66392845251728,9,2,5,13
1530385200,5404.76,5421.715313264298,41.96240873702399,9,2,5,14
1530381600,5423.93,5422.11798357988,42.76182403481904,9,2,5,15
1530378000,5440.28,5425.420168383538,47.290111367422845,9,2,5,16
1530374400,5454.4,5430.68922867744,50.86083540498486,9,2,5,17
1530370800,5446.22,5433.513005281541,53.773287688116994,9,2,5,18
1530367200,5471.21,5440.3670043212605,51.85580385416605,9,2,5,19
1530363600,5464.82,5444.813003535577,56.91090791745463,9,2,5,20
1530360000,5469.79,5449.354275620018,55.311637292646566,9,2,5,21
1530356400,5458.17,5450.957134598196,56.33931562293111,9,2,5,22
