,Prix,ema,rsi,month,weekday,day,hour
1530680400,5551.12,5594.179396274971,35.17574842670426,9,6,2,4
1530676800,5542.55,5584.792233315885,35.018063888194476,9,6,2,5
1530673200,5539.62,5576.579099985724,33.94598106202254,9,6,2,6
1530669600,5537.21,5569.4210818065,33.56760121505097,9,6,2,7
1530666000,5534.37,5563.048157841682,33.23940993048832,9,6,2,8
1530662400,5578.86,5565.923038234103,32.83203850204181,9,6,2,9
1530658800,5561.33,5565.087940373357,44.34023739594161,9,6,2,10
1530655200,5667.42,5583.693769396383,41.33507390966706,9,6,2,11
1530651600,5668.51,5599.114902233404,59.30907801079941,9,6,2,12
1530648000,5661.83,5610.517647281876,59.446555246521356,9,6,2,13
1530644400,5642.18,5616.274438685171,58.14992231488336,9,6,2,14
1530640800,5645.54,5621.595449833321,54.391608569662075,9,6,2,15
1530637200,5656.22,5627.890822590898,54.92803698233031,9,6,2,16
1530633600,5651.36,5632.157945756189,56.67244416702115,9,6,2,17
1530630000,5646.53,5634.7710465277905,55.617564168176116,9,6,2,18
1530626400,5641.71,5636.032674431828,54.531209119796216,9,6,2,19
1530622800,5646.4,5637.91764271695,53.41004963636627,9,6,2,20
1530619200,5641.03,5638.483525859322,54.39262934309707,9,6,2,21
1530615600,5649.3,5640.4501575212635,53.01398538148176,9,6,2,22
1530612000,5682.62,5648.117401608306,54.90944090135636,9,6,2,23
1530608400,5685.48,5654.910601315886,61.62625514839022,9,0,3,0
1530604800,5697.56,5662.665037440271,62.147471860669114,9,0,3,1
1530601200,5704.59,5670.287757905676,64.350037265699,9,0,3,2
1530597600,5698.52,5675.420892831916,65.6043630588343,9,0,3,3
1530594000,5709.77,5681.666185044295,63.52600269786608,9,0,3,4
1530590400,5700.62,5685.11233321806,65.69516466542314,9,0,3,5
1530586800,5698.95,5687.628272632958,62.44247960303988,9,0,3,6
1530583200,5689.9,5688.0413139724205,61.840664863371686,9,0,3,7
1530579600,5682.62,5687.055620522889,58.54754053733677,9,0,3,8
1530576000,5691.98,5687.950962245999,55.96573418058752,9,0,3,9
1530572400,5694.13,5689.074423655818,58.49967056098063,9,0,3,10
1530568800,5711.46,5693.1445284456695,59.082129434346015,9,0,3,11
1530565200,5690.77,5692.712796001002,63.525822146481886,9,0,3,12
1530561600,5698.89,5693.835924000819,55.74251505195501,9,0,3,13
1530558000,5706.75,5696.1839378188515,57.92150054039397,9,0,3,14
1530554400,5694.17,5695.817767306333,59.97569974030168,9,0,3,15
1530550800,5689.92,5694.745445977909,55.32076826036965,9,0,3,16
1530547200,5706.24,5696.835364891016,53.801531093974056,9,0,3,17
1530543600,5698.39,5697.118025819922,58.51308751956463,9,0,3,18
1530540000,5676.52,5693.372930216299,55.57701860277445,9,0,3,19
1530536400,5450.17,5649.154215631517,48.3047941322943,9,0,3,20
1530532800,5448.19,5612.615267334877,19.648558931676604,9,0,3,21
1530529200,5437.92,5580.852491455808,19.53936244606163,9,0,3,22
1530525600,5424.36,5552.399311191115,18.951059018994982,9,0,3,23
1530522000,5435.45,5531.135800065457,18.17303607018124,9,1,4,0
1530518400,5443.48,5515.198381871738,21.02855820001102,9,1,4,1
1530514800,5414.57,5496.902312440513,23.12058781989363,9,1,4,2
1530511200,5400.28,5479.334619269511,20.96705081144242,9,1,4,3
1530507600,5411.94,5467.0810521296,19.976576206717994,9,1,4,4
1530504000,5421.84,5458.855406287854,23.16598741903374,9,1,4,5
1530500400,5427.25,5453.108968780971,25.867598234597978,9,1,4,6
1530496800,5412.37,5445.701883548067,27.370494865410507,9,1,4,7
1530493200,5427.57,5442.405177448418,25.820009109746422,9,1,4,8
1530489600,5446.9,5443.222417912341,30.1715481548206,9,1,4,9
1530486000,5444.35,5443.42743283737,35.36434367611862,9,1,4,10
1530482400,5451.81,5444.951535957848,34.99463193076852,9,1,4,11
1530478800,5444.22,5444.8185294200575,37.067427449090516,9,1,4,12
1530475200,5415.94,5439.56788770732,35.816093892677486,9,1,4,13
1530471600,5399.47,5432.277362669624,31.54331611973899,9,1,4,14
1530468000,5401.38,5426.6596603660555,29.347471278471318,9,1,4,15
1530464400,5394.73,5420.8542675722265,29.956428847625446,9,1,4,16
1530460800,5401.81,5417.391673468185,29.0186310574162,9,1,4,17
1530457200,5380.17,5410.62409647397,31.478119219301092,9,1,4,18
1530453600,5418.27,5412.01426075143,28.255479673069246,9,1,4,19
1530450000,5429.81,5415.249849705715,39.91816475704172,9,1,4,20
1530446400,5448.81,5421.351695213766,42.943545976027295,9,1,4,21
1530442800,5451.41,5426.816841538536,47.62018008619493,9,1,4,22
1530439200,5431.48,5427.6646885315295,48.24532774441278,9,1,4,23
1530435600,5453.73,5432.403836071251,43.9183627355207,9,2,5,0
1530432000,5451.96,5435.959502240114,49.37699052675763,9,2,5,1
1530428400,5439.0,5436.512320014638,48.968662700975244,9,2,5,2
1530424800,5452.85,5439.482807284704,45.970987267212685,9,2,5,3
1530421200,5431.9,5438.104115051122,49.526935991208184,9,2,5,4
1530417600,5421.67,5435.116094132735,44.73117329484195,9,2,5,5
1530414000,5413.63,5431.209531563147,42.563803846689304,9,2,5,6
1530410400,5433.11,5431.555071278937,40.88703434252475,9,2,5,7
1530406800,5443.37,5433.703240137312,46.39689330015108,9,2,5,8
1530403200,5464.7,5439.3390146578,49.08853012363254,9,2,5,9
1530399600,5418.32,5435.517375629109,54.23370812521136,9,2,5,10
1530396000,5408.29,5430.566943696544,43.85528682762232,9,2,5,11
1530392400,5431.98,5430.823863024445,41.984163663721226,9,2,5,12
1530388800,5401.45,5425.483160656364,47.66392845251728,9,2,5,13
1530385200,5404.76,5421.715313264298,41.96240873702399,9,2,5,14
1530381600,5423.93,5422.11798357988,42.76182403481904,9,2,5,15
1530378000,5440.28,5425.420168383538,47.290111367422845,9,2,5,16
1530374400,5454.4,5430.68922867744,50.86083540498486,9,2,5,17
1530370800,5446.22,5433.513005281541,53.773287688116994,9,2,5,18
1530367200,5471.21,5440.3670043212605,51.85580385416605,9,2,5,19
1530363600,5464.82,5444.813003535577,56.91090791745463,9,2,5,20
1530360000,5469.79,5449.354275620018,55.311637292646566,9,2,5,21
1530356400,5458.17,5450.957134598196,56.33931562293111,9,2,5,22
1530352800,5473.97,5455.141291943978,53.2556796056412,9,2,5,23
1530349200,5465.45,5457.015602499618,56.724111550168864,9,3,6,0
1530345600,5478.16,5460.860038408778,54.38086684343642,9,3,6,1
1530342000,5462.61,5461.1782132435455,57.21997302618082,9,3,6,2
1530338400,5462.58,5461.433083562901,52.88361374662964,9,3,6,3
1530334800,5455.79,5460.407068369646,52.875288331419014,9,3,6,4
1530331200,5448.9,5458.31487412062,50.92131951085267,9,3,6,5
1530327600,5462.84,5459.137624280506,48.94478047125505,9,3,6,6
1530324000,5475.99,5462.201692593141,52.92599121270457,9,3,6,7
1530320400,5328.66,5437.9213848489335,56.38136292081958,9,3,6,8
1530316800,5304.58,5413.677496694581,29.90017579970059,9,3,6,9
1530313200,5341.37,5400.530679113748,27.617053390194158,9,3,6,10
1530309600,5066.66,5339.826919274884,35.695945371073776,9,3,6,11
1530306000,5057.55,5288.503843043087,18.811878320439178,9,3,6,12
1530302400,5040.41,5243.3958715807075,18.499382648383246,9,3,6,13
1530298800,5043.17,5206.991167656943,17.89700435503866,9,3,6,14
1530295200,5047.69,5178.027318992044,18.35801249597283,9,3,6,15
1530291600,5042.12,5153.316897357126,19.158579275919223,9,3,6,16
1530288000,5061.22,5136.572006928557,18.912466806156843,9,3,6,17
1530284400,5066.52,5123.835278396092,22.5849399511079,9,3,6,18
1530280800,5037.76,5108.18522777862,23.618697715323975,9,3,6,19
1530277200,5039.33,5095.666095455234,21.909021001424307,9,3,6,20
1530273600,5048.6,5087.1086235542825,22.23993118992368,9,3,6,21
1530270000,5066.19,5083.305237453504,24.280182178898286,9,3,6,22
1530266400,5085.45,5083.695194280139,28.13341084776681,9,3,6,23
1530262800,5072.13,5081.59243168375,32.20167650030214,9,4,7,0
1530259200,5078.52,5081.033807741249,30.89893454362887,9,4,7,1
1530255600,5062.61,5077.684024515567,32.31362840250945,9,4,7,2
1530252000,5065.73,5075.510565512737,30.632084242274317,9,4,7,3
1530248400,5029.35,5067.117735419512,31.386140068834138,9,4,7,4
1530244800,5059.16,5065.670874434147,27.616451193971358,9,4,7,5
1530241200,5045.65,5062.03071544612,34.55296911774498,9,4,7,6
1530237600,5074.83,5064.3578580922795,33.009090149002134,9,4,7,7
1530234000,5094.65,5069.865520257319,39.316001017610915,9,4,7,8
1530230400,5070.52,5069.98451657417,43.22580385083539,9,4,7,9
1530226800,5139.04,5082.540059015229,39.85880267225311,9,4,7,10
1530223200,5130.29,5091.221866467005,51.42859518048246,9,4,7,11
1530219600,5228.83,5116.241527109368,50.10305442575765,9,4,7,12
1530216000,5259.97,5142.373976725846,61.98593901335998,9,4,7,13
1530212400,5279.64,5167.331435502964,64.83589540461182,9,4,7,14
1530208800,5274.77,5186.865719956971,66.54221945015163,9,4,7,15
1530205200,5273.99,5202.706498146612,65.6922846753962,9,4,7,16
1530201600,5276.94,5216.203498483591,65.54787467940906,9,4,7,17
1530198000,5285.04,5228.719226032029,65.85360593112487,9,4,7,18
1530194400,5278.75,5237.8157303898415,66.72671242018598,9,4,7,19
1530190800,5278.81,5245.269233955324,65.32975330400045,9,4,7,20
1530187200,5278.76,5251.358464145265,65.33720804907836,9,4,7,21
1530183600,5268.04,5254.391470664308,65.32460266510773,9,4,7,22
1530180000,5284.17,5259.805748725343,62.53877442118555,9,4,7,23
1530176400,5299.08,5266.946521684371,64.96015994052601,9,5,8,0
1530172800,5287.47,5270.678063196303,67.07847183560236,9,5,8,1
1530169200,5288.8,5273.972960796975,63.841987933632126,9,5,8,2
1530165600,5291.01,5277.070604288434,64.05594246872728,9,5,8,3
1530162000,5275.59,5276.801403508719,64.43255514528926,9,5,8,4
1530158400,5272.11,5275.948421052588,59.72996753390375,9,5,8,5
1530154800,5287.96,5278.1323444975715,58.68892788364366,9,5,8,6
1530151200,5311.42,5284.184645498013,61.942427649724955,9,5,8,7
1530147600,5316.36,5290.03470995292,66.1871519818716,9,5,8,8
1530144000,5308.2,5293.337489961479,67.02126711162563,9,5,8,9
1530140400,5311.05,5296.557946332119,64.20383717908078,9,5,8,10
1530136800,5300.21,5297.221956089915,64.76102692866931,9,5,8,11
1530133200,5297.77,5297.3216004372025,60.8794645233333,9,5,8,12
1530129600,5316.17,5300.748582175893,60.007609251298696,9,5,8,13
1530126000,5296.07,5299.897930871184,64.17421122493337,9,5,8,14
1530122400,5295.89,5299.169216167333,57.16746338622259,9,5,8,15
1530118800,5287.4,5297.029358682363,57.107330930167365,9,5,8,16
1530115200,5274.06,5292.853111649206,54.21087891967272,9,5,8,17
1530111600,5220.05,5279.616182258441,49.926040748556474,9,5,8,18
1530108000,5250.33,5274.2914218478145,37.12999251541782,9,5,8,19
1530104400,5252.59,5270.345708784575,45.555047463852986,9,5,8,20
1530100800,5245.46,5265.8210344601075,46.13523877513249,9,5,8,21
1530097200,5262.85,5265.280846376452,44.52323489694879,9,5,8,22
1530093600,5247.3,5262.011601580733,49.186667684833125,9,5,8,23
1530090000,5228.15,5255.854946747872,45.5032379545346,9,6,9,0
1530086400,5216.46,5248.69222915735,41.39224236431007,9,6,9,1
1530082800,5212.82,5242.170005674196,39.07165999404707,9,6,9,2
1530079200,5221.57,5238.424550097069,38.35068090436706,9,6,9,3
