,Prix,ema,rsi,month,weekday,day,hour
1530403200,5464.7,5439.3390146578,49.08853012363254,9,2,5,9
1530399600,5418.32,5435.517375629109,54.23370812521136,9,2,5,10
1530396000,5408.29,5430.566943696544,43.85528682762232,9,2,5,11
1530392400,5431.98,5430.823863024445,41.984163663721226,9,2,5,12
1530388800,5401.45,5425.483160656364,47.66392845251728,9,2,5,13
1530385200,5404.76,5421.715313264298,41.96240873702399,9,2,5,14
1530381600,5423.93,5422.11798357988,42.76182403481904,9,2,5,15
1530378000,5440.28,5425.420168383538,47.290111367422845,9,2,5,16
1530374400,5454.4,5430.68922867744,50.86083540498486,9,2,5,17
1530370800,5446.22,5433.513005281541,53.773287688116994,9,2,5,18
1530367200,5471.21,5440.3670043212605,51.85580385416605,9,2,5,19
1530363600,5464.82,5444.813003535577,56.91090791745463,9,2,5,20
1530360000,5469.79,5449.354275620018,55.311637292646566,9,2,5,21
1530356400,5458.17,5450.957134598196,56.33931562293111,9,2,5,22
1530352800,5473.97,5455.141291943978,53.2556796056412,9,2,5,23
1530349200,5465.45,5457.015602499618,56.724111550168864,9,3,6,0
1530345600,5478.16,5460.860038408778,54.38086684343642,9,3,6,1
1530342000,5462.61,5461.1782132435455,57.21997302618082,9,3,6,2
1530338400,5462.58,5461.433083562901,52.88361374662964,9,3,6,3
1530334800,5455.79,5460.407068369646,52.875288331419014,9,3,6,4
1530331200,5448.9,5458.31487412062,50.92131951085267,9,3,6,5
1530327600,5462.84,5459.137624280506,48.94478047125505,9,3,6,6
1530324000,5475.99,5462.201692593141,52.92599121270457,9,3,6,7
1530320400,5328.66,5437.9213848489335,56.38136292081958,9,3,6,8
1530316800,5304.58,5413.677496694581,29.90017579970059,9,3,6,9
1530313200,5341.37,5400.530679113748,27.617053390194158,9,3,6,10
1530309600,5066.66,5339.826919274884,35.695945371073776,9,3,6,11
1530306000,5057.55,5288.503843043087,18.811878320439178,9,3,6,12
1530302400,5040.41,5243.3958715807075,18.499382648383246,9,3,6,13
1530298800,5043.17,5206.991167656943,17.89700435503866,9,3,6,14
1530295200,5047.69,5178.027318992044,18.35801249597283,9,3,6,15
1530291600,5042.12,5153.316897357126,19.158579275919223,9,3,6,16
1530288000,5061.22,5136.572006928557,18.912466806156843,9,3,6,17
1530284400,5066.52,5123.835278396092,22.5849399511079,9,3,6,18
1530280800,5037.76,5108.18522777862,23.618697715323975,9,3,6,19
1530277200,5039.33,5095.666095455234,21.909021001424307,9,3,6,20
1530273600,5048.6,5087.1086235542825,22.23993118992368,9,3,6,21
1530270000,5066.19,5083.305237453504,24.280182178898286,9,3,6,22
1530266400,5085.45,5083.695194280139,28.13341084776681,9,3,6,23
1530262800,5072.13,5081.59243168375,32.20167650030214,9,4,7,0
1530259200,5078.52,5081.033807741249,30.89893454362887,9,4,7,1
1530255600,5062.61,5077.684024515567,32.31362840250945,9,4,7,2
1530252000,5065.73,5075.510565512737,30.632084242274317,9,4,7,3
1530248400,5029.35,5067.117735419512,31.386140068834138,9,4,7,4
1530244800,5059.16,5065.670874434147,27.616451193971358,9,4,7,5
1530241200,5045.65,5062.03071544612,34.55296911774498,9,4,7,6
1530237600,5074.83,5064.3578580922795,33.009090149002134,9,4,7,7
1530234000,5094.65,5069.865520257319,39.316001017610915,9,4,7,8
1530230400,5070.52,5069.98451657417,43.22580385083539,9,4,7,9
1530226800,5139.04,5082.540059015229,39.85880267225311,9,4,7,10
1530223200,5130.29,5091.221866467005,51.42859518048246,9,4,7,11
1530219600,5228.83,5116.241527109368,50.10305442575765,9,4,7,12
1530216000,5259.97,5142.373976725846,61.98593901335998,9,4,7,13
1530212400,5279.64,5167.331435502964,64.83589540461182,9,4,7,14
1530208800,5274.77,5186.865719956971,66.54221945015163,9,4,7,15
1530205200,5273.99,5202.706498146612,65.6922846753962,9,4,7,16
1530201600,5276.94,5216.203498483591,65.54787467940906,9,4,7,17
1530198000,5285.04,5228.719226032029,65.85360593112487,9,4,7,18
1530194400,5278.75,5237.8157303898415,66.72671242018598,9,4,7,19
1530190800,5278.81,5245.269233955324,65.32975330400045,9,4,7,20
1530187200,5278.76,5251.358464145265,65.33720804907836,9,4,7,21
1530183600,5268.04,5254.391470664308,65.32460266510773,9,4,7,22
1530180000,5284.17,5259.805748725343,62.53877442118555,9,4,7,23
1530176400,5299.08,5266.946521684371,64.96015994052601,9,5,8,0
1530172800,5287.47,5270.678063196303,67.07847183560236,9,5,8,1
1530169200,5288.8,5273.972960796975,63.841987933632126,9,5,8,2
1530165600,5291.01,5277.070604288434,64.05594246872728,9,5,8,3
1530162000,5275.59,5276.801403508719,64.43255514528926,9,5,8,4
1530158400,5272.11,5275.948421052588,59.72996753390375,9,5,8,5
1530154800,5287.96,5278.1323444975715,58.68892788364366,9,5,8,6
1530151200,5311.42,5284.184645498013,61.942427649724955,9,5,8,7
1530147600,5316.36,5290.03470995292,66.1871519818716,9,5,8,8
1530144000,5308.2,5293.337489961479,67.02126711162563,9,5,8,9
1530140400,5311.05,5296.557946332119,64.20383717908078,9,5,8,10
1530136800,5300.21,5297.221956089915,64.76102692866931,9,5,8,11
1530133200,5297.77,5297.3216004372025,60.8794645233333,9,5,8,12
1530129600,5316.17,5300.748582175893,60.007609251298696,9,5,8,13
1530126000,5296.07,5299.897930871184,64.17421122493337,9,5,8,14
1530122400,5295.89,5299.169216167333,57.16746338622259,9,5,8,15
1530118800,5287.4,5297.029358682363,57.107330930167365,9,5,8,16
1530115200,5274.06,5292.853111649206,54.21087891967272,9,5,8,17
1530111600,5220.05,5279.616182258441,49.926040748556474,9,5,8,18
1530108000,5250.33,5274.2914218478145,37.12999251541782,9,5,8,19
1530104400,5252.59,5270.345708784575,45.555047463852986,9,5,8,20
1530100800,5245.46,5265.8210344601075,46.13523877513249,9,5,8,21
1530097200,5262.85,5265.280846376452,44.52323489694879,9,5,8,22
1530093600,5247.3,5262.011601580733,49.186667684833125,9,5,8,23
1530090000,5228.15,5255.854946747872,45.5032379545346,9,6,9,0
1530086400,5216.46,5248.69222915735,41.39224236431007,9,6,9,1
1530082800,5212.82,5242.170005674196,39.07165999404707,9,6,9,2
1530079200,5221.57,5238.424550097069,38.35068090436706,9,6,9,3
1530075600,5193.45,5230.247359170329,41.161381749595705,9,6,9,4
1530072000,5187.09,5222.400566593906,35.551695137895024,9,6,9,5
1530068400,5211.99,5220.507736304105,34.40946641879296,9,6,9,6
1530064800,5224.95,5221.315420612449,42.234531799308485,9,6,9,7
1530061200,5232.42,5223.334435046549,45.85524043860342,9,6,9,8
1530057600,5213.12,5221.477265038085,47.882948383791366,9,6,9,9
1530054000,5287.05,5233.399580485706,43.36435506651471,9,6,9,10
1530050400,5345.71,5253.819656761032,59.23403530401534,9,6,9,11
1530046800,5308.53,5263.76699189539,67.1091876139048,9,6,9,12
1530043200,5304.14,5271.1075388235,59.29106464742098,9,6,9,13
1530039600,5299.78,5276.320713582864,58.42557214983443,9,6,9,14
1530036000,5310.31,5282.500583840525,57.52740840403467,9,6,9,15
1530032400,5306.58,5286.878659505884,59.160315551205834,9,6,9,16
1530028800,5299.5,5289.173448686633,58.30519930703046,9,6,9,17
1530025200,5299.32,5291.018276198154,56.63193261311335,9,6,9,18
1530021600,5301.77,5292.973135071217,56.58746927292433,9,6,9,19
1530018000,5320.49,5297.976201421905,57.081398277023,9,6,9,20
1530014400,5322.19,5302.378710254286,60.755511548950494,9,6,9,21
1530010800,5344.4,5310.018944753507,61.08134268763283,9,6,9,22
1530007200,5308.82,5309.800954798323,65.15209693131897,9,6,9,23
1530003600,5336.88,5314.724417562264,55.19255036086049,9,0,10,0
1530000000,5333.22,5318.087250732761,60.34144978558467,9,0,10,1
1529996400,5346.85,5323.316841508623,59.38292386252286,9,0,10,2
1529992800,5341.12,5326.5537794161455,61.81554340110139,9,0,10,3
1529989200,5342.72,5329.493092249573,60.18366565783276,9,0,10,4
1529985600,5334.64,5330.428893658742,60.49725926476035,9,0,10,5
1529982000,5329.74,5330.303640266243,58.012394384443624,9,0,10,6
1529978400,5329.49,5330.15570567238,56.49687700024797,9,0,10,7
1529974800,5300.99,5324.852850095583,56.415898402483386,9,0,10,8
1529971200,5344.8,5328.479604623659,47.97398091280017,9,0,10,9
1529967600,5339.87,5330.550585601175,58.30296951673298,9,0,10,10
1529964000,5354.24,5334.857751855507,56.93315796079997,9,0,10,11
1529960400,5352.12,5337.996342427232,59.89120006163856,9,0,10,12
1529956800,5353.55,5340.824280167735,59.24469111508009,9,0,10,13
1529953200,5365.77,5345.359865591783,59.56178535779815,9,0,10,14
1529949600,5378.03,5351.29989002964,62.26376798958182,9,0,10,15
1529946000,5381.11,5356.719910024251,64.80462444970874,9,0,10,16
1529942400,5385.18,5361.894471838023,65.43429295654656,9,0,10,17
1529938800,5390.11,5367.024567867473,66.29247921426754,9,0,10,18
1529935200,5252.95,5346.283737346114,67.34992353043847,9,0,10,19
1529931600,5240.35,5327.023057828638,34.71769165164996,9,0,10,20
1529928000,5341.51,5329.65704731434,33.129676581062185,9,0,10,21
1529924400,5321.91,5328.248493257187,52.080841776764046,9,0,10,22
1529920800,5306.66,5324.323312664971,49.17306093449413,9,0,10,23
1529917200,5294.75,5318.946346725885,46.975439010616796,9,1,11,0
1529913600,5294.63,5314.525192775724,45.273679716465004,9,1,11,1
1529910000,5310.73,5313.835157725592,45.255890510369326,9,1,11,2
1529906400,5291.57,5309.78694723003,48.196896216468545,9,1,11,3
1529902800,5274.59,5303.387502279115,45.09223280081622,9,1,11,4
1529899200,5273.22,5297.902501864731,42.480595213765405,9,1,11,5
1529895600,5268.17,5292.496592434779,42.26788455768155,9,1,11,6
1529892000,5281.9,5290.5699392648185,41.44409402124666,9,1,11,7
1529888400,5294.64,5291.309950307579,44.60520048869068,9,1,11,8
1529884800,5280.81,5289.400868433474,47.440526479485236,9,1,11,9
1529881200,5272.52,5286.331619627388,44.76208741412661,9,1,11,10
1529877600,5284.88,5286.0676887860445,43.1880575227273,9,1,11,11
1529874000,5311.68,5290.724472643127,46.22430588041823,9,1,11,12
1529870400,5311.25,5294.456386708012,52.19068910448623,9,1,11,13
1529866800,5311.42,5297.540680033828,52.09082608123904,9,1,11,14
1529863200,5317.31,5301.135101845858,52.12982403783905,9,1,11,15
1529859600,5315.01,5303.657810601157,53.54088304975254,9,1,11,16
1529856000,4988.46,5246.349117764582,52.88532291180849,9,1,11,17
1529852400,5089.36,5217.805641807385,18.413344137149934,9,1,11,18
1529848800,5098.16,5196.051888751496,32.955268202337095,9,1,11,19
1529845200,5090.62,5176.882454433043,34.05917724560183,9,1,11,20
1529841600,5094.21,5161.85109908158,33.54946208430739,9,1,11,21
1529838000,5092.42,5149.227262884929,34.05549619177245,9,1,11,22
1529834400,5050.89,5131.347760542214,33.916807986677156,9,1,11,23
1529830800,5038.3,5114.429985898175,30.78441132871103,9,2,12,0
1529827200,5037.97,5100.528170280325,29.88337982406057,9,2,12,1
1529823600,5044.78,5090.392139320265,29.858710737562518,9,2,12,2
1529820000,5068.57,5086.424477625671,31.122339766068762,9,2,12,3
1529816400,5083.11,5085.821845330094,35.49429766769951,9,2,12,4
1529812800,5223.75,5110.899691633713,38.08116988028705,9,2,12,5
1529809200,5251.15,5136.3997477003095,56.325678439956754,9,2,12,6
1529805600,5246.24,5156.3707026638895,58.86846955359877,9,2,12,7
1529802000,5252.69,5173.883302179545,58.21439013697878,9,2,12,8
