,Prix,ema,rsi,month,weekday,day,hour
1530140400,5311.05,5296.557946332119,64.20383717908078,9,5,8,10
1530136800,5300.21,5297.221956089915,64.76102692866931,9,5,8,11
1530133200,5297.77,5297.3216004372025,60.8794645233333,9,5,8,12
1530129600,5316.17,5300.748582175893,60.007609251298696,9,5,8,13
1530126000,5296.07,5299.897930871184,64.17421122493337,9,5,8,14
1530122400,5295.89,5299.169216167333,57.16746338622259,9,5,8,15
1530118800,5287.4,5297.029358682363,57.107330930167365,9,5,8,16
1530115200,5274.06,5292.853111649206,54.21087891967272,9,5,8,17
1530111600,5220.05,5279.616182258441,49.926040748556474,9,5,8,18
1530108000,5250.33,5274.2914218478145,37.12999251541782,9,5,8,19
1530104400,5252.59,5270.345708784575,45.555047463852986,9,5,8,20
1530100800,5245.46,5265.8210344601075,46.13523877513249,9,5,8,21
1530097200,5262.85,5265.280846376452,44.52323489694879,9,5,8,22
1530093600,5247.3,5262.011601580733,49.186667684833125,9,5,8,23
1530090000,5228.15,5255.854946747872,45.5032379545346,9,6,9,0
1530086400,5216.46,5248.69222915735,41.39224236431007,9,6,9,1
1530082800,5212.82,5242.170005674196,39.07165999404707,9,6,9,2
1530079200,5221.57,5238.424550097069,38.35068090436706,9,6,9,3
1530075600,5193.45,5230.247359170329,41.161381749595705,9,6,9,4
1530072000,5187.09,5222.400566593906,35.551695137895024,9,6,9,5
1530068400,5211.99,5220.507736304105,34.40946641879296,9,6,9,6
1530064800,5224.95,5221.315420612449,42.234531799308485,9,6,9,7
1530061200,5232.42,5223.334435046549,45.85524043860342,9,6,9,8
1530057600,5213.12,5221.477265038085,47.882948383791366,9,6,9,9
1530054000,5287.05,5233.399580485706,43.36435506651471,9,6,9,10
1530050400,5345.71,5253.819656761032,59.23403530401534,9,6,9,11
1530046800,5308.53,5263.76699189539,67.1091876139048,9,6,9,12
1530043200,5304.14,5271.1075388235,59.29106464742098,9,6,9,13
1530039600,5299.78,5276.320713582864,58.42557214983443,9,6,9,14
1530036000,5310.31,5282.500583840525,57.52740840403467,9,6,9,15
1530032400,5306.58,5286.878659505884,59.160315551205834,9,6,9,16
1530028800,5299.5,5289.173448686633,58.30519930703046,9,6,9,17
1530025200,5299.32,5291.018276198154,56.63193261311335,9,6,9,18
1530021600,5301.77,5292.973135071217,56.58746927292433,9,6,9,19
1530018000,5320.49,5297.976201421905,57.081398277023,9,6,9,20
1530014400,5322.19,5302.378710254286,60.755511548950494,9,6,9,21
1530010800,5344.4,5310.018944753507,61.08134268763283,9,6,9,22
1530007200,5308.82,5309.800954798323,65.15209693131897,9,6,9,23
1530003600,5336.88,5314.724417562264,55.19255036086049,9,0,10,0
1530000000,5333.22,5318.087250732761,60.34144978558467,9,0,10,1
1529996400,5346.85,5323.316841508623,59.38292386252286,9,0,10,2
1529992800,5341.12,5326.5537794161455,61.81554340110139,9,0,10,3
1529989200,5342.72,5329.493092249573,60.18366565783276,9,0,10,4
1529985600,5334.64,5330.428893658742,60.49725926476035,9,0,10,5
1529982000,5329.74,5330.303640266243,58.012394384443624,9,0,10,6
1529978400,5329.49,5330.15570567238,56.49687700024797,9,0,10,7
1529974800,5300.99,5324.852850095583,56.415898402483386,9,0,10,8
1529971200,5344.8,5328.479604623659,47.97398091280017,9,0,10,9
1529967600,5339.87,5330.550585601175,58.30296951673298,9,0,10,10
1529964000,5354.24,5334.857751855507,56.93315796079997,9,0,10,11
1529960400,5352.12,5337.996342427232,59.89120006163856,9,0,10,12
1529956800,5353.55,5340.824280167735,59.24469111508009,9,0,10,13
1529953200,5365.77,5345.359865591783,59.56178535779815,9,0,10,14
1529949600,5378.03,5351.29989002964,62.26376798958182,9,0,10,15
1529946000,5381.11,5356.719910024251,64.80462444970874,9,0,10,16
1529942400,5385.18,5361.894471838023,65.43429295654656,9,0,10,17
1529938800,5390.11,5367.024567867473,66.29247921426754,9,0,10,18
1529935200,5252.95,5346.283737346114,67.34992353043847,9,0,10,19
1529931600,5240.35,5327.023057828638,34.71769165164996,9,0,10,20
1529928000,5341.51,5329.65704731434,33.129676581062185,9,0,10,21
1529924400,5321.91,5328.248493257187,52.080841776764046,9,0,10,22
1529920800,5306.66,5324.323312664971,49.17306093449413,9,0,10,23
1529917200,5294.75,5318.946346725885,46.975439010616796,9,1,11,0
1529913600,5294.63,5314.525192775724,45.273679716465004,9,1,11,1
1529910000,5310.73,5313.835157725592,45.255890510369326,9,1,11,2
1529906400,5291.57,5309.78694723003,48.196896216468545,9,1,11,3
1529902800,5274.59,5303.387502279115,45.09223280081622,9,1,11,4
1529899200,5273.22,5297.902501864731,42.480595213765405,9,1,11,5
1529895600,5268.17,5292.496592434779,42.26788455768155,9,1,11,6
1529892000,5281.9,5290.5699392648185,41.44409402124666,9,1,11,7
1529888400,5294.64,5291.309950307579,44.60520048869068,9,1,11,8
1529884800,5280.81,5289.400868433474,47.440526479485236,9,1,11,9
1529881200,5272.52,5286.331619627388,44.76208741412661,9,1,11,10
1529877600,5284.88,5286.0676887860445,43.1880575227273,9,1,11,11
1529874000,5311.68,5290.724472643127,46.22430588041823,9,1,11,12
1529870400,5311.25,5294.456386708012,52.19068910448623,9,1,11,13
1529866800,5311.42,5297.540680033828,52.09082608123904,9,1,11,14
1529863200,5317.31,5301.135101845858,52.12982403783905,9,1,11,15
1529859600,5315.01,5303.657810601157,53.54088304975254,9,1,11,16
1529856000,4988.46,5246.349117764582,52.88532291180849,9,1,11,17
1529852400,5089.36,5217.805641807385,18.413344137149934,9,1,11,18
1529848800,5098.16,5196.051888751496,32.955268202337095,9,1,11,19
1529845200,5090.62,5176.882454433043,34.05917724560183,9,1,11,20
1529841600,5094.21,5161.85109908158,33.54946208430739,9,1,11,21
1529838000,5092.42,5149.227262884929,34.05549619177245,9,1,11,22
1529834400,5050.89,5131.347760542214,33.916807986677156,9,1,11,23
1529830800,5038.3,5114.429985898175,30.78441132871103,9,2,12,0
1529827200,5037.97,5100.528170280325,29.88337982406057,9,2,12,1
1529823600,5044.78,5090.392139320265,29.858710737562518,9,2,12,2
1529820000,5068.57,5086.424477625671,31.122339766068762,9,2,12,3
1529816400,5083.11,5085.821845330094,35.49429766769951,9,2,12,4
1529812800,5223.75,5110.899691633713,38.08116988028705,9,2,12,5
1529809200,5251.15,5136.3997477003095,56.325678439956754,9,2,12,6
1529805600,5246.24,5156.3707026638895,58.86846955359877,9,2,12,7
1529802000,5252.69,5173.883302179545,58.21439013697878,9,2,12,8
1529798400,5291.82,5195.3263381469005,58.86103232090443,9,2,12,9
1529794800,5321.81,5218.323367574736,62.63846564675234,9,2,12,10
1529791200,5343.59,5241.099118924783,65.27050955815844,9,2,12,11
1529787600,5271.32,5246.593824574822,67.08410410079767,9,2,12,12
1529784000,5280.66,5252.787674652127,56.53441718930748,9,2,12,13
1529780400,5268.85,5255.70809744265,57.465387712116375,9,2,12,14
1529776800,5273.84,5259.004806998531,55.83684556373822,9,2,12,15
1529773200,5253.02,5257.916660271525,56.39908792979648,9,2,12,16
1529769600,5246.07,5255.762722040338,53.347390147842916,9,2,12,17
1529766000,5254.95,5255.61495439664,52.32949108337821,9,2,12,18
1529762400,5281.04,5260.237689960887,53.54903959286291,9,2,12,19
1529758800,5268.36,5261.714473604362,57.02748995168433,9,2,12,20
1529755200,5281.02,5265.22456931266,54.876647776140935,9,2,12,21
1529751600,5270.17,5266.123738528539,56.63522140435283,9,2,12,22
1529748000,5260.4,5265.083058796077,54.66878748136243,9,2,12,23
1529744400,5230.04,5258.711593560427,52.888050322481035,9,3,13,0
1529740800,5249.2,5256.982212913076,47.68957789322429,9,3,13,1
1529737200,5203.6,5247.276356019789,50.965251069872174,9,3,13,2
1529733600,5234.17,5244.893382198009,43.91675301374184,9,3,13,3
1529730000,5264.88,5248.5273127074615,49.008166022346096,9,3,13,4
1529726400,5259.01,5250.43325585156,53.56840729229014,9,3,13,5
1529722800,5272.26,5254.40175478764,52.60009228497801,9,3,13,6
1529719200,5279.02,5258.877799371706,54.59522555909647,9,3,13,7
1529715600,5282.55,5263.1818358495775,55.621543936609214,9,3,13,8
1529712000,5210.14,5253.537865695108,56.17857545227047,9,3,13,9
1529708400,5225.7,5248.476435568724,43.98302957361768,9,3,13,10
1529704800,5179.69,5235.969810919864,46.6625583840393,9,3,13,11
1529701200,5222.95,5233.602572570798,40.49433110822216,9,3,13,12
1529697600,5320.8,5249.456650285198,47.51881497199211,9,3,13,13
1529694000,5351.68,5268.042713869707,59.23953319367966,9,3,13,14
1529690400,5292.04,5272.405856802487,62.11506566527288,9,3,13,15
1529686800,5311.95,5279.5957010202155,54.16704005399783,9,3,13,16
1529683200,5302.82,5283.818300834721,56.18273977918677,9,3,13,17
1529679600,5322.43,5290.838609773862,54.988466432662676,9,3,13,18
1529676000,5268.27,5286.7352261786145,57.09792325733528,9,3,13,19
1529672400,5439.77,5314.559730509775,50.11269876288318,9,3,13,20
1529668800,5463.48,5341.636143144361,64.79835043387631,9,3,13,21
1529665200,5482.23,5367.198662572659,66.27640083668386,9,3,13,22
1529661600,5422.2,5377.198905741266,67.44067697521416,9,3,13,23
1529658000,5492.83,5398.222741061035,60.2668289265302,9,4,14,0
1529654400,5591.65,5433.391333595392,64.98611304164552,9,4,14,1
1529650800,5720.08,5485.5165456689565,70.30111436997676,9,4,14,2
1529647200,5733.37,5530.5808100927825,75.50518845917492,9,4,14,3
1529643600,5741.11,5568.858844621367,75.97434919565933,9,4,14,4
1529640000,5746.79,5601.209963781119,76.25954118854375,9,4,14,5
1529636400,5743.28,5627.040879457279,76.48018317601833,9,4,14,6
1529632800,5726.61,5645.144355919591,76.01005792262505,9,4,14,7
1529629200,5794.71,5672.3381093887565,73.69316978930274,9,4,14,8
1529625600,5793.59,5694.383907681709,76.80379151313757,9,4,14,9
1529622000,5794.55,5712.595924466853,76.64327920092701,9,4,14,10
1529618400,5783.71,5725.5257563819705,76.68825081203488,9,4,14,11
1529614800,5791.23,5737.471982494339,74.93377683000008,9,4,14,12
1529611200,5788.0,5746.658894768096,75.35500754524219,9,4,14,13
1529607600,5775.39,5751.882732082988,74.7737751627006,9,4,14,14
1529604000,5795.02,5759.725871704262,72.42509433887139,9,4,14,15
1529600400,5800.07,5767.061167758033,73.80449782420649,9,4,14,16
1529596800,5799.12,5772.890046347482,74.16257958261615,9,4,14,17
1529593200,5797.15,5777.300947011576,73.95776721831214,9,4,14,18
1529589600,5817.07,5784.531683918562,73.50443955839555,9,4,14,19
1529586000,5802.01,5787.709559569732,75.16229866407907,9,4,14,20
1529582400,5833.26,5795.99145782978,71.51882846549802,9,4,14,21
1529578800,5839.43,5803.889374588001,74.30248720522674,9,4,14,22
1529575200,5845.8,5811.5094882992735,74.82564927221796,9,4,14,23
1529571600,5833.0,5815.416854063042,75.38286280293964,9,5,15,0
1529568000,5847.99,5821.339244233398,71.93720491177089,9,5,15,1
1529564400,5854.04,5827.284836190962,73.46676345568918,9,5,15,2
1529560800,5839.9,5829.5785023380595,74.08080135118243,9,5,15,3
1529557200,5839.76,5831.429683731139,70.00322845774097,9,5,15,4
1529553600,5853.84,5835.504286689114,69.96216810923208,9,5,15,5
1529550000,5856.61,5839.341689109275,71.75642076226556,9,5,15,6
1529546400,5842.0,5839.825018362133,72.10938836926726,9,5,15,7
1529542800,5833.18,5838.616833205381,67.32993279748209,9,5,15,8
1529539200,5837.29,5838.375590804402,64.54845546901947,9,5,15,9
