,Prix,ema,rsi,month,weekday,day,hour
1529967600,5339.87,5330.550585601175,58.30296951673298,9,0,10,10
1529964000,5354.24,5334.857751855507,56.93315796079997,9,0,10,11
1529960400,5352.12,5337.996342427232,59.89120006163856,9,0,10,12
1529956800,5353.55,5340.824280167735,59.24469111508009,9,0,10,13
1529953200,5365.77,5345.359865591783,59.56178535779815,9,0,10,14
1529949600,5378.03,5351.29989002964,62.26376798958182,9,0,10,15
1529946000,5381.11,5356.719910024251,64.80462444970874,9,0,10,16
1529942400,5385.18,5361.894471838023,65.43429295654656,9,0,10,17
1529938800,5390.11,5367.024567867473,66.29247921426754,9,0,10,18
1529935200,5252.95,5346.283737346114,67.34992353043847,9,0,10,19
1529931600,5240.35,5327.023057828638,34.71769165164996,9,0,10,20
1529928000,5341.51,5329.65704731434,33.129676581062185,9,0,10,21
1529924400,5321.91,5328.248493257187,52.080841776764046,9,0,10,22
1529920800,5306.66,5324.323312664971,49.17306093449413,9,0,10,23
1529917200,5294.75,5318.946346725885,46.975439010616796,9,1,11,0
1529913600,5294.63,5314.525192775724,45.273679716465004,9,1,11,1
1529910000,5310.73,5313.835157725592,45.255890510369326,9,1,11,2
1529906400,5291.57,5309.78694723003,48.196896216468545,9,1,11,3
1529902800,5274.59,5303.387502279115,45.09223280081622,9,1,11,4
1529899200,5273.22,5297.902501864731,42.480595213765405,9,1,11,5
1529895600,5268.17,5292.496592434779,42.26788455768155,9,1,11,6
1529892000,5281.9,5290.5699392648185,41.44409402124666,9,1,11,7
1529888400,5294.64,5291.309950307579,44.60520048869068,9,1,11,8
1529884800,5280.81,5289.400868433474,47.440526479485236,9,1,11,9
1529881200,5272.52,5286.331619627388,44.76208741412661,9,1,11,10
1529877600,5284.88,5286.0676887860445,43.1880575227273,9,1,11,11
1529874000,5311.68,5290.724472643127,46.22430588041823,9,1,11,12
1529870400,5311.25,5294.456386708012,52.19068910448623,9,1,11,13
1529866800,5311.42,5297.540680033828,52.09082608123904,9,1,11,14
1529863200,5317.31,5301.135101845858,52.12982403783905,9,1,11,15
1529859600,5315.01,5303.657810601157,53.54088304975254,9,1,11,16
1529856000,4988.46,5246.349117764582,52.88532291180849,9,1,11,17
1529852400,5089.36,5217.805641807385,18.413344137149934,9,1,11,18
1529848800,5098.16,5196.051888751496,32.955268202337095,9,1,11,19
1529845200,5090.62,5176.882454433043,34.05917724560183,9,1,11,20
1529841600,5094.21,5161.85109908158,33.54946208430739,9,1,11,21
1529838000,5092.42,5149.227262884929,34.05549619177245,9,1,11,22
1529834400,5050.89,5131.347760542214,33.916807986677156,9,1,11,23
1529830800,5038.3,5114.429985898175,30.78441132871103,9,2,12,0
1529827200,5037.97,5100.528170280325,29.88337982406057,9,2,12,1
1529823600,5044.78,5090.392139320265,29.858710737562518,9,2,12,2
1529820000,5068.57,5086.424477625671,31.122339766068762,9,2,12,3
1529816400,5083.11,5085.821845330094,35.49429766769951,9,2,12,4
1529812800,5223.75,5110.899691633713,38.08116988028705,9,2,12,5
1529809200,5251.15,5136.3997477003095,56.325678439956754,9,2,12,6
1529805600,5246.24,5156.3707026638895,58.86846955359877,9,2,12,7
1529802000,5252.69,5173.883302179545,58.21439013697878,9,2,12,8
1529798400,5291.82,5195.3263381469005,58.86103232090443,9,2,12,9
1529794800,5321.81,5218.323367574736,62.63846564675234,9,2,12,10
1529791200,5343.59,5241.099118924783,65.27050955815844,9,2,12,11
1529787600,5271.32,5246.593824574822,67.08410410079767,9,2,12,12
1529784000,5280.66,5252.787674652127,56.53441718930748,9,2,12,13
1529780400,5268.85,5255.70809744265,57.465387712116375,9,2,12,14
1529776800,5273.84,5259.004806998531,55.83684556373822,9,2,12,15
1529773200,5253.02,5257.916660271525,56.39908792979648,9,2,12,16
1529769600,5246.07,5255.762722040338,53.347390147842916,9,2,12,17
1529766000,5254.95,5255.61495439664,52.32949108337821,9,2,12,18
1529762400,5281.04,5260.237689960887,53.54903959286291,9,2,12,19
1529758800,5268.36,5261.714473604362,57.02748995168433,9,2,12,20
1529755200,5281.02,5265.22456931266,54.876647776140935,9,2,12,21
1529751600,5270.17,5266.123738528539,56.63522140435283,9,2,12,22
1529748000,5260.4,5265.083058796077,54.66878748136243,9,2,12,23
1529744400,5230.04,5258.711593560427,52.888050322481035,9,3,13,0
1529740800,5249.2,5256.982212913076,47.68957789322429,9,3,13,1
1529737200,5203.6,5247.276356019789,50.965251069872174,9,3,13,2
1529733600,5234.17,5244.893382198009,43.91675301374184,9,3,13,3
1529730000,5264.88,5248.5273127074615,49.008166022346096,9,3,13,4
1529726400,5259.01,5250.43325585156,53.56840729229014,9,3,13,5
1529722800,5272.26,5254.40175478764,52.60009228497801,9,3,13,6
1529719200,5279.02,5258.877799371706,54.59522555909647,9,3,13,7
1529715600,5282.55,5263.1818358495775,55.621543936609214,9,3,13,8
1529712000,5210.14,5253.537865695108,56.17857545227047,9,3,13,9
1529708400,5225.7,5248.476435568724,43.98302957361768,9,3,13,10
1529704800,5179.69,5235.969810919864,46.6625583840393,9,3,13,11
1529701200,5222.95,5233.602572570798,40.49433110822216,9,3,13,12
1529697600,5320.8,5249.456650285198,47.51881497199211,9,3,13,13
1529694000,5351.68,5268.042713869707,59.23953319367966,9,3,13,14
1529690400,5292.04,5272.405856802487,62.11506566527288,9,3,13,15
1529686800,5311.95,5279.5957010202155,54.16704005399783,9,3,13,16
1529683200,5302.82,5283.818300834721,56.18273977918677,9,3,13,17
1529679600,5322.43,5290.838609773862,54.988466432662676,9,3,13,18
1529676000,5268.27,5286.7352261786145,57.09792325733528,9,3,13,19
1529672400,5439.77,5314.559730509775,50.11269876288318,9,3,13,20
1529668800,5463.48,5341.636143144361,64.79835043387631,9,3,13,21
1529665200,5482.23,5367.198662572659,66.27640083668386,9,3,13,22
1529661600,5422.2,5377.198905741266,67.44067697521416,9,3,13,23
1529658000,5492.83,5398.222741061035,60.2668289265302,9,4,14,0
1529654400,5591.65,5433.391333595392,64.98611304164552,9,4,14,1
1529650800,5720.08,5485.5165456689565,70.30111436997676,9,4,14,2
1529647200,5733.37,5530.5808100927825,75.50518845917492,9,4,14,3
1529643600,5741.11,5568.858844621367,75.97434919565933,9,4,14,4
1529640000,5746.79,5601.209963781119,76.25954118854375,9,4,14,5
1529636400,5743.28,5627.040879457279,76.48018317601833,9,4,14,6
1529632800,5726.61,5645.144355919591,76.01005792262505,9,4,14,7
1529629200,5794.71,5672.3381093887565,73.69316978930274,9,4,14,8
1529625600,5793.59,5694.383907681709,76.80379151313757,9,4,14,9
1529622000,5794.55,5712.595924466853,76.64327920092701,9,4,14,10
1529618400,5783.71,5725.5257563819705,76.68825081203488,9,4,14,11
1529614800,5791.23,5737.471982494339,74.93377683000008,9,4,14,12
1529611200,5788.0,5746.658894768096,75.35500754524219,9,4,14,13
1529607600,5775.39,5751.882732082988,74.7737751627006,9,4,14,14
1529604000,5795.02,5759.725871704262,72.42509433887139,9,4,14,15
1529600400,5800.07,5767.061167758033,73.80449782420649,9,4,14,16
1529596800,5799.12,5772.890046347482,74.16257958261615,9,4,14,17
1529593200,5797.15,5777.300947011576,73.95776721831214,9,4,14,18
1529589600,5817.07,5784.531683918562,73.50443955839555,9,4,14,19
1529586000,5802.01,5787.709559569732,75.16229866407907,9,4,14,20
1529582400,5833.26,5795.99145782978,71.51882846549802,9,4,14,21
1529578800,5839.43,5803.889374588001,74.30248720522674,9,4,14,22
1529575200,5845.8,5811.5094882992735,74.82564927221796,9,4,14,23
1529571600,5833.0,5815.416854063042,75.38286280293964,9,5,15,0
1529568000,5847.99,5821.339244233398,71.93720491177089,9,5,15,1
1529564400,5854.04,5827.284836190962,73.46676345568918,9,5,15,2
1529560800,5839.9,5829.5785023380595,74.08080135118243,9,5,15,3
1529557200,5839.76,5831.429683731139,70.00322845774097,9,5,15,4
1529553600,5853.84,5835.504286689114,69.96216810923208,9,5,15,5
1529550000,5856.61,5839.341689109275,71.75642076226556,9,5,15,6
1529546400,5842.0,5839.825018362133,72.10938836926726,9,5,15,7
1529542800,5833.18,5838.616833205381,67.32993279748209,9,5,15,8
1529539200,5837.29,5838.375590804402,64.54845546901947,9,5,15,9
1529535600,5823.56,5835.681847021783,65.26848286012523,9,5,15,10
1529532000,5806.03,5830.290602108731,60.82418122136197,9,5,15,11
1529528400,5828.11,5829.894128998052,55.61698971106559,9,5,15,12
1529524800,5831.07,5830.107923725679,60.23476379336049,9,5,15,13
1529521200,5827.61,5829.6537557755555,60.823230468760215,9,5,15,14
1529517600,5825.95,5828.980345634545,59.71088199112413,9,5,15,15
1529514000,5833.19,5829.7457373373545,59.151952354827536,9,5,15,16
1529510400,5835.99,5830.881057821471,60.87225035436705,9,5,15,17
1529506800,5843.85,5833.239047308476,61.546731462263224,9,5,15,18
1529503200,5817.25,5830.331947797844,63.45133936951948,9,5,15,19
1529499600,5722.3,5810.689775470963,53.74881031169472,9,5,15,20
1529496000,5735.37,5796.995270839878,33.85075789185372,9,5,15,21
1529492400,5738.6,5786.377948868991,37.29211070559179,9,5,15,22
1529488800,5746.73,5779.1692308928095,38.14849018143472,9,5,15,23
1529485200,5744.79,5772.918461639571,40.35639653005251,9,6,16,0
1529481600,5733.64,5765.7769231596485,39.989559782806495,9,6,16,1
1529478000,5728.55,5759.008391676076,37.85949370583624,9,6,16,2
1529474400,5705.31,5749.245047734971,36.89339245879423,9,6,16,3
1529470800,5709.95,5742.10049360134,32.78033940464874,9,6,16,4
1529467200,5716.32,5737.413131128368,34.35392731121375,9,6,16,5
1529463600,5706.99,5731.881652741392,36.54993032810267,9,6,16,6
1529460000,5722.71,5730.214079515684,34.71801272485634,9,6,16,7
1529456400,5767.94,5737.0733377855595,40.16010368213587,9,6,16,8
1529452800,5821.74,5752.467276370004,52.44400753804961,9,6,16,9
1529449200,5812.41,5763.365953393639,62.34553920052314,9,6,16,10
1529445600,5800.51,5770.1194164129765,60.01197836937257,9,6,16,11
1529442000,5786.42,5773.083158883344,57.07751431586076,9,6,16,12
1529438400,5836.68,5784.646220904554,53.727575986568596,9,6,16,13
1529434800,5809.46,5789.157817103725,62.2407465388116,9,6,16,14
1529431200,5819.5,5794.6745776303205,56.209223526228506,9,6,16,15
1529427600,5814.59,5798.295563515717,57.83238422029874,9,6,16,16
1529424000,5831.28,5804.292733785586,56.72503124232107,9,6,16,17
1529420400,5838.79,5810.564964006388,59.55961802545414,9,6,16,18
1529416800,5846.89,5817.169516005227,60.80374818348923,9,6,16,19
1529413200,5861.41,5825.2132403679125,62.15605950752803,9,6,16,20
1529409600,5829.58,5826.007196664656,64.51921167274178,9,6,16,21
1529406000,5816.64,5824.304069998355,56.22991856693,9,6,16,22
1529402400,5823.23,5824.108784544108,53.2355026399378,9,6,16,23
1529398800,5793.98,5818.6308237179055,54.56257380829469,9,0,17,0
1529395200,5788.58,5813.167037587376,48.045458242978384,9,0,17,1
1529391600,5776.85,5806.563939844217,46.93097705451066,9,0,17,2
1529388000,5771.06,5800.108678054359,44.515406739063955,9,0,17,3
1529384400,5768.75,5794.407100226294,43.3298761322723,9,0,17,4
1529380800,5747.59,5785.894900185149,42.83968350172041,9,0,17,5
1529377200,5750.1,5779.386736515122,38.53872689316172,9,0,17,6
1529373600,5779.63,5779.4309662396445,39.316993927993536,9,0,17,7
1529370000,5781.73,5779.848972377891,47.706713242645826,9,0,17,8
1529366400,5770.28,5778.109159218274,48.25460227330734,9,0,17,9
