,Prix,ema,rsi,month,weekday,day,hour
1529683200,5302.82,5283.818300834721,56.18273977918677,9,3,13,17
1529679600,5322.43,5290.838609773862,54.988466432662676,9,3,13,18
1529676000,5268.27,5286.7352261786145,57.09792325733528,9,3,13,19
1529672400,5439.77,5314.559730509775,50.11269876288318,9,3,13,20
1529668800,5463.48,5341.636143144361,64.79835043387631,9,3,13,21
1529665200,5482.23,5367.198662572659,66.27640083668386,9,3,13,22
1529661600,5422.2,5377.198905741266,67.44067697521416,9,3,13,23
1529658000,5492.83,5398.222741061035,60.2668289265302,9,4,14,0
1529654400,5591.65,5433.391333595392,64.98611304164552,9,4,14,1
1529650800,5720.08,5485.5165456689565,70.30111436997676,9,4,14,2
1529647200,5733.37,5530.5808100927825,75.50518845917492,9,4,14,3
1529643600,5741.11,5568.858844621367,75.97434919565933,9,4,14,4
1529640000,5746.79,5601.209963781119,76.25954118854375,9,4,14,5
1529636400,5743.28,5627.040879457279,76.48018317601833,9,4,14,6
1529632800,5726.61,5645.144355919591,76.01005792262505,9,4,14,7
1529629200,5794.71,5672.3381093887565,73.69316978930274,9,4,14,8
1529625600,5793.59,5694.383907681709,76.80379151313757,9,4,14,9
1529622000,5794.55,5712.595924466853,76.64327920092701,9,4,14,10
1529618400,5783.71,5725.5257563819705,76.68825081203488,9,4,14,11
1529614800,5791.23,5737.471982494339,74.93377683000008,9,4,14,12
1529611200,5788.0,5746.658894768096,75.35500754524219,9,4,14,13
1529607600,5775.39,5751.882732082988,74.7737751627006,9,4,14,14
1529604000,5795.02,5759.725871704262,72.42509433887139,9,4,14,15
1529600400,5800.07,5767.061167758033,73.80449782420649,9,4,14,16
1529596800,5799.12,5772.890046347482,74.16257958261615,9,4,14,17
1529593200,5797.15,5777.300947011576,73.95776721831214,9,4,14,18
1529589600,5817.07,5784.531683918562,73.50443955839555,9,4,14,19
1529586000,5802.01,5787.709559569732,75.16229866407907,9,4,14,20
1529582400,5833.26,5795.99145782978,71.51882846549802,9,4,14,21
1529578800,5839.43,5803.889374588001,74.30248720522674,9,4,14,22
1529575200,5845.8,5811.5094882992735,74.82564927221796,9,4,14,23
1529571600,5833.0,5815.416854063042,75.38286280293964,9,5,15,0
1529568000,5847.99,5821.339244233398,71.93720491177089,9,5,15,1
1529564400,5854.04,5827.284836190962,73.46676345568918,9,5,15,2
1529560800,5839.9,5829.5785023380595,74.08080135118243,9,5,15,3
1529557200,5839.76,5831.429683731139,70.00322845774097,9,5,15,4
1529553600,5853.84,5835.504286689114,69.96216810923208,9,5,15,5
1529550000,5856.61,5839.341689109275,71.75642076226556,9,5,15,6
1529546400,5842.0,5839.825018362133,72.10938836926726,9,5,15,7
1529542800,5833.18,5838.616833205381,67.32993279748209,9,5,15,8
1529539200,5837.29,5838.375590804402,64.54845546901947,9,5,15,9
1529535600,5823.56,5835.681847021783,65.26848286012523,9,5,15,10
1529532000,5806.03,5830.290602108731,60.82418122136197,9,5,15,11
1529528400,5828.11,5829.894128998052,55.61698971106559,9,5,15,12
1529524800,5831.07,5830.107923725679,60.23476379336049,9,5,15,13
1529521200,5827.61,5829.6537557755555,60.823230468760215,9,5,15,14
1529517600,5825.95,5828.980345634545,59.71088199112413,9,5,15,15
1529514000,5833.19,5829.7457373373545,59.151952354827536,9,5,15,16
1529510400,5835.99,5830.881057821471,60.87225035436705,9,5,15,17
1529506800,5843.85,5833.239047308476,61.546731462263224,9,5,15,18
1529503200,5817.25,5830.331947797844,63.45133936951948,9,5,15,19
1529499600,5722.3,5810.689775470963,53.74881031169472,9,5,15,20
1529496000,5735.37,5796.995270839878,33.85075789185372,9,5,15,21
1529492400,5738.6,5786.377948868991,37.29211070559179,9,5,15,22
1529488800,5746.73,5779.1692308928095,38.14849018143472,9,5,15,23
1529485200,5744.79,5772.918461639571,40.35639653005251,9,6,16,0
1529481600,5733.64,5765.7769231596485,39.989559782806495,9,6,16,1
1529478000,5728.55,5759.008391676076,37.85949370583624,9,6,16,2
1529474400,5705.31,5749.245047734971,36.89339245879423,9,6,16,3
1529470800,5709.95,5742.10049360134,32.78033940464874,9,6,16,4
1529467200,5716.32,5737.413131128368,34.35392731121375,9,6,16,5
1529463600,5706.99,5731.881652741392,36.54993032810267,9,6,16,6
1529460000,5722.71,5730.214079515684,34.71801272485634,9,6,16,7
1529456400,5767.94,5737.0733377855595,40.16010368213587,9,6,16,8
1529452800,5821.74,5752.467276370004,52.44400753804961,9,6,16,9
1529449200,5812.41,5763.365953393639,62.34553920052314,9,6,16,10
1529445600,5800.51,5770.1194164129765,60.01197836937257,9,6,16,11
1529442000,5786.42,5773.083158883344,57.07751431586076,9,6,16,12
1529438400,5836.68,5784.646220904554,53.727575986568596,9,6,16,13
1529434800,5809.46,5789.157817103725,62.2407465388116,9,6,16,14
1529431200,5819.5,5794.6745776303205,56.209223526228506,9,6,16,15
1529427600,5814.59,5798.295563515717,57.83238422029874,9,6,16,16
1529424000,5831.28,5804.292733785586,56.72503124232107,9,6,16,17
1529420400,5838.79,5810.564964006388,59.55961802545414,9,6,16,18
1529416800,5846.89,5817.169516005227,60.80374818348923,9,6,16,19
1529413200,5861.41,5825.2132403679125,62.15605950752803,9,6,16,20
1529409600,5829.58,5826.007196664656,64.51921167274178,9,6,16,21
1529406000,5816.64,5824.304069998355,56.22991856693,9,6,16,22
1529402400,5823.23,5824.108784544108,53.2355026399378,9,6,16,23
1529398800,5793.98,5818.6308237179055,54.56257380829469,9,0,17,0
1529395200,5788.58,5813.167037587376,48.045458242978384,9,0,17,1
1529391600,5776.85,5806.563939844217,46.93097705451066,9,0,17,2
1529388000,5771.06,5800.108678054359,44.515406739063955,9,0,17,3
1529384400,5768.75,5794.407100226294,43.3298761322723,9,0,17,4
1529380800,5747.59,5785.894900185149,42.83968350172041,9,0,17,5
1529377200,5750.1,5779.386736515122,38.53872689316172,9,0,17,6
1529373600,5779.63,5779.4309662396445,39.316993927993536,9,0,17,7
1529370000,5781.73,5779.848972377891,47.706713242645826,9,0,17,8
1529366400,5770.28,5778.109159218274,48.25460227330734,9,0,17,9
1529362800,5782.77,5778.956584814951,45.45801723034988,9,0,17,10
1529359200,5787.23,5780.460842121323,48.934638148629546,9,0,17,11
1529355600,5798.86,5783.806143553809,50.15641747070795,9,0,17,12
1529352000,5776.39,5782.457753816753,53.29449702810425,9,0,17,13
1529348400,5792.56,5784.29452585007,47.12167871046825,9,0,17,14
1529344800,5804.58,5787.982793877331,51.477185925416116,9,0,17,15
1529341200,5741.5,5779.531376808724,54.47879389434031,9,0,17,16
1529337600,5583.93,5743.967490116229,40.36641877916,9,0,17,17
1529334000,5567.4,5711.864310095096,23.78903511826823,9,0,17,18
1529330400,5557.15,5683.734435532351,22.734258339782087,9,0,17,19
1529326800,5544.23,5658.369992708287,22.080483786902036,9,0,17,20
1529323200,5547.17,5638.15181221587,21.25092274994563,9,0,17,21
1529319600,5556.67,5623.336937267531,21.969336377340454,9,0,17,22
1529316000,5582.37,5615.888403218889,24.37028308938696,9,0,17,23
1529312400,5592.2,5611.581420815454,30.59214075528098,9,1,18,0
1529308800,5565.45,5603.1938897580985,32.867071942623554,9,1,18,1
1529305200,5570.51,5597.251364347535,29.9867322533065,9,1,18,2
1529301600,5564.93,5591.374752647983,31.214707730895043,9,1,18,3
1529298000,5538.25,5581.715706711986,30.577789330463474,9,1,18,4
1529294400,5553.4,5576.567396400716,27.670563092177147,9,1,18,5
1529290800,5567.74,5574.962415236949,31.64481766350795,9,1,18,6
1529287200,5557.99,5571.876521557503,35.270296844866095,9,1,18,7
1529283600,5528.3,5563.953517637957,33.95174790239187,9,1,18,8
1529280000,5584.57,5567.70196897651,30.24395104808957,9,1,18,9
1529276400,5603.63,5574.234338253507,42.95838447365126,9,1,18,10
1529272800,5602.05,5579.291731298324,46.51454607960782,9,1,18,11
1529269200,5608.96,5584.685961971356,46.25709960796474,9,1,18,12
1529265600,5641.22,5594.964877976564,47.62246489545941,9,1,18,13
1529262000,5617.69,5599.096718344461,53.55496858090821,9,1,18,14
1529258400,5621.68,5603.2027695545585,49.17954859955043,9,1,18,15
1529254800,5622.88,5606.780447817366,49.92662072118565,9,1,18,16
1529251200,5619.16,5609.031275486936,50.16390069635527,9,1,18,17
1529247600,5593.43,5606.1946799438565,49.38267738060922,9,1,18,18
1529244000,5600.69,5605.193829044973,44.249632147340506,9,1,18,19
1529240400,5583.33,5601.218587400433,45.95659732697292,9,1,18,20
1529236800,5626.69,5605.849753327626,42.5979571372913,9,1,18,21
1529233200,5625.64,5609.44797999533,52.02825421857115,9,1,18,22
1529229600,5638.9,5614.802892723451,51.806299029538344,9,1,18,23
1529226000,5623.0,5616.293275864641,54.44908540322111,9,2,19,0
1529222400,5636.92,5620.043589343797,50.84838313903051,9,2,19,1
1529218800,5647.6,5625.053845826743,53.733041387504315,9,2,19,2
1529215200,5621.17,5624.347692040063,55.872869777502984,9,2,19,3
1529211600,5640.73,5627.326293487324,49.74175192264987,9,2,19,4
1529208000,5646.65,5630.8396946714465,53.78369572074968,9,2,19,5
1529204400,5625.63,5629.892477458456,54.96422855559633,9,2,19,6
1529200800,5631.0,5630.093845193282,50.073367300128034,9,2,19,7
1529197200,5621.66,5628.560418794503,51.26642040658745,9,2,19,8
1529193600,5611.7,5625.494888104593,49.07007085959364,9,2,19,9
1529190000,5623.6,5625.150362994667,46.76903180817098,9,2,19,10
1529186400,5631.68,5626.337569722909,49.79803892071485,9,2,19,11
1529182800,5616.9,5624.621647955107,51.80343914867809,9,2,19,12
1529179200,5613.19,5622.5431665087235,48.02432989401668,9,2,19,13
1529175600,5618.17,5621.748045325319,47.09558757854853,9,2,19,14
1529172000,5637.54,5624.619309811625,48.53435777438464,9,2,19,15
1529168400,5619.84,5623.750344391329,53.79755296670298,9,2,19,16
1529164800,5490.94,5599.6030090474505,48.87853313807768,9,2,19,17
1529161200,5526.86,5586.37700740246,28.465728241579242,9,2,19,18
1529157600,5528.0,5575.763006056557,36.43258755594841,9,2,19,19
1529154000,5568.32,5574.409732228091,36.67363954705873,9,2,19,20
1529150400,5561.24,5572.015235459347,44.665896259697455,9,2,19,21
1529146800,5583.54,5574.110647194011,43.62474175343491,9,2,19,22
1529143200,5581.51,5575.455984067827,47.75555480527174,9,2,19,23
1529139600,5573.76,5575.147623328221,47.41495982625188,9,3,20,0
1529136000,5581.8,5576.3571463594535,46.06422993784182,9,3,20,1
1529132400,5579.86,5576.994028839552,47.72788106219548,9,3,20,2
1529128800,5582.02,5577.907841777815,47.34837317984753,9,3,20,3
1529125200,5550.81,5572.980961454576,47.845624677055284,9,3,20,4
1529121600,5545.1,5567.911695735562,41.71528891596966,9,3,20,5
1529118000,5567.24,5567.789569238186,40.68813197097133,9,3,20,6
1529114400,5563.54,5567.016920285789,46.2178836676048,9,3,20,7
1529110800,5531.0,5560.468389324737,45.45517936753094,9,3,20,8
1529107200,5514.5,5552.110500356603,39.311038495067606,9,3,20,9
1529103600,5532.51,5548.546773019038,36.60885397663503,9,3,20,10
1529100000,5596.29,5557.227359742848,41.34797649521815,9,3,20,11
1529096400,5601.03,5565.19147615324,54.36059721342888,9,3,20,12
1529092800,5651.63,5580.907571398105,55.15685977910457,9,3,20,13
1529089200,5652.42,5593.909831143904,62.648562349315725,9,3,20,14
1529085600,5633.07,5601.029861845012,62.753187207836916,9,3,20,15
1529082000,5664.46,5612.562614236828,58.43557674440163,9,3,20,16
