,Prix,ema,rsi,month,weekday,day,hour
1515423600,12220.42,12497.481365530788,44.30011747964457,11,4,2,17
1515420000,12467.17,12491.970208161554,41.74310091934011,11,4,2,18
1515416400,12834.07,12554.170170313999,49.51321415021936,11,4,2,19
1515412800,12856.15,12609.07559389327,58.39837867361052,11,4,2,20
1515409200,12702.43,12626.049122276312,58.867525335384826,11,4,2,21
1515405600,12721.51,12643.4056454988,54.27828812735582,11,4,2,22
1515402000,12927.04,12694.975528135381,54.7498271587051,11,4,2,23
1515398400,13125.57,12773.265432110766,59.58507238710555,11,5,3,0
1515394800,13110.64,12834.60626263608,63.628042587119246,11,5,3,1
1515391200,13019.22,12868.172396702246,63.116689017471685,11,5,3,2
1515387600,12930.77,12879.553779120019,59.940132962388134,11,5,3,3
1515384000,12919.09,12886.742182916378,56.95355107884762,11,5,3,4
1515380400,13088.57,12923.438149658854,56.55283131200116,11,5,3,5
1515376800,13029.72,12942.762122448152,60.85650963457856,11,5,3,6
1515373200,13172.97,12984.61810018485,58.68279847936424,11,5,3,7
1515369600,13490.26,13076.552991060333,62.22022187494139,11,5,3,8
1515366000,13689.06,13187.917901776635,68.62723212799571,11,5,3,9
1515362400,13551.89,13254.094646908154,71.84860245845194,11,5,3,10
1515358800,13500.53,13298.901074743035,66.75528316189101,11,5,3,11
1515355200,13530.9,13341.082697517028,64.90013443004888,11,5,3,12
1515351600,13537.04,13376.711297968477,65.5104922975155,11,5,3,13
1515348000,13379.66,13377.247425610572,65.64057908598409,11,5,3,14
1515344400,13555.55,13409.66607549956,59.45086965681855,11,5,3,15
1515340800,13695.07,13461.557698136003,63.58389135654775,11,5,3,16
1515337200,13760.85,13515.974480293093,66.50066254182254,11,5,3,17
1515333600,13794.08,13566.539120239802,67.8097691091969,11,5,3,18
1515330000,13826.82,13613.862916559836,68.47988170018914,11,5,3,19
1515326400,13958.62,13676.546022639865,69.16105285089652,11,5,3,20
1515322800,14039.88,13742.60674579625,71.80282538021584,11,5,3,21
1515319200,13958.27,13781.818246560568,73.32030487309069,11,5,3,22
1515315600,14025.48,13826.120383549554,69.28735816921474,11,5,3,23
1515312000,13932.88,13845.531222904181,70.71593870542033,11,6,4,0
1515308400,13744.18,13827.103727830692,66.15050055962053,11,6,4,1
1515304800,13782.57,13819.006686406929,57.94133115500998,11,6,4,2
1515301200,13918.05,13837.014561605669,59.054605093572505,11,6,4,3
1515297600,13957.26,13858.877368586454,62.79713018736165,11,6,4,4
1515294000,14049.23,13893.48693793437,63.827618561343925,11,6,4,5
1515290400,14177.35,13945.098403764485,66.19303120689659,11,6,4,6
1515286800,14215.31,13994.227784898214,69.21331762946433,11,6,4,7
1515283200,14304.14,14050.575460371265,70.06659834007502,11,6,4,8
1515279600,14262.31,14089.07264939467,72.02085507152484,11,6,4,9
1515276000,14048.82,14081.753985868365,69.71277536729731,11,6,4,10
1515272400,14103.06,14085.62780661957,59.272332872846455,11,6,4,11
1515268800,14008.2,14071.550023597829,60.87551191858128,11,6,4,12
1515265200,14007.59,14059.920928398222,56.67382993253122,11,6,4,13
1515261600,14070.06,14061.764395962182,56.64675377840812,11,6,4,14
1515258000,14042.36,14058.236323969059,58.81671396394119,11,6,4,15
1515254400,13886.74,14027.055174156501,57.44372920625514,11,6,4,16
1515250800,13766.27,13979.639687946226,50.33480800428497,11,6,4,17
1515247200,13623.16,13914.82519922873,45.627369173935584,11,6,4,18
1515243600,13599.25,13857.44789027805,40.75166466226622,11,6,4,19
1515240000,13788.48,13844.908273863857,39.982922393909234,11,6,4,20
1515236400,13896.96,13854.372224070426,48.29588146341135,11,6,4,21
1515232800,13648.04,13816.857274239439,52.36889475368936,11,6,4,22
1515229200,13684.84,13792.85413346863,43.835670787568,11,6,4,23
1515225600,13767.21,13788.191563747061,45.255872348462,11,0,5,0
1515222000,13831.48,13796.062188520322,48.40098872420372,11,0,5,1
1515218400,13887.96,13812.770881516626,50.77722275516445,11,0,5,2
1515214800,13815.41,13813.250721240875,52.83291428516729,11,0,5,3
1515211200,13799.4,13810.732408287986,49.9473440827364,11,0,5,4
1515207600,13837.78,13815.650152235623,49.30734799308372,11,0,5,5
1515204000,14225.81,13890.224670010964,50.93055673528485,11,0,5,6
1515200400,14161.85,13939.611093645335,63.61554894004549,11,0,5,7
1515196800,14182.94,13983.852712982547,60.824389365672694,11,0,5,8
1515193200,14236.46,14029.781310622084,61.42539110224197,11,0,5,9
1515189600,14042.73,14032.135617781705,62.97759506315964,11,0,5,10
1515186000,13768.35,13984.174596366847,54.43838077918288,11,0,5,11
1515182400,13755.4,13942.579215209236,45.109311913374846,11,0,5,12
1515178800,13734.22,13904.695721534828,44.719787367521704,11,0,5,13
1515175200,13669.34,13861.903772164858,44.04982002064962,11,0,5,14
1515171600,13614.8,13816.97581358943,41.97530157674997,11,0,5,15
1515168000,13435.52,13747.620211118625,40.258880526191355,11,0,5,16
1515164400,13443.57,13692.3383545516,35.16814165568893,11,0,5,17
1515160800,13399.37,13639.071380996764,35.562153127610344,11,0,5,18
1515157200,13247.49,13567.874766270077,34.3285185587666,11,0,5,19
1515153600,13375.82,13532.955717857334,30.423121001886273,11,0,5,20
1515150000,13366.82,13502.749223701456,36.950027333322,11,0,5,21
1515146400,13213.75,13450.20391030119,36.690077190512206,11,0,5,22
1515142800,12948.59,13359.001381155518,32.5019747060565,11,0,5,23
1515139200,12545.98,13211.179311854514,26.795876368430868,11,1,6,0
1515135600,12530.1,13087.346709699148,20.81925311854387,11,1,6,1
1515132000,12603.04,12999.290944299302,20.623860345023573,11,1,6,2
1515128400,12511.88,12910.670772608519,24.14534293624176,11,1,6,3
1515124800,12583.96,12851.268813952423,22.784824294805006,11,1,6,4
1515121200,12673.45,12818.93812050653,26.320037879560417,11,1,6,5
1515117600,12643.52,12787.043916778068,30.570179940426243,11,1,6,6
1515114000,12611.64,12755.15229554569,29.94796805038203,11,1,6,7
1515110400,12724.68,12749.611878173746,29.264716060988235,11,1,6,8
1515106800,12653.42,12732.12244577852,34.933255124856956,11,1,6,9
1515103200,12551.82,12699.340182909698,33.13079662675952,11,1,6,10
1515099600,12517.62,12666.300149653387,30.698710632987513,11,1,6,11
1515096000,12589.23,12652.287395170952,29.90295764993982,11,1,6,12
1515092400,12453.79,12616.196959685323,33.77392415416489,11,1,6,13
1515088800,12239.32,12547.673876106173,30.35911256506924,11,1,6,14
1515085200,12239.32,12491.60953499596,25.89438368345978,11,1,6,15
1515081600,12268.25,12450.99871045124,25.89438368345978,11,1,6,16
1515078000,12313.36,12425.973490369197,27.56097781131058,11,1,6,17
1515074400,12320.57,12406.809219392979,30.197075024266326,11,1,6,18
1515070800,12197.44,12368.742088594256,30.63158299484286,11,1,6,19
1515067200,12274.73,12351.648981577117,27.485039173048392,11,1,6,20
1515063600,12264.41,12335.787348563093,32.193508321535674,11,1,6,21
1515060000,12277.19,12325.133285187985,31.89570781641055,11,1,6,22
1515056400,12241.93,12310.005415153804,32.72563987098117,11,1,6,23
1515052800,12553.23,12354.22806694402,31.582115537355122,11,2,7,0
1515049200,12582.03,12395.646600226926,48.64408708985206,11,2,7,1
1515045600,12589.87,12430.95994564021,49.88914467454341,11,2,7,2
1515042000,12616.08,12464.61813734199,50.242786233369515,11,2,7,3
1515038400,12736.81,12514.107566916173,51.47568255664137,11,2,7,4
1515034800,12785.93,12563.529827476868,56.787169097287396,11,2,7,5
1515031200,12873.81,12619.944404299255,58.76483196624962,11,2,7,6
1515027600,12737.32,12641.28542169939,62.10619830378918,11,2,7,7
1515024000,12784.73,12667.366254117682,54.6933318811158,11,2,7,8
1515020400,12614.74,12657.797844278102,56.629740701926515,11,2,7,9
1515016800,12755.63,12675.58550895481,48.60780718108286,11,2,7,10
1515013200,12701.18,12680.239052781206,54.376348471432856,11,2,7,11
1515009600,12563.71,12659.051952275531,51.94944679119256,11,2,7,12
1515006000,12549.71,12639.171597316341,46.327626891523614,11,2,7,13
1515002400,12629.97,12637.498579622461,45.78423055322683,11,2,7,14
1514998800,12790.35,12665.28974696383,49.44519016339539,11,2,7,15
1514995200,12719.41,12675.129792970405,55.85940151597462,11,2,7,16
1514991600,12618.43,12664.820739703058,52.675807738056676,11,2,7,17
1514988000,12603.38,12653.649696120683,48.443423738860034,11,2,7,18
1514984400,12423.98,12611.891569553285,47.82664472121393,11,2,7,19
1514980800,12572.06,12604.64946599814,41.10786629477803,11,2,7,20
1514977200,12482.61,12582.460472180295,47.645667117894675,11,2,7,21
1514973600,12572.23,12580.600386329332,44.43656526509073,11,2,7,22
1514970000,12740.58,12609.687588814908,48.20092703775882,11,2,7,23
1514966400,12820.99,12648.106209030379,54.44453490843726,11,3,8,0
1514962800,12878.53,12690.001443752128,57.10410240523238,11,3,8,1
1514959200,12659.29,12684.417544888103,58.95089735515006,11,3,8,2
1514955600,12653.12,12678.727082181176,50.10020854378362,11,3,8,3
1514952000,12475.65,12641.803976330051,49.87327193225526,11,3,8,4
1514948400,12573.59,12629.401435179132,43.73658000830897,11,3,8,5
1514944800,12418.6,12591.073901510199,47.57065601178624,11,3,8,6
1514941200,12403.93,12557.047737599252,42.62088287845801,11,3,8,7
1514937600,12319.79,12513.909967126661,42.17358402741472,11,3,8,8
1514934000,12426.46,12498.009973103632,39.60617357743483,11,3,8,9
1514930400,12379.58,12476.477250721153,44.240613453536064,11,3,8,10
1514926800,12373.23,12457.705023317307,42.69014709198192,11,3,8,11
1514923200,12466.7,12459.34047362325,42.473014458807114,11,3,8,12
1514919600,12299.9,12430.35129660084,46.76517977169077,11,3,8,13
1514916000,11789.89,12313.90378812796,40.90052806114058,11,3,8,14
1514912400,11634.48,12190.372190286513,28.947109056135304,11,3,8,15
1514908800,11652.35,12092.549973870782,26.41384849071217,11,3,8,16
1514905200,11736.23,12027.764524076094,27.202744837993322,11,3,8,17
1514901600,11812.59,11988.641883334985,30.945033848681476,11,3,8,18
1514898000,11490.84,11898.132450001352,34.25829351878846,11,3,8,19
1514894400,11482.74,11822.606550001106,28.133150355453992,11,3,8,20
1514890800,11491.89,11762.476268182723,27.997437823385866,11,3,8,21
1514887200,11438.24,11703.524219422228,28.41751502821154,11,3,8,22
1514883600,11390.46,11646.60345225455,27.40782278966519,11,3,8,23
1514880000,11319.7,11587.166460935541,26.504619328681812,11,4,9,0
1514876400,11264.42,11528.485286219988,25.18115261521487,11,4,9,1
1514872800,11081.13,11447.147961452718,24.165933197227986,11,4,9,2
1514869200,11055.57,11375.951968461313,21.124819007408718,11,4,9,3
1514865600,11216.17,11346.900701468347,20.732988872892804,11,4,9,4
1514862000,11350.51,11347.55693756501,29.57228727789966,11,4,9,5
1514858400,11488.6,11373.201130735008,36.001255152936764,11,4,9,6
1514854800,11657.83,11424.951834237734,41.874841906681034,11,4,9,7
1514851200,11391.39,11418.849682558144,48.154587805595106,11,4,9,8
1514847600,11450.34,11424.5751948203,40.69919548185492,11,4,9,9
1514844000,11476.79,11434.068795762063,42.808940839371736,11,4,9,10
1514840400,11435.61,11434.349014714415,43.77548504661132,11,4,9,11
1514836800,11370.13,11422.672830220885,42.56924192924132,11,4,9,12
1514833200,11324.57,11404.835951998906,40.65108963988668,11,4,9,13
1514829600,11276.34,11381.473051635468,39.323395887245255,11,4,9,14
1514826000,11231.89,11354.27613315629,37.91177502258542,11,4,9,15
1514822400,11366.24,11356.451381673327,36.60747931293372,11,4,9,16
