,Prix,ema,rsi,month,weekday,day,hour
1529272800,5602.05,5579.291731298324,46.51454607960782,9,1,18,11
1529269200,5608.96,5584.685961971356,46.25709960796474,9,1,18,12
1529265600,5641.22,5594.964877976564,47.62246489545941,9,1,18,13
1529262000,5617.69,5599.096718344461,53.55496858090821,9,1,18,14
1529258400,5621.68,5603.2027695545585,49.17954859955043,9,1,18,15
1529254800,5622.88,5606.780447817366,49.92662072118565,9,1,18,16
1529251200,5619.16,5609.031275486936,50.16390069635527,9,1,18,17
1529247600,5593.43,5606.1946799438565,49.38267738060922,9,1,18,18
1529244000,5600.69,5605.193829044973,44.249632147340506,9,1,18,19
1529240400,5583.33,5601.218587400433,45.95659732697292,9,1,18,20
1529236800,5626.69,5605.849753327626,42.5979571372913,9,1,18,21
1529233200,5625.64,5609.44797999533,52.02825421857115,9,1,18,22
1529229600,5638.9,5614.802892723451,51.806299029538344,9,1,18,23
1529226000,5623.0,5616.293275864641,54.44908540322111,9,2,19,0
1529222400,5636.92,5620.043589343797,50.84838313903051,9,2,19,1
1529218800,5647.6,5625.053845826743,53.733041387504315,9,2,19,2
1529215200,5621.17,5624.347692040063,55.872869777502984,9,2,19,3
1529211600,5640.73,5627.326293487324,49.74175192264987,9,2,19,4
1529208000,5646.65,5630.8396946714465,53.78369572074968,9,2,19,5
1529204400,5625.63,5629.892477458456,54.96422855559633,9,2,19,6
1529200800,5631.0,5630.093845193282,50.073367300128034,9,2,19,7
1529197200,5621.66,5628.560418794503,51.26642040658745,9,2,19,8
1529193600,5611.7,5625.494888104593,49.07007085959364,9,2,19,9
1529190000,5623.6,5625.150362994667,46.76903180817098,9,2,19,10
1529186400,5631.68,5626.337569722909,49.79803892071485,9,2,19,11
1529182800,5616.9,5624.621647955107,51.80343914867809,9,2,19,12
1529179200,5613.19,5622.5431665087235,48.02432989401668,9,2,19,13
1529175600,5618.17,5621.748045325319,47.09558757854853,9,2,19,14
1529172000,5637.54,5624.619309811625,48.53435777438464,9,2,19,15
1529168400,5619.84,5623.750344391329,53.79755296670298,9,2,19,16
1529164800,5490.94,5599.6030090474505,48.87853313807768,9,2,19,17
1529161200,5526.86,5586.37700740246,28.465728241579242,9,2,19,18
1529157600,5528.0,5575.763006056557,36.43258755594841,9,2,19,19
1529154000,5568.32,5574.409732228091,36.67363954705873,9,2,19,20
1529150400,5561.24,5572.015235459347,44.665896259697455,9,2,19,21
1529146800,5583.54,5574.110647194011,43.62474175343491,9,2,19,22
1529143200,5581.51,5575.455984067827,47.75555480527174,9,2,19,23
1529139600,5573.76,5575.147623328221,47.41495982625188,9,3,20,0
1529136000,5581.8,5576.3571463594535,46.06422993784182,9,3,20,1
1529132400,5579.86,5576.994028839552,47.72788106219548,9,3,20,2
1529128800,5582.02,5577.907841777815,47.34837317984753,9,3,20,3
1529125200,5550.81,5572.980961454576,47.845624677055284,9,3,20,4
1529121600,5545.1,5567.911695735562,41.71528891596966,9,3,20,5
1529118000,5567.24,5567.789569238186,40.68813197097133,9,3,20,6
1529114400,5563.54,5567.016920285789,46.2178836676048,9,3,20,7
1529110800,5531.0,5560.468389324737,45.45517936753094,9,3,20,8
1529107200,5514.5,5552.110500356603,39.311038495067606,9,3,20,9
1529103600,5532.51,5548.546773019038,36.60885397663503,9,3,20,10
1529100000,5596.29,5557.227359742848,41.34797649521815,9,3,20,11
1529096400,5601.03,5565.19147615324,54.36059721342888,9,3,20,12
1529092800,5651.63,5580.907571398105,55.15685977910457,9,3,20,13
1529089200,5652.42,5593.909831143904,62.648562349315725,9,3,20,14
1529085600,5633.07,5601.029861845012,62.753187207836916,9,3,20,15
1529082000,5664.46,5612.562614236828,58.43557674440163,9,3,20,16
1529078400,5648.85,5619.160320739224,62.895517390042265,9,3,20,17
1529074800,5641.87,5623.289353332091,59.477633749519576,9,3,20,18
1529071200,5611.17,5621.0858345444385,57.9608981208391,9,3,20,19
1529067600,5615.34,5620.04113735454,51.714416436569,9,3,20,20
1529064000,5653.73,5626.166385108259,52.46380514003339,9,3,20,21
1529060400,5689.52,5637.685224179484,58.80284678322246,9,3,20,22
1529056800,5686.35,5646.533365237759,63.667212100320185,9,3,20,23
1529053200,5692.52,5654.894571558167,62.95813561632305,9,4,21,0
1529049600,5683.02,5660.008285820319,63.80313956403361,9,4,21,1
1529046000,5704.24,5668.0504156711695,61.47769185135455,9,4,21,2
1529042400,5696.66,5673.252158276411,64.58285574310744,9,4,21,3
1529038800,5680.12,5674.500856771609,62.64046886454689,9,4,21,4
1529035200,5718.93,5682.5788828131335,58.50555402041182,9,4,21,5
1529031600,5714.38,5688.360904119836,64.43749400006627,9,4,21,6
1529028000,5705.18,5691.418921552593,63.29506539728637,9,4,21,7
1529024400,5728.92,5698.237299452122,60.94234299952726,9,4,21,8
1529020800,5748.24,5707.328699551736,64.59907410181675,9,4,21,9
1529017200,5725.64,5710.658026905965,67.28357623927592,9,4,21,10
1529013600,5757.7,5719.2111129230625,61.41651892686289,9,4,21,11
1529010000,5751.08,5725.0054560279605,65.95217762046305,9,4,21,12
1529006400,5736.36,5727.069918568331,64.27205756169882,9,4,21,13
1529002800,5736.18,5728.726297010452,60.57674150210905,9,4,21,14
1528999200,5703.13,5724.0724248267325,60.53091085665033,9,4,21,15
1528995600,5602.42,5701.953802130963,52.653855702960215,9,4,21,16
1528992000,5458.24,5657.642201743514,36.8971527716541,9,4,21,17
1528988400,5519.15,5632.461801426512,25.248276830811974,9,4,21,18
1528984800,5469.43,5602.8196557126,34.63671400970203,9,4,21,19
1528981200,5553.74,5593.896081946673,31.192790276503203,9,4,21,20
1528977600,5559.61,5587.662248865459,41.7663970520016,9,4,21,21
1528974000,5503.0,5572.269112708103,42.42972939723031,9,4,21,22
1528970400,5508.39,5560.654728579357,37.94116081929066,9,4,21,23
1528966800,5500.88,5549.786596110383,38.607102241416605,9,5,22,0
1528963200,5489.68,5538.858124090312,37.995317952542685,9,5,22,1
1528959600,5491.36,5530.222101528437,37.0523230926697,9,5,22,2
1528956000,5493.77,5523.594446705085,37.303683695678174,9,5,22,3
1528952400,5493.2,5518.068183667797,37.68808165062368,9,5,22,4
1528948800,5511.31,5516.839423000924,37.62931811897494,9,5,22,5
1528945200,5496.68,5513.174073364393,40.78824841528243,9,5,22,6
1528941600,5361.41,5485.580605479957,39.066860985420064,9,5,22,7
1528938000,5333.63,5457.953222665418,27.507449135500252,9,5,22,8
1528934400,5345.78,5437.558091271706,25.817926498100036,9,5,22,9
1528930800,5368.61,5425.02207467685,27.903645146026122,9,5,22,10
1528927200,5341.0,5409.745333826513,31.784726085662825,9,5,22,11
1528923600,5320.81,5393.575273130783,29.702277345777674,9,5,22,12
1528920000,5342.03,5384.203405288822,28.244968703738394,9,5,22,13
1528916400,5390.89,5385.419149781764,32.02013290849149,9,5,22,14
1528912800,5362.34,5381.222940730534,39.86528730455166,9,5,22,15
1528909200,5352.1,5375.927860597709,37.16625942118644,9,5,22,16
1528905600,5426.01,5385.033704125398,36.21908815908036,9,5,22,17
1528902000,5480.03,5402.30575792078,46.76460903431905,9,5,22,18
1528898400,5492.57,5418.71743829882,52.89490268237055,9,5,22,19
1528894800,5501.26,5433.725176789942,54.21300939091063,9,5,22,20
1528891200,5501.59,5446.064235555407,55.14961290743682,9,5,22,21
1528887600,5485.54,5453.241647272605,55.187101192075374,9,5,22,22
1528884000,5466.52,5455.655893223041,52.872352805177364,9,5,22,23
1528880400,5568.7,5476.209367182488,50.18596535874362,9,6,23,0
1528876800,5585.91,5496.154936785671,61.5024829249935,9,6,23,1
1528873200,5609.97,5516.848584642822,63.02603318598755,9,6,23,2
1528869600,5603.29,5532.565205616854,65.10517686892857,9,6,23,3
1528866000,5613.86,5547.34607732288,64.02864158919988,9,6,23,4
1528862400,5590.85,5555.255881445993,65.01443264451581,9,6,23,5
1528858800,5590.55,5561.672993910357,61.0895958589398,9,6,23,6
1528855200,5585.22,5565.954267744838,61.037858955102536,9,6,23,7
1528851600,5580.95,5568.680764518504,60.064569122255406,9,6,23,8
1528848000,5587.79,5572.155170969685,59.24946576202627,9,6,23,9
1528844400,5571.29,5571.997867157015,60.181626367502524,9,6,23,10
1528840800,5580.08,5573.46734585574,56.80592807686846,9,6,23,11
1528837200,5570.7,5572.964192063787,58.152587961266526,9,6,23,12
1528833600,5558.97,5570.419793506734,56.141118320345704,9,6,23,13
1528830000,5711.13,5596.0034674146,53.64231648363925,9,6,23,14
1528826400,5734.49,5621.182836975581,71.4155833394232,9,6,23,15
1528822800,5741.35,5643.03141207093,73.11946882709715,9,6,23,16
1528819200,5756.41,5663.645700785306,73.61683239213897,9,6,23,17
1528815600,5749.85,5679.319209733432,74.72257608870908,9,6,23,18
1528812000,5731.03,5688.72117160008,73.28183018383693,9,6,23,19
1528808400,5720.14,5694.43368585461,69.16178289098256,9,6,23,20
1528804800,5819.11,5717.102106608318,66.82073610241582,9,6,23,21
1528801200,5823.24,5736.399905406805,75.077300440952,9,6,23,22
1528797600,5827.26,5752.919922605568,75.35293206853642,9,6,23,23
1528794000,5826.94,5766.378118495464,75.63539021991193,9,0,24,0
1528790400,5808.72,5774.076642405379,75.56115738259336,9,0,24,1
1528786800,5821.1,5782.62634378622,71.2719902184802,9,0,24,2
1528783200,5833.51,5791.87791764327,72.41766753749329,9,0,24,3
1528779600,5807.78,5794.7692053444935,73.55612721919962,9,0,24,4
1528776000,5808.1,5797.192986190948,67.34926356705935,9,0,24,5
1528772400,5838.19,5804.646988701685,67.38612316996195,9,0,24,6
1528768800,5838.91,5810.87662711956,70.731983826288,9,0,24,7
1528765200,5833.45,5814.980876734185,70.80915357810132,9,0,24,8
1528761600,5852.53,5821.807990055242,69.31657991785335,9,0,24,9
1528758000,5779.4,5814.097446408834,71.57169037166139,9,0,24,10
1528754400,5763.9,5804.970637970864,54.91299255081892,9,0,24,11
1528750800,5757.71,5796.377794703434,52.142769864213925,9,0,24,12
1528747200,5760.68,5789.887286575537,51.035494765033114,9,0,24,13
1528743600,5743.06,5781.373234470893,51.56693432414663,9,0,24,14
1528740000,5726.18,5771.33810093073,48.222977445776344,9,0,24,15
1528736400,5734.08,5764.563900761506,45.19905967912379,9,0,24,16
1528732800,5709.21,5754.499555168504,46.87797918587027,9,0,24,17
1528729200,5707.53,5745.959636046958,42.467075304229084,9,0,24,18
1528725600,5738.14,5744.53788403842,42.178362128846395,9,0,24,19
1528722000,5763.3,5747.949177849616,48.98386934043937,9,0,24,20
1528718400,5778.5,5753.503872786049,53.797447909933894,9,0,24,21
1528714800,5758.62,5754.43407773404,56.46965604613122,9,0,24,22
1528711200,5757.53,5754.996972691487,52.215972628890725,9,0,24,23
1528707600,5776.03,5758.821159474853,51.98475506296079,9,1,25,0
1528704000,5655.45,5740.026403206698,55.57998037609045,9,1,25,1
1528700400,5739.27,5739.8888753509345,36.43213761593718,9,1,25,2
1528696800,5730.79,5738.234534378036,49.46526204908237,9,1,25,3
1528693200,5766.95,5743.455528127483,48.384451352674,9,1,25,4
1528689600,5757.27,5745.967250286123,53.09119891218969,9,1,25,5
1528686000,5761.8,5748.8459320522825,51.731242812914054,9,1,25,6
1528682400,5727.66,5744.993944406413,52.34642726542873,9,1,25,7
1528678800,5708.54,5738.365954514337,47.43929812651908,9,1,25,8
1528675200,5751.72,5740.793962784458,44.90065212860037,9,1,25,9
1528671600,5695.98,5732.64596955092,51.2459759518413,9,1,25,10
