,Prix,ema,rsi,month,weekday,day,hour
1528693200,5766.95,5743.455528127483,48.384451352674,9,1,25,4
1528689600,5757.27,5745.967250286123,53.09119891218969,9,1,25,5
1528686000,5761.8,5748.8459320522825,51.731242812914054,9,1,25,6
1528682400,5727.66,5744.993944406413,52.34642726542873,9,1,25,7
1528678800,5708.54,5738.365954514337,47.43929812651908,9,1,25,8
1528675200,5751.72,5740.793962784458,44.90065212860037,9,1,25,9
1528671600,5695.98,5732.64596955092,51.2459759518413,9,1,25,10
1528668000,5756.11,5736.912156905298,44.17396781230829,9,1,25,11
1528664400,5722.18,5734.233582922516,51.887446949541676,9,1,25,12
1528660800,5835.4,5752.627476936604,47.868257264041226,9,1,25,13
1528657200,5769.93,5755.773390220857,59.219690366034726,9,1,25,14
1528653600,5770.94,5758.530955635247,52.14847682887704,9,1,25,15
1528650000,6140.23,5827.930781883383,52.243215353101434,9,1,25,16
1528646400,6158.47,5888.028821540949,73.16404115084724,9,1,25,17
1528642800,6163.83,5938.174490351686,73.77512271092418,9,1,25,18
1528639200,6193.6,5984.615492105924,73.96275249206919,9,1,25,19
1528635600,6161.58,6016.790857177573,75.03127435575158,9,1,25,20
1528632000,6162.92,6043.359792236197,71.62649317012323,9,1,25,21
1528628400,6160.1,6064.585284556888,71.68440146590842,9,1,25,22
1528624800,6165.79,6082.98614191018,71.35435336641095,9,1,25,23
1528621200,6137.5,6092.897752471965,71.6381032461047,9,2,26,0
1528617600,6134.97,6100.547252022517,68.02996895624679,9,2,26,1
1528614000,6232.6,6124.556842563877,67.70156409757416,9,2,26,2
1528610400,6231.86,6144.066507552262,73.09835498047083,9,2,26,3
1528606800,6198.69,6153.998051633669,72.998790856013,9,2,26,4
1528603200,6195.46,6161.536587700275,68.49524942895674,9,2,26,5
1528599600,6231.93,6174.335389936588,68.0549582329443,9,2,26,6
1528596000,6231.51,6184.730773584481,70.37084212662579,9,2,26,7
1528592400,6195.33,6186.657905660029,70.30762802375487,9,2,26,8
1528588800,6371.28,6220.225559176388,64.89927500646085,9,2,26,9
1528585200,6466.82,6265.060912053408,74.97939635422297,9,2,26,10
1528581600,6479.86,6304.115291680061,78.57698082015933,9,2,26,11
1528578000,6495.65,6338.939784101867,79.02037298728408,9,2,26,12
1528574400,6489.82,6366.3725506288,79.57172412643322,9,2,26,13
1528570800,6447.47,6381.117541423563,78.7488266826073,9,2,26,14
1528567200,6470.98,6397.456170255642,72.85476784474923,9,2,26,15
1528563600,6464.51,6409.647775663707,74.01738603562896,9,2,26,16
1528560000,6482.4,6422.875452815759,73.0896260689878,9,2,26,17
1528556400,6480.29,6433.3144613947115,74.0578989635671,9,2,26,18
1528552800,6466.71,6439.386377504763,73.72097962627579,9,2,26,19
1528549200,6481.3,6447.0070361402595,71.46744213518262,9,2,26,20
1528545600,6503.56,6457.289393205667,72.4421169583551,9,2,26,21
1528542000,6511.91,6467.220412622817,73.90666359600849,9,2,26,22
1528538400,6505.38,6474.158519418668,74.45507686309057,9,2,26,23
1528534800,6500.69,6478.982424978911,73.16009411166337,9,3,27,0
1528531200,6503.76,6483.487438619108,72.18894766979511,9,3,27,1
1528527600,6529.39,6491.833358870179,72.44677745332525,9,3,27,2
1528524000,6524.31,6497.738202711965,74.5666697936496,9,3,27,3
1528520400,6514.15,6500.7221658552435,73.36187899681218,9,3,27,4
1528516800,6503.43,6501.214499336108,70.8947291910579,9,3,27,5
1528513200,6504.38,6501.790044911361,68.28534316949384,9,3,27,6
1528509600,6508.65,6503.037309472932,68.39635647682319,9,3,27,7
1528506000,6471.5,6497.303253205127,68.92291214675173,9,3,27,8
1528502400,6476.92,6493.597207167831,59.61637100686965,9,3,27,9
1528498800,6492.52,6493.401351319133,60.455324431334724,9,3,27,10
1528495200,6508.71,6496.184741988382,62.847694044190035,9,3,27,11
1528491600,6510.66,6498.816607081403,65.20067298169785,9,3,27,12
1528488000,6504.08,6499.773587612057,65.48421826354577,9,3,27,13
1528484400,6503.04,6500.367480773501,63.60103861013907,9,3,27,14
1528480800,6513.66,6502.784302451045,63.29123192567529,9,3,27,15
1528477200,6512.53,6504.556247459945,65.15765385290057,9,3,27,16
1528473600,6491.02,6502.095111558136,64.78023711086664,9,3,27,17
1528470000,6451.58,6492.910545820292,57.90456472963431,9,3,27,18
1528466400,6456.0,6486.1995374893295,47.87155266687572,9,3,27,19
1528462800,6446.27,6478.939621582179,48.93931649268911,9,3,27,20
1528459200,6459.26,6475.361508567237,46.67289635243664,9,3,27,21
1528455600,6448.74,6470.521234282285,50.00191973006866,9,3,27,22
1528452000,6497.25,6475.381009867324,47.420118770108644,9,3,27,23
1528448400,6497.37,6479.379008073265,58.150724565183516,9,4,28,0
1528444800,6493.57,6481.95918842358,58.173464603233086,9,4,28,1
1528441200,6488.46,6483.141154164747,57.11508585273691,9,4,28,2
1528437600,6474.38,6481.548217043883,55.64888115672006,9,4,28,3
1528434000,6454.72,6476.670359399541,51.70989995857381,9,4,28,4
1528430400,6486.72,6478.4975667814415,46.735508229469026,9,4,28,5
1528426800,6492.31,6481.008918275725,54.42115997186256,9,4,28,6
1528423200,6510.62,6486.392751316502,55.62569920472391,9,4,28,7
1528419600,6507.5,6490.230432895319,59.409619851161516,9,4,28,8
1528416000,6519.39,6495.532172368897,58.49429564821672,9,4,28,9
1528412400,6493.53,6495.168141029097,60.96266571006072,9,4,28,10
1528408800,6498.59,6495.7902972056245,53.509139268035824,9,4,28,11
1528405200,6495.26,6495.693879531874,54.67682206206357,9,4,28,12
1528401600,6527.27,6501.4349923442605,53.720561516359346,9,4,28,13
1528398000,6524.69,6505.663175554395,60.81501273862885,9,4,28,14
1528394400,6520.86,6508.426234544504,60.016430578788174,9,4,28,15
1528390800,6530.87,6512.506919172775,58.78241684982368,9,4,28,16
1528387200,6512.23,6512.456570232271,61.03727457164711,9,4,28,17
1528383600,6507.75,6511.600830190039,55.00306955276173,9,4,28,18
1528380000,6525.23,6514.078861064577,53.630748961781755,9,4,28,19
1528376400,6508.73,6513.106340871017,58.03070580072379,9,4,28,20
1528372800,6509.45,6512.4415516217405,52.925529482641956,9,4,28,21
1528369200,6511.07,6512.1921785996055,53.11934111336239,9,4,28,22
1528365600,6522.6,6514.084509763314,53.58240850035302,9,4,28,23
1528362000,6516.57,6514.536417079074,56.849318175852694,9,5,29,0
1528358400,6507.82,6513.315250337424,54.68176511218133,9,5,29,1
1528354800,6525.17,6515.4706593669825,51.60688927414022,9,5,29,2
1528351200,6535.27,6519.070539482076,56.794850062620995,9,5,29,3
1528347600,6544.12,6523.624986848971,59.51571037868776,9,5,29,4
1528344000,6563.58,6530.889534694612,61.78658502056391,9,5,29,5
1528340400,6549.08,6534.196892022864,66.26725146709126,9,5,29,6
1528336800,6550.59,6537.177457109616,60.568455439076004,9,5,29,7
1528333200,6546.96,6538.956101271504,60.94511856569307,9,5,29,8
1528329600,6495.83,6531.114991949411,59.474320109949794,9,5,29,9
1528326000,6509.52,6527.188629776791,43.53669660184767,9,5,29,10
1528322400,6505.42,6523.230697090101,47.58663535928729,9,5,29,11
1528318800,6470.94,6513.7232976191735,46.51066619561832,9,5,29,12
1528315200,6410.72,6494.995425324778,38.60518140433514,9,5,29,13
1528311600,6395.35,6476.878075265728,29.25313684378702,9,5,29,14
1528308000,6397.02,6462.358425217413,27.4269063379747,9,5,29,15
1528304400,6399.0,6450.838711541519,27.953196383028,9,5,29,16
1528300800,6505.88,6460.8462185339695,28.61418630106165,9,5,29,17
1528297200,6483.63,6464.988724255065,53.44393490242081,9,5,29,18
1528293600,6483.93,6468.432592572326,49.57789159041664,9,5,29,19
1528290000,6511.43,6476.250303013721,49.63079812075161,9,5,29,20
1528286400,6476.01,6476.20661155668,54.35844306198088,9,5,29,21
1528282800,6471.56,6475.3617730918295,48.096695331931244,9,5,29,22
1528279200,6466.07,6473.6723598024055,47.358581437673784,9,5,29,23
1528275600,6492.66,6477.12465802015,46.41226171309006,9,6,30,0
1528272000,6488.77,6479.2419929255775,51.47025124678397,9,6,30,1
1528268400,6520.2,6486.6889033027455,50.71607289275979,9,6,30,2
1528264800,6483.03,6486.023648156791,56.2890525560461,9,6,30,3
1528261200,6490.71,6486.875712128283,49.20296820418125,9,6,30,4
1528257600,6500.04,6489.26921901405,50.58709571892918,9,6,30,5
1528254000,6493.44,6490.027542829677,52.28796453037655,9,6,30,6
1528250400,6506.92,6493.098898678826,50.951868939149286,9,6,30,7
1528246800,6498.4,6494.062735282676,53.561872697991724,9,6,30,8
1528243200,6503.14,6495.713147049462,51.68965357574053,9,6,30,9
1528239600,6497.74,6496.081665767742,52.680629967197774,9,6,30,10
1528236000,6481.98,6493.517726537244,51.38738796608894,9,6,30,11
1528232400,6510.91,6496.679958075926,47.70649264832373,9,6,30,12
1528228800,6519.13,6500.761783880303,54.19293147972538,9,6,30,13
1528225200,6514.56,6503.27055044752,55.86795412946994,9,6,30,14
1528221600,6511.7,6504.80317763888,54.6710087362907,9,6,30,15
1528218000,6475.83,6499.535327159083,53.89283403382399,9,6,30,16
1528214400,6469.72,6494.114358584704,45.20256657986078,9,6,30,17
1528210800,6366.04,6470.828111569303,43.903893978089975,9,6,30,18
1528207200,6346.69,6448.257545829429,28.789079421327784,9,6,30,19
1528203600,6373.16,6434.603446587714,26.925956189171472,9,6,30,20
1528200000,6376.1,6423.966456299038,33.286378809353494,9,6,30,21
1528196400,6374.07,6414.894373335577,33.973791058376634,9,6,30,22
1528192800,6369.34,6406.611760001835,33.71546672411763,9,6,30,23
1528189200,6384.21,6402.538712728773,33.084230188946805,10,0,1,0
1528185600,6354.77,6393.853492232633,37.07296127040699,10,0,1,1
1528182000,6365.96,6388.781948190335,32.89258131780788,10,0,1,2
1528178400,6368.52,6385.097957610274,35.85338222806489,10,0,1,3
1528174800,6334.6,6375.916510772042,36.54316389703518,10,0,1,4
1528171200,6356.93,6372.464417904397,31.6818954478899,10,0,1,5
1528167600,6358.78,6369.976341921779,37.56973788944166,10,0,1,6
1528164000,6398.28,6375.122461572364,38.04612122563205,10,0,1,7
1528160400,6411.38,6381.71474128648,47.29380767595425,10,0,1,8
1528156800,6408.62,6386.606606507119,49.961453470904374,10,0,1,9
1528153200,6414.56,6391.689041687643,49.39421577250184,10,0,1,10
1528149600,6439.5,6400.3819431989805,50.69172914092348,10,0,1,11
1528146000,6434.23,6406.53613534462,55.8143014187761,10,0,1,12
1528142400,6415.47,6408.16047437287,54.52526567037526,10,0,1,13
1528138800,6414.21,6409.260388123257,50.09039624362445,10,0,1,14
1528135200,6402.12,6407.96213573721,49.79743349467894,10,0,1,15
1528131600,6415.85,6409.396292875898,46.95937906915109,10,0,1,16
1528128000,6427.05,6412.606057807553,50.41549767319234,10,0,1,17
1528124400,6404.53,6411.137683660725,53.10012433156663,10,0,1,18
1528120800,6418.51,6412.478104813321,47.527980159120844,10,0,1,19
1528117200,6434.77,6416.531176665443,50.96777008438132,10,0,1,20
1528113600,6421.11,6417.363689998999,54.688361329166156,10,0,1,21
1528110000,6494.28,6431.348473635544,51.175149953315355,10,0,1,22
1528106400,6501.1,6444.0305693381715,64.37638131351505,10,0,1,23
1528102800,6504.91,6455.09955673123,65.31765935366593,10,1,2,0
1528099200,6513.13,6465.650546416461,65.86036464484695,10,1,2,1
1528095600,6500.81,6472.043174340741,67.05803335809185,10,1,2,2
1528092000,6552.9,6486.744415369696,63.464417128932254,10,1,2,3
