,Prix,ema,rsi,month,weekday,day,hour
1528434000,6454.72,6476.670359399541,51.70989995857381,9,4,28,4
1528430400,6486.72,6478.4975667814415,46.735508229469026,9,4,28,5
1528426800,6492.31,6481.008918275725,54.42115997186256,9,4,28,6
1528423200,6510.62,6486.392751316502,55.62569920472391,9,4,28,7
1528419600,6507.5,6490.230432895319,59.409619851161516,9,4,28,8
1528416000,6519.39,6495.532172368897,58.49429564821672,9,4,28,9
1528412400,6493.53,6495.168141029097,60.96266571006072,9,4,28,10
1528408800,6498.59,6495.7902972056245,53.509139268035824,9,4,28,11
1528405200,6495.26,6495.693879531874,54.67682206206357,9,4,28,12
1528401600,6527.27,6501.4349923442605,53.720561516359346,9,4,28,13
1528398000,6524.69,6505.663175554395,60.81501273862885,9,4,28,14
1528394400,6520.86,6508.426234544504,60.016430578788174,9,4,28,15
1528390800,6530.87,6512.506919172775,58.78241684982368,9,4,28,16
1528387200,6512.23,6512.456570232271,61.03727457164711,9,4,28,17
1528383600,6507.75,6511.600830190039,55.00306955276173,9,4,28,18
1528380000,6525.23,6514.078861064577,53.630748961781755,9,4,28,19
1528376400,6508.73,6513.106340871017,58.03070580072379,9,4,28,20
1528372800,6509.45,6512.4415516217405,52.925529482641956,9,4,28,21
1528369200,6511.07,6512.1921785996055,53.11934111336239,9,4,28,22
1528365600,6522.6,6514.084509763314,53.58240850035302,9,4,28,23
1528362000,6516.57,6514.536417079074,56.849318175852694,9,5,29,0
1528358400,6507.82,6513.315250337424,54.68176511218133,9,5,29,1
1528354800,6525.17,6515.4706593669825,51.60688927414022,9,5,29,2
1528351200,6535.27,6519.070539482076,56.794850062620995,9,5,29,3
1528347600,6544.12,6523.624986848971,59.51571037868776,9,5,29,4
1528344000,6563.58,6530.889534694612,61.78658502056391,9,5,29,5
1528340400,6549.08,6534.196892022864,66.26725146709126,9,5,29,6
1528336800,6550.59,6537.177457109616,60.568455439076004,9,5,29,7
1528333200,6546.96,6538.956101271504,60.94511856569307,9,5,29,8
1528329600,6495.83,6531.114991949411,59.474320109949794,9,5,29,9
1528326000,6509.52,6527.188629776791,43.53669660184767,9,5,29,10
1528322400,6505.42,6523.230697090101,47.58663535928729,9,5,29,11
1528318800,6470.94,6513.7232976191735,46.51066619561832,9,5,29,12
1528315200,6410.72,6494.995425324778,38.60518140433514,9,5,29,13
1528311600,6395.35,6476.878075265728,29.25313684378702,9,5,29,14
1528308000,6397.02,6462.358425217413,27.4269063379747,9,5,29,15
1528304400,6399.0,6450.838711541519,27.953196383028,9,5,29,16
1528300800,6505.88,6460.8462185339695,28.61418630106165,9,5,29,17
1528297200,6483.63,6464.988724255065,53.44393490242081,9,5,29,18
1528293600,6483.93,6468.432592572326,49.57789159041664,9,5,29,19
1528290000,6511.43,6476.250303013721,49.63079812075161,9,5,29,20
1528286400,6476.01,6476.20661155668,54.35844306198088,9,5,29,21
1528282800,6471.56,6475.3617730918295,48.096695331931244,9,5,29,22
1528279200,6466.07,6473.6723598024055,47.358581437673784,9,5,29,23
1528275600,6492.66,6477.12465802015,46.41226171309006,9,6,30,0
1528272000,6488.77,6479.2419929255775,51.47025124678397,9,6,30,1
1528268400,6520.2,6486.6889033027455,50.71607289275979,9,6,30,2
1528264800,6483.03,6486.023648156791,56.2890525560461,9,6,30,3
1528261200,6490.71,6486.875712128283,49.20296820418125,9,6,30,4
1528257600,6500.04,6489.26921901405,50.58709571892918,9,6,30,5
1528254000,6493.44,6490.027542829677,52.28796453037655,9,6,30,6
1528250400,6506.92,6493.098898678826,50.951868939149286,9,6,30,7
1528246800,6498.4,6494.062735282676,53.561872697991724,9,6,30,8
1528243200,6503.14,6495.713147049462,51.68965357574053,9,6,30,9
1528239600,6497.74,6496.081665767742,52.680629967197774,9,6,30,10
1528236000,6481.98,6493.517726537244,51.38738796608894,9,6,30,11
1528232400,6510.91,6496.679958075926,47.70649264832373,9,6,30,12
1528228800,6519.13,6500.761783880303,54.19293147972538,9,6,30,13
1528225200,6514.56,6503.27055044752,55.86795412946994,9,6,30,14
1528221600,6511.7,6504.80317763888,54.6710087362907,9,6,30,15
1528218000,6475.83,6499.535327159083,53.89283403382399,9,6,30,16
1528214400,6469.72,6494.114358584704,45.20256657986078,9,6,30,17
1528210800,6366.04,6470.828111569303,43.903893978089975,9,6,30,18
1528207200,6346.69,6448.257545829429,28.789079421327784,9,6,30,19
1528203600,6373.16,6434.603446587714,26.925956189171472,9,6,30,20
1528200000,6376.1,6423.966456299038,33.286378809353494,9,6,30,21
1528196400,6374.07,6414.894373335577,33.973791058376634,9,6,30,22
1528192800,6369.34,6406.611760001835,33.71546672411763,9,6,30,23
1528189200,6384.21,6402.538712728773,33.084230188946805,10,0,1,0
1528185600,6354.77,6393.853492232633,37.07296127040699,10,0,1,1
1528182000,6365.96,6388.781948190335,32.89258131780788,10,0,1,2
1528178400,6368.52,6385.097957610274,35.85338222806489,10,0,1,3
1528174800,6334.6,6375.916510772042,36.54316389703518,10,0,1,4
1528171200,6356.93,6372.464417904397,31.6818954478899,10,0,1,5
1528167600,6358.78,6369.976341921779,37.56973788944166,10,0,1,6
1528164000,6398.28,6375.122461572364,38.04612122563205,10,0,1,7
1528160400,6411.38,6381.71474128648,47.29380767595425,10,0,1,8
1528156800,6408.62,6386.606606507119,49.961453470904374,10,0,1,9
1528153200,6414.56,6391.689041687643,49.39421577250184,10,0,1,10
1528149600,6439.5,6400.3819431989805,50.69172914092348,10,0,1,11
1528146000,6434.23,6406.53613534462,55.8143014187761,10,0,1,12
1528142400,6415.47,6408.16047437287,54.52526567037526,10,0,1,13
1528138800,6414.21,6409.260388123257,50.09039624362445,10,0,1,14
1528135200,6402.12,6407.96213573721,49.79743349467894,10,0,1,15
1528131600,6415.85,6409.396292875898,46.95937906915109,10,0,1,16
1528128000,6427.05,6412.606057807553,50.41549767319234,10,0,1,17
1528124400,6404.53,6411.137683660725,53.10012433156663,10,0,1,18
1528120800,6418.51,6412.478104813321,47.527980159120844,10,0,1,19
1528117200,6434.77,6416.531176665443,50.96777008438132,10,0,1,20
1528113600,6421.11,6417.363689998999,54.688361329166156,10,0,1,21
1528110000,6494.28,6431.348473635544,51.175149953315355,10,0,1,22
1528106400,6501.1,6444.0305693381715,64.37638131351505,10,0,1,23
1528102800,6504.91,6455.09955673123,65.31765935366593,10,1,2,0
1528099200,6513.13,6465.650546416461,65.86036464484695,10,1,2,1
1528095600,6500.81,6472.043174340741,67.05803335809185,10,1,2,2
1528092000,6552.9,6486.744415369696,63.464417128932254,10,1,2,3
1528088400,6598.88,6507.132703484296,70.63081758945151,10,1,2,4
1528084800,6583.07,6520.939484668968,75.24636582498684,10,1,2,5
1528081200,6584.32,6532.463214729155,71.10828266745465,10,1,2,6
1528077600,6598.04,6544.386266596582,71.24293721848906,10,1,2,7
1528074000,6606.62,6555.701490851748,72.74445779082313,10,1,2,8
1528070400,6616.21,6566.703037969612,73.67032791685989,10,1,2,9
1528066800,6608.78,6574.35339470241,74.70464117691898,10,1,2,10
1528063200,6599.82,6578.983686574698,72.33379814140513,10,1,2,11
1528059600,6622.91,6586.970289015662,69.47054463770132,10,1,2,12
1528056000,6616.45,6592.33023646736,72.4923884929921,10,1,2,13
1528052400,6596.53,6593.093829836931,70.39308029754906,10,1,2,14
1528048800,6598.89,6594.147678957488,64.21748815777919,10,1,2,15
1528045200,6614.76,6597.8953736924905,64.61357704006109,10,1,2,16
1528041600,6625.99,6603.003487566582,67.23972378859264,10,1,2,17
1528038000,6617.22,6605.588308009022,68.9933028336144,10,1,2,18
1528034400,6629.75,6609.9813429164715,66.02118759133586,10,1,2,19
1528030800,6620.92,6611.970189658931,68.13336811456848,10,1,2,20
1528027200,6618.52,6613.161064266398,65.0639396907666,10,1,2,21
1528023600,6616.66,6613.79723439978,64.21713395229017,10,1,2,22
1528020000,6640.99,6618.74137359982,63.527071091569134,10,1,2,23
1528016400,6634.23,6621.557487490762,68.32226050224223,10,2,3,0
1528012800,6618.05,6620.919762492441,65.73625551074929,10,2,3,1
1528009200,6625.35,6621.725260221087,59.89294083453965,10,2,3,2
1528005600,6554.29,6609.464303817253,61.55344793388368,10,2,3,3
1528002000,6557.75,6600.061703123207,42.92378625512216,10,2,3,4
1527998400,6545.46,6590.134120737169,43.8154580038646,10,2,3,5
1527994800,6542.3,6581.437007875866,41.344700253457574,10,2,3,6
1527991200,6549.51,6575.63209735298,40.709056576044794,10,2,3,7
1527987600,6556.24,6572.10626147062,42.867353018702616,10,2,3,8
1527984000,6547.54,6567.639668475962,44.88415691652599,10,2,3,9
1527980400,6549.47,6564.336092389423,42.78170400911775,10,2,3,10
1527976800,6547.78,6561.325893773164,43.414928658791155,10,2,3,11
1527973200,6540.39,6557.519367632589,42.966526987985056,10,2,3,12
1527969600,6572.86,6560.308573517572,40.973673154600405,10,2,3,13
1527966000,6563.79,6560.94156015074,51.59658811185999,10,2,3,14
1527962400,6552.24,6559.35945830515,48.9466796932088,10,2,3,15
1527958800,6546.03,6556.935920431486,45.72610434600393,10,2,3,16
1527955200,6537.92,6553.478480353034,44.04795623149451,10,2,3,17
1527951600,6563.3,6555.264211197937,41.88599046348181,10,2,3,18
1527948000,6559.16,6555.972536434674,50.13455206592498,10,2,3,19
1527944400,6554.04,6555.621166173824,48.9149109523169,10,2,3,20
1527940800,6561.13,6556.622772324037,47.37979084826589,10,2,3,21
1527937200,6568.43,6558.769540992394,49.73240216346494,10,2,3,22
1527933600,6572.55,6561.275078993776,52.106692110727145,10,2,3,23
1527930000,6572.68,6563.348700994908,53.44324863328257,10,3,4,0
1527926400,6558.99,6562.556209904924,53.487356325961635,10,3,4,1
1527922800,6556.11,6561.384171740392,48.298085179897775,10,3,4,2
1527919200,6454.31,6541.916140514866,47.259322249463615,10,3,4,3
1527915600,6426.69,6520.965933148526,25.98517531048313,10,3,4,4
1527912000,6430.83,6504.577581666976,22.964634039553857,10,3,4,5
1527908400,6427.4,6490.545294091162,24.383486130228007,10,3,4,6
1527904800,6426.23,6478.851604256405,23.98926278528856,10,3,4,7
1527901200,6407.73,6465.9204034825125,23.847628575001593,10,3,4,8
1527897600,6448.54,6462.760330122055,21.669102613747057,10,3,4,9
1527894000,6442.68,6459.109361008954,35.63706166187447,10,3,4,10
1527890400,6389.18,6446.394931734599,34.680740175386745,10,3,4,11
1527886800,6383.1,6434.886762328308,27.44073846191644,10,3,4,12
1527883200,6389.16,6426.572805541343,26.757104075062543,10,3,4,13
1527879600,6354.04,6413.385022715644,28.664699740496502,10,3,4,14
1527876000,6372.51,6405.953200403708,24.656742451408178,10,3,4,15
1527872400,6386.5,6402.41625487576,30.18539201948387,10,3,4,16
1527868800,6381.64,6398.6387539892585,34.128234917024315,10,3,4,17
1527865200,6376.8,6394.668071445756,33.422080168317905,10,3,4,18
1527861600,6363.12,6388.932058455618,32.696507037440696,10,3,4,19
1527858000,6359.45,6383.57168419096,30.66983019224992,10,3,4,20
1527854400,6329.73,6373.78228706533,30.130256672767572,10,3,4,21
1527850800,6452.13,6388.027325780725,26.122339402982604,10,3,4,22
1527847200,6448.17,6398.962357456956,53.53531622734563,10,3,4,23
1527843600,6496.21,6416.643747010236,52.8520291897919,10,4,5,0
1527840000,6489.44,6429.879429372011,59.59019987702773,10,4,5,1
1527836400,6461.68,6435.661351304372,58.3251569250446,10,4,5,2
1527832800,6420.31,6432.870196521759,53.32612477085656,10,4,5,3
