,Prix,ema,rsi,month,weekday,day,hour
1528070400,6616.21,6566.703037969612,73.67032791685989,10,1,2,9
1528066800,6608.78,6574.35339470241,74.70464117691898,10,1,2,10
1528063200,6599.82,6578.983686574698,72.33379814140513,10,1,2,11
1528059600,6622.91,6586.970289015662,69.47054463770132,10,1,2,12
1528056000,6616.45,6592.33023646736,72.4923884929921,10,1,2,13
1528052400,6596.53,6593.093829836931,70.39308029754906,10,1,2,14
1528048800,6598.89,6594.147678957488,64.21748815777919,10,1,2,15
1528045200,6614.76,6597.8953736924905,64.61357704006109,10,1,2,16
1528041600,6625.99,6603.003487566582,67.23972378859264,10,1,2,17
1528038000,6617.22,6605.588308009022,68.9933028336144,10,1,2,18
1528034400,6629.75,6609.9813429164715,66.02118759133586,10,1,2,19
1528030800,6620.92,6611.970189658931,68.13336811456848,10,1,2,20
1528027200,6618.52,6613.161064266398,65.0639396907666,10,1,2,21
1528023600,6616.66,6613.79723439978,64.21713395229017,10,1,2,22
1528020000,6640.99,6618.74137359982,63.527071091569134,10,1,2,23
1528016400,6634.23,6621.557487490762,68.32226050224223,10,2,3,0
1528012800,6618.05,6620.919762492441,65.73625551074929,10,2,3,1
1528009200,6625.35,6621.725260221087,59.89294083453965,10,2,3,2
1528005600,6554.29,6609.464303817253,61.55344793388368,10,2,3,3
1528002000,6557.75,6600.061703123207,42.92378625512216,10,2,3,4
1527998400,6545.46,6590.134120737169,43.8154580038646,10,2,3,5
1527994800,6542.3,6581.437007875866,41.344700253457574,10,2,3,6
1527991200,6549.51,6575.63209735298,40.709056576044794,10,2,3,7
1527987600,6556.24,6572.10626147062,42.867353018702616,10,2,3,8
1527984000,6547.54,6567.639668475962,44.88415691652599,10,2,3,9
1527980400,6549.47,6564.336092389423,42.78170400911775,10,2,3,10
1527976800,6547.78,6561.325893773164,43.414928658791155,10,2,3,11
1527973200,6540.39,6557.519367632589,42.966526987985056,10,2,3,12
1527969600,6572.86,6560.308573517572,40.973673154600405,10,2,3,13
1527966000,6563.79,6560.94156015074,51.59658811185999,10,2,3,14
1527962400,6552.24,6559.35945830515,48.9466796932088,10,2,3,15
1527958800,6546.03,6556.935920431486,45.72610434600393,10,2,3,16
1527955200,6537.92,6553.478480353034,44.04795623149451,10,2,3,17
1527951600,6563.3,6555.264211197937,41.88599046348181,10,2,3,18
1527948000,6559.16,6555.972536434674,50.13455206592498,10,2,3,19
1527944400,6554.04,6555.621166173824,48.9149109523169,10,2,3,20
1527940800,6561.13,6556.622772324037,47.37979084826589,10,2,3,21
1527937200,6568.43,6558.769540992394,49.73240216346494,10,2,3,22
1527933600,6572.55,6561.275078993776,52.106692110727145,10,2,3,23
1527930000,6572.68,6563.348700994908,53.44324863328257,10,3,4,0
1527926400,6558.99,6562.556209904924,53.487356325961635,10,3,4,1
1527922800,6556.11,6561.384171740392,48.298085179897775,10,3,4,2
1527919200,6454.31,6541.916140514866,47.259322249463615,10,3,4,3
1527915600,6426.69,6520.965933148526,25.98517531048313,10,3,4,4
1527912000,6430.83,6504.577581666976,22.964634039553857,10,3,4,5
1527908400,6427.4,6490.545294091162,24.383486130228007,10,3,4,6
1527904800,6426.23,6478.851604256405,23.98926278528856,10,3,4,7
1527901200,6407.73,6465.9204034825125,23.847628575001593,10,3,4,8
1527897600,6448.54,6462.760330122055,21.669102613747057,10,3,4,9
1527894000,6442.68,6459.109361008954,35.63706166187447,10,3,4,10
1527890400,6389.18,6446.394931734599,34.680740175386745,10,3,4,11
1527886800,6383.1,6434.886762328308,27.44073846191644,10,3,4,12
1527883200,6389.16,6426.572805541343,26.757104075062543,10,3,4,13
1527879600,6354.04,6413.385022715644,28.664699740496502,10,3,4,14
1527876000,6372.51,6405.953200403708,24.656742451408178,10,3,4,15
1527872400,6386.5,6402.41625487576,30.18539201948387,10,3,4,16
1527868800,6381.64,6398.6387539892585,34.128234917024315,10,3,4,17
1527865200,6376.8,6394.668071445756,33.422080168317905,10,3,4,18
1527861600,6363.12,6388.932058455618,32.696507037440696,10,3,4,19
1527858000,6359.45,6383.57168419096,30.66983019224992,10,3,4,20
1527854400,6329.73,6373.78228706533,30.130256672767572,10,3,4,21
1527850800,6452.13,6388.027325780725,26.122339402982604,10,3,4,22
1527847200,6448.17,6398.962357456956,53.53531622734563,10,3,4,23
1527843600,6496.21,6416.643747010236,52.8520291897919,10,4,5,0
1527840000,6489.44,6429.879429372011,59.59019987702773,10,4,5,1
1527836400,6461.68,6435.661351304372,58.3251569250446,10,4,5,2
1527832800,6420.31,6432.870196521759,53.32612477085656,10,4,5,3
1527829200,6414.78,6429.581069881438,46.8777859571812,10,4,5,4
1527825600,6414.69,6426.873602630268,46.07573059253768,10,4,5,5
1527822000,6409.49,6423.712947606582,46.06191780493431,10,4,5,6
1527818400,6406.66,6420.612411678112,45.21844660182788,10,4,5,7
1527814800,6424.63,6421.3428822820915,44.738298209299366,10,4,5,8
1527811200,6408.47,6419.002358230802,48.47930003459656,10,4,5,9
1527807600,6366.31,6409.421929461565,45.49652915634553,10,4,5,10
1527804000,6452.61,6417.274305923099,38.7909288718531,10,4,5,11
1527800400,6446.51,6422.589886664354,53.801106883807776,10,4,5,12
1527796800,6451.54,6427.853543634471,52.81520711744007,10,4,5,13
1527793200,6477.78,6436.931081155476,53.570744754744375,10,4,5,14
1527789600,6491.63,6446.876339127208,57.40266943300125,10,4,5,15
1527786000,6466.91,6450.51882292226,59.31150071909862,10,4,5,16
1527782400,6472.52,6454.5190369363945,54.607964173286305,10,4,5,17
1527778800,6472.42,6457.7737574934135,55.470997671640156,10,4,5,18
1527775200,6467.57,6459.554892494611,55.450759218726155,10,4,5,19
1527771600,6470.12,6461.475821131953,54.413834828978764,10,4,5,20
1527768000,6448.92,6459.192944562506,54.891453778239104,10,4,5,21
1527764400,6468.04,6460.801500096596,50.18392009645371,10,4,5,22
1527760800,6448.21,6458.5121364426695,54.01435182126552,10,4,5,23
1527757200,6453.54,6457.6081116349105,49.7424174336442,10,5,6,0
1527753600,6473.54,6460.504818610381,50.867219043747156,10,5,6,1
1527750000,6489.05,6465.694851590311,54.94225338467429,10,5,6,2
1527746400,6426.22,6458.517605846619,57.8610895235296,10,5,6,3
1527742800,6425.52,6452.518041147234,45.11215786799139,10,5,6,4
1527739200,6328.82,6430.027488211373,44.993211866823295,10,5,6,5
1527735600,6320.18,6410.055217627486,32.31677124907608,10,5,6,6
1527732000,6320.16,6393.710632604306,31.463801794535982,10,5,6,7
1527728400,6333.33,6382.7323357671585,31.461731705263958,10,5,6,8
1527724800,6342.96,6375.501001991311,34.51698356061746,10,5,6,9
1527721200,6320.32,6365.4680925383445,36.73765531622755,10,5,6,10
1527717600,6306.78,6354.797530258646,33.83277569184932,10,5,6,11
1527714000,6309.15,6346.497979302527,32.19328511003437,10,5,6,12
1527710400,6290.92,6336.392892156613,32.80706026406342,10,5,6,13
1527706800,6283.01,6326.686911764501,30.518693931532184,10,5,6,14
1527703200,6298.08,6321.485655080046,29.555376911383007,10,5,6,15
1527699600,6278.28,6313.630081429128,33.840070556779054,10,5,6,16
1527696000,6306.96,6312.417339351105,31.158523533467942,10,5,6,17
1527692400,6372.65,6323.368732196358,38.731863746628946,10,5,6,18
1527688800,6469.27,6349.8962354333835,51.808890542231666,10,5,6,19
1527685200,6481.15,6373.760556263677,63.98503508194114,10,5,6,20
1527681600,6466.02,6390.5350005793725,65.15095271537467,10,5,6,21
1527678000,6467.76,6404.575909564941,62.38117085151336,10,5,6,22
1527674400,6465.89,6415.7239260076785,62.57820631511666,10,5,6,23
1527670800,6455.1,6422.8832121881005,62.201142783305144,10,6,7,0
1527667200,6467.7,6431.031719062991,59.95627590967059,10,6,7,1
1527663600,6457.19,6435.787770142448,61.694811612752,10,6,7,2
1527660000,6503.21,6448.046357389275,59.379022274395936,10,6,7,3
1527656400,6498.42,6457.2052015003155,65.4877678619693,10,6,7,4
1527652800,6492.42,6463.607892136621,64.4021533576215,10,6,7,5
1527649200,6516.14,6473.159184475417,62.99347628846621,10,6,7,6
1527645600,6510.26,6479.904787298068,66.14607173316273,10,6,7,7
1527642000,6492.87,6482.262098698419,64.67519915112699,10,6,7,8
1527638400,6471.16,6480.243535298707,60.39762271052556,10,6,7,9
1527634800,6434.0,6471.835619789851,55.465562696238734,10,6,7,10
1527631200,6497.11,6476.4309616462415,48.20890931838289,10,6,7,11
1527627600,6504.36,6481.508968619652,58.20898028808452,10,6,7,12
1527624000,6478.79,6481.014610688806,59.18397715306658,10,6,7,13
1527620400,6470.54,6479.110136018113,54.36640455016954,10,6,7,14
1527616800,6498.7,6482.671929469365,52.87103062953957,10,6,7,15
1527613200,6433.02,6473.644305929481,57.19856843030946,10,6,7,16
1527609600,6435.05,6466.627159396847,46.478647412636306,10,6,7,17
1527606000,6438.32,6461.480403142874,46.810450418470474,10,6,7,18
1527602400,6403.73,6450.980329844169,47.37639026041811,10,6,7,19
1527598800,6403.73,6442.389360781593,42.254771929606456,10,6,7,20
1527595200,6404.28,6435.46038609403,42.25477192960646,10,6,7,21
1527591600,6176.67,6388.407588622387,42.36966078791472,10,6,7,22
1527588000,6167.01,6348.153481600135,22.457058597012477,10,6,7,23
1527584400,6167.09,6315.232848581928,21.98481474579465,10,0,8,0
1527580800,6176.31,6289.974148839759,21.999443545196527,10,0,8,1
1527577200,6124.53,6259.893394505258,23.773474855412672,10,0,8,2
1527573600,6110.74,6232.774595504301,20.898730129771835,10,0,8,3
1527570000,6136.61,6215.290123594427,20.198232155405123,10,0,8,4
1527566400,6120.57,6198.068282940894,25.25950556348083,10,0,8,5
1527562800,6108.93,6181.8613224061855,24.233258971092454,10,0,8,6
1527559200,6127.34,6171.948354695969,23.487502514442568,10,0,8,7
1527555600,6130.58,6164.426835660338,27.298294884007078,10,0,8,8
1527552000,6118.18,6156.01832008573,27.97816041596073,10,0,8,9
1527548400,6100.6,6145.942261888324,26.939832163749003,10,0,8,10
1527544800,6157.43,6148.030941544992,25.495204635924225,10,0,8,11
1527541200,6232.45,6163.379861264084,37.21591737617036,10,0,8,12
1527537600,6210.5,6171.947159216068,48.69081888182142,10,0,8,13
1527534000,6210.5,6178.956766631328,46.03944114667583,10,0,8,14
1527530400,6210.5,6184.691899971086,46.03944114667583,10,0,8,15
1527526800,6209.22,6189.151554521797,46.039441146675834,10,0,8,16
1527523200,6246.95,6199.660362790561,45.857569476810205,10,0,8,17
1527519600,6234.03,6205.909387737731,51.890488266257634,10,0,8,18
1527516000,6223.13,6209.040408149052,49.84239818860857,10,0,8,19
1527512400,6223.13,6211.602152121952,48.11692648131953,10,0,8,20
1527508800,6204.12,6210.241760827051,48.116926481319524,10,0,8,21
1527505200,6204.84,6209.259622494859,44.96816974633191,10,0,8,22
1527501600,6180.92,6204.10696385943,45.11466804767219,10,0,8,23
1527498000,6195.44,6202.5311522486245,41.191477811141716,10,1,9,0
1527494400,6162.26,6195.209124567056,44.354772472953535,10,1,9,1
1527490800,6163.33,6189.412920100318,39.16981338898888,10,1,9,2
1527487200,6241.98,6198.970570991169,39.41576895617018,10,1,9,3
1527483600,6254.87,6209.134103538228,54.10508848687145,10,1,9,4
1527480000,6301.49,6225.926084713095,55.98850790674171,10,1,9,5
1527476400,6290.51,6237.668614765259,62.053837488007986,10,1,9,6
1527472800,6297.3,6248.510684807939,59.95803450395836,10,1,9,7
1527469200,6291.08,6256.250560297404,60.838858763651054,10,1,9,8
