,Prix,ema,rsi,month,weekday,day,hour
1515258000,14042.36,14058.236323969059,58.81671396394119,11,6,4,15
1515254400,13886.74,14027.055174156501,57.44372920625514,11,6,4,16
1515250800,13766.27,13979.639687946226,50.33480800428497,11,6,4,17
1515247200,13623.16,13914.82519922873,45.627369173935584,11,6,4,18
1515243600,13599.25,13857.44789027805,40.75166466226622,11,6,4,19
1515240000,13788.48,13844.908273863857,39.982922393909234,11,6,4,20
1515236400,13896.96,13854.372224070426,48.29588146341135,11,6,4,21
1515232800,13648.04,13816.857274239439,52.36889475368936,11,6,4,22
1515229200,13684.84,13792.85413346863,43.835670787568,11,6,4,23
1515225600,13767.21,13788.191563747061,45.255872348462,11,0,5,0
1515222000,13831.48,13796.062188520322,48.40098872420372,11,0,5,1
1515218400,13887.96,13812.770881516626,50.77722275516445,11,0,5,2
1515214800,13815.41,13813.250721240875,52.83291428516729,11,0,5,3
1515211200,13799.4,13810.732408287986,49.9473440827364,11,0,5,4
1515207600,13837.78,13815.650152235623,49.30734799308372,11,0,5,5
1515204000,14225.81,13890.224670010964,50.93055673528485,11,0,5,6
1515200400,14161.85,13939.611093645335,63.61554894004549,11,0,5,7
1515196800,14182.94,13983.852712982547,60.824389365672694,11,0,5,8
1515193200,14236.46,14029.781310622084,61.42539110224197,11,0,5,9
1515189600,14042.73,14032.135617781705,62.97759506315964,11,0,5,10
1515186000,13768.35,13984.174596366847,54.43838077918288,11,0,5,11
1515182400,13755.4,13942.579215209236,45.109311913374846,11,0,5,12
1515178800,13734.22,13904.695721534828,44.719787367521704,11,0,5,13
1515175200,13669.34,13861.903772164858,44.04982002064962,11,0,5,14
1515171600,13614.8,13816.97581358943,41.97530157674997,11,0,5,15
1515168000,13435.52,13747.620211118625,40.258880526191355,11,0,5,16
1515164400,13443.57,13692.3383545516,35.16814165568893,11,0,5,17
1515160800,13399.37,13639.071380996764,35.562153127610344,11,0,5,18
1515157200,13247.49,13567.874766270077,34.3285185587666,11,0,5,19
1515153600,13375.82,13532.955717857334,30.423121001886273,11,0,5,20
1515150000,13366.82,13502.749223701456,36.950027333322,11,0,5,21
1515146400,13213.75,13450.20391030119,36.690077190512206,11,0,5,22
1515142800,12948.59,13359.001381155518,32.5019747060565,11,0,5,23
1515139200,12545.98,13211.179311854514,26.795876368430868,11,1,6,0
1515135600,12530.1,13087.346709699148,20.81925311854387,11,1,6,1
1515132000,12603.04,12999.290944299302,20.623860345023573,11,1,6,2
1515128400,12511.88,12910.670772608519,24.14534293624176,11,1,6,3
1515124800,12583.96,12851.268813952423,22.784824294805006,11,1,6,4
1515121200,12673.45,12818.93812050653,26.320037879560417,11,1,6,5
1515117600,12643.52,12787.043916778068,30.570179940426243,11,1,6,6
1515114000,12611.64,12755.15229554569,29.94796805038203,11,1,6,7
1515110400,12724.68,12749.611878173746,29.264716060988235,11,1,6,8
1515106800,12653.42,12732.12244577852,34.933255124856956,11,1,6,9
1515103200,12551.82,12699.340182909698,33.13079662675952,11,1,6,10
1515099600,12517.62,12666.300149653387,30.698710632987513,11,1,6,11
1515096000,12589.23,12652.287395170952,29.90295764993982,11,1,6,12
1515092400,12453.79,12616.196959685323,33.77392415416489,11,1,6,13
1515088800,12239.32,12547.673876106173,30.35911256506924,11,1,6,14
1515085200,12239.32,12491.60953499596,25.89438368345978,11,1,6,15
1515081600,12268.25,12450.99871045124,25.89438368345978,11,1,6,16
1515078000,12313.36,12425.973490369197,27.56097781131058,11,1,6,17
1515074400,12320.57,12406.809219392979,30.197075024266326,11,1,6,18
1515070800,12197.44,12368.742088594256,30.63158299484286,11,1,6,19
1515067200,12274.73,12351.648981577117,27.485039173048392,11,1,6,20
1515063600,12264.41,12335.787348563093,32.193508321535674,11,1,6,21
1515060000,12277.19,12325.133285187985,31.89570781641055,11,1,6,22
1515056400,12241.93,12310.005415153804,32.72563987098117,11,1,6,23
1515052800,12553.23,12354.22806694402,31.582115537355122,11,2,7,0
1515049200,12582.03,12395.646600226926,48.64408708985206,11,2,7,1
1515045600,12589.87,12430.95994564021,49.88914467454341,11,2,7,2
1515042000,12616.08,12464.61813734199,50.242786233369515,11,2,7,3
1515038400,12736.81,12514.107566916173,51.47568255664137,11,2,7,4
1515034800,12785.93,12563.529827476868,56.787169097287396,11,2,7,5
1515031200,12873.81,12619.944404299255,58.76483196624962,11,2,7,6
1515027600,12737.32,12641.28542169939,62.10619830378918,11,2,7,7
1515024000,12784.73,12667.366254117682,54.6933318811158,11,2,7,8
1515020400,12614.74,12657.797844278102,56.629740701926515,11,2,7,9
1515016800,12755.63,12675.58550895481,48.60780718108286,11,2,7,10
1515013200,12701.18,12680.239052781206,54.376348471432856,11,2,7,11
1515009600,12563.71,12659.051952275531,51.94944679119256,11,2,7,12
1515006000,12549.71,12639.171597316341,46.327626891523614,11,2,7,13
1515002400,12629.97,12637.498579622461,45.78423055322683,11,2,7,14
1514998800,12790.35,12665.28974696383,49.44519016339539,11,2,7,15
1514995200,12719.41,12675.129792970405,55.85940151597462,11,2,7,16
1514991600,12618.43,12664.820739703058,52.675807738056676,11,2,7,17
1514988000,12603.38,12653.649696120683,48.443423738860034,11,2,7,18
1514984400,12423.98,12611.891569553285,47.82664472121393,11,2,7,19
1514980800,12572.06,12604.64946599814,41.10786629477803,11,2,7,20
1514977200,12482.61,12582.460472180295,47.645667117894675,11,2,7,21
1514973600,12572.23,12580.600386329332,44.43656526509073,11,2,7,22
1514970000,12740.58,12609.687588814908,48.20092703775882,11,2,7,23
1514966400,12820.99,12648.106209030379,54.44453490843726,11,3,8,0
1514962800,12878.53,12690.001443752128,57.10410240523238,11,3,8,1
1514959200,12659.29,12684.417544888103,58.95089735515006,11,3,8,2
1514955600,12653.12,12678.727082181176,50.10020854378362,11,3,8,3
1514952000,12475.65,12641.803976330051,49.87327193225526,11,3,8,4
1514948400,12573.59,12629.401435179132,43.73658000830897,11,3,8,5
1514944800,12418.6,12591.073901510199,47.57065601178624,11,3,8,6
1514941200,12403.93,12557.047737599252,42.62088287845801,11,3,8,7
1514937600,12319.79,12513.909967126661,42.17358402741472,11,3,8,8
1514934000,12426.46,12498.009973103632,39.60617357743483,11,3,8,9
1514930400,12379.58,12476.477250721153,44.240613453536064,11,3,8,10
1514926800,12373.23,12457.705023317307,42.69014709198192,11,3,8,11
1514923200,12466.7,12459.34047362325,42.473014458807114,11,3,8,12
1514919600,12299.9,12430.35129660084,46.76517977169077,11,3,8,13
1514916000,11789.89,12313.90378812796,40.90052806114058,11,3,8,14
1514912400,11634.48,12190.372190286513,28.947109056135304,11,3,8,15
1514908800,11652.35,12092.549973870782,26.41384849071217,11,3,8,16
1514905200,11736.23,12027.764524076094,27.202744837993322,11,3,8,17
1514901600,11812.59,11988.641883334985,30.945033848681476,11,3,8,18
1514898000,11490.84,11898.132450001352,34.25829351878846,11,3,8,19
1514894400,11482.74,11822.606550001106,28.133150355453992,11,3,8,20
1514890800,11491.89,11762.476268182723,27.997437823385866,11,3,8,21
1514887200,11438.24,11703.524219422228,28.41751502821154,11,3,8,22
1514883600,11390.46,11646.60345225455,27.40782278966519,11,3,8,23
1514880000,11319.7,11587.166460935541,26.504619328681812,11,4,9,0
1514876400,11264.42,11528.485286219988,25.18115261521487,11,4,9,1
1514872800,11081.13,11447.147961452718,24.165933197227986,11,4,9,2
1514869200,11055.57,11375.951968461313,21.124819007408718,11,4,9,3
1514865600,11216.17,11346.900701468347,20.732988872892804,11,4,9,4
1514862000,11350.51,11347.55693756501,29.57228727789966,11,4,9,5
1514858400,11488.6,11373.201130735008,36.001255152936764,11,4,9,6
1514854800,11657.83,11424.951834237734,41.874841906681034,11,4,9,7
1514851200,11391.39,11418.849682558144,48.154587805595106,11,4,9,8
1514847600,11450.34,11424.5751948203,40.69919548185492,11,4,9,9
1514844000,11476.79,11434.068795762063,42.808940839371736,11,4,9,10
1514840400,11435.61,11434.349014714415,43.77548504661132,11,4,9,11
1514836800,11370.13,11422.672830220885,42.56924192924132,11,4,9,12
1514833200,11324.57,11404.835951998906,40.65108963988668,11,4,9,13
1514829600,11276.34,11381.473051635468,39.323395887245255,11,4,9,14
1514826000,11231.89,11354.27613315629,37.91177502258542,11,4,9,15
1514822400,11366.24,11356.451381673327,36.60747931293372,11,4,9,16
1514818800,11345.02,11354.372948641812,42.99147176949927,11,4,9,17
1514815200,11198.41,11326.016048888754,42.26744809975279,11,4,9,18
1514811600,11332.11,11327.12403999989,37.56083415238877,11,4,9,19
1514808000,11375.93,11335.997850909,43.71600308380105,11,4,9,20
1514804400,11599.44,11383.896423471,45.608518482941975,11,4,9,21
1514800800,11656.11,11433.389801021727,54.08834073081725,11,4,9,22
1514797200,11523.82,11449.831655381413,55.96296762127709,11,4,9,23
1514793600,11710.31,11497.191354402972,50.75324984276979,11,5,10,0
1514790000,11815.82,11555.123835420614,56.851341832796315,11,5,10,1
1514786400,11625.59,11567.93586534414,59.87837815967846,11,5,10,2
1514782800,11647.1,11582.329344372476,52.69993179735384,11,5,10,3
1514779200,11499.21,11567.216736304752,53.380503821029684,11,5,10,4
1514775600,11484.34,11552.148238794798,48.24110142730732,11,5,10,5
1514772000,11416.29,11527.446740832107,47.7433645507881,11,5,10,6
1514768400,11642.54,11548.372787953542,45.43312478424101,11,5,10,7
1514764800,11850.31,11603.270462871078,53.49108918927914,11,5,10,8
1514761200,11845.83,11647.37219689452,59.41776481910568,11,5,10,9
1524697200,7360.62,10867.96270655006,59.242462384006686,11,5,10,10
1524693600,7538.18,10262.547668995505,14.169512103453926,11,5,10,11
1524690000,7456.15,9752.29354735996,16.866060887160288,11,5,10,12
1524686400,7372.47,9319.598356930876,16.606489514046586,11,5,10,13
1524682800,7386.97,8968.211382943444,16.330385193380124,11,5,10,14
1524679200,7436.71,8689.756586044636,16.589175969473274,11,5,10,15
1524675600,7316.92,8440.149934036519,17.53148136738612,11,5,10,16
1524672000,7363.49,8244.393582393515,17.032429891181252,11,5,10,17
1524668400,7316.47,8075.680203776512,18.009577582839327,11,5,10,18
1524664800,7419.14,7956.309257635327,17.781863349011843,11,5,10,19
1524661200,7505.96,7874.427574428904,20.155834613373628,11,5,10,20
1524657600,7494.84,7805.411651805467,22.201524589034435,11,5,10,21
1524654000,7488.27,7747.749533295381,22.123340743278817,11,5,10,22
1524650400,7636.16,7727.460527241676,22.07388028013341,11,5,10,23
1524646800,7628.69,7709.50224956137,26.080031742593036,11,6,11,0
1524643200,7731.66,7713.530931459302,26.007302995310525,11,6,11,1
1524639600,7734.75,7717.388943921247,28.94864256356672,11,6,11,2
1524636000,7700.25,7714.272772299202,29.039802407718696,11,6,11,3
1524632400,7616.72,7696.535904608438,28.598616614364687,11,6,11,4
1524628800,7699.49,7697.073012861449,27.50891065797032,11,6,11,5
1524625200,7934.59,7740.257919613912,30.341311718681354,11,6,11,6
1524621600,7880.47,7765.751025138656,37.77798268965153,11,6,11,7
1524618000,7834.37,7778.227202386172,36.803919374092715,11,6,11,8
1524614400,7899.74,7800.320438315958,35.953530082067985,11,6,11,9
1524610800,7835.81,7806.773085894874,38.136367416294206,11,6,11,10
1524607200,7758.84,7798.057979368534,36.81488753230877,11,6,11,11
1524603600,7734.09,7786.427437665164,35.2319653359596,11,6,11,12
1524600000,7739.24,7777.847903544224,34.715081817691,11,6,11,13
1524596400,7701.85,7764.030102899819,34.92900604102378,11,6,11,14
