,Prix,ema,rsi,month,weekday,day,hour
1527832800,6420.31,6432.870196521759,53.32612477085656,10,4,5,3
1527829200,6414.78,6429.581069881438,46.8777859571812,10,4,5,4
1527825600,6414.69,6426.873602630268,46.07573059253768,10,4,5,5
1527822000,6409.49,6423.712947606582,46.06191780493431,10,4,5,6
1527818400,6406.66,6420.612411678112,45.21844660182788,10,4,5,7
1527814800,6424.63,6421.3428822820915,44.738298209299366,10,4,5,8
1527811200,6408.47,6419.002358230802,48.47930003459656,10,4,5,9
1527807600,6366.31,6409.421929461565,45.49652915634553,10,4,5,10
1527804000,6452.61,6417.274305923099,38.7909288718531,10,4,5,11
1527800400,6446.51,6422.589886664354,53.801106883807776,10,4,5,12
1527796800,6451.54,6427.853543634471,52.81520711744007,10,4,5,13
1527793200,6477.78,6436.931081155476,53.570744754744375,10,4,5,14
1527789600,6491.63,6446.876339127208,57.40266943300125,10,4,5,15
1527786000,6466.91,6450.51882292226,59.31150071909862,10,4,5,16
1527782400,6472.52,6454.5190369363945,54.607964173286305,10,4,5,17
1527778800,6472.42,6457.7737574934135,55.470997671640156,10,4,5,18
1527775200,6467.57,6459.554892494611,55.450759218726155,10,4,5,19
1527771600,6470.12,6461.475821131953,54.413834828978764,10,4,5,20
1527768000,6448.92,6459.192944562506,54.891453778239104,10,4,5,21
1527764400,6468.04,6460.801500096596,50.18392009645371,10,4,5,22
1527760800,6448.21,6458.5121364426695,54.01435182126552,10,4,5,23
1527757200,6453.54,6457.6081116349105,49.7424174336442,10,5,6,0
1527753600,6473.54,6460.504818610381,50.867219043747156,10,5,6,1
1527750000,6489.05,6465.694851590311,54.94225338467429,10,5,6,2
1527746400,6426.22,6458.517605846619,57.8610895235296,10,5,6,3
1527742800,6425.52,6452.518041147234,45.11215786799139,10,5,6,4
1527739200,6328.82,6430.027488211373,44.993211866823295,10,5,6,5
1527735600,6320.18,6410.055217627486,32.31677124907608,10,5,6,6
1527732000,6320.16,6393.710632604306,31.463801794535982,10,5,6,7
1527728400,6333.33,6382.7323357671585,31.461731705263958,10,5,6,8
1527724800,6342.96,6375.501001991311,34.51698356061746,10,5,6,9
1527721200,6320.32,6365.4680925383445,36.73765531622755,10,5,6,10
1527717600,6306.78,6354.797530258646,33.83277569184932,10,5,6,11
1527714000,6309.15,6346.497979302527,32.19328511003437,10,5,6,12
1527710400,6290.92,6336.392892156613,32.80706026406342,10,5,6,13
1527706800,6283.01,6326.686911764501,30.518693931532184,10,5,6,14
1527703200,6298.08,6321.485655080046,29.555376911383007,10,5,6,15
1527699600,6278.28,6313.630081429128,33.840070556779054,10,5,6,16
1527696000,6306.96,6312.417339351105,31.158523533467942,10,5,6,17
1527692400,6372.65,6323.368732196358,38.731863746628946,10,5,6,18
1527688800,6469.27,6349.8962354333835,51.808890542231666,10,5,6,19
1527685200,6481.15,6373.760556263677,63.98503508194114,10,5,6,20
1527681600,6466.02,6390.5350005793725,65.15095271537467,10,5,6,21
1527678000,6467.76,6404.575909564941,62.38117085151336,10,5,6,22
1527674400,6465.89,6415.7239260076785,62.57820631511666,10,5,6,23
1527670800,6455.1,6422.8832121881005,62.201142783305144,10,6,7,0
1527667200,6467.7,6431.031719062991,59.95627590967059,10,6,7,1
1527663600,6457.19,6435.787770142448,61.694811612752,10,6,7,2
1527660000,6503.21,6448.046357389275,59.379022274395936,10,6,7,3
1527656400,6498.42,6457.2052015003155,65.4877678619693,10,6,7,4
1527652800,6492.42,6463.607892136621,64.4021533576215,10,6,7,5
1527649200,6516.14,6473.159184475417,62.99347628846621,10,6,7,6
1527645600,6510.26,6479.904787298068,66.14607173316273,10,6,7,7
1527642000,6492.87,6482.262098698419,64.67519915112699,10,6,7,8
1527638400,6471.16,6480.243535298707,60.39762271052556,10,6,7,9
1527634800,6434.0,6471.835619789851,55.465562696238734,10,6,7,10
1527631200,6497.11,6476.4309616462415,48.20890931838289,10,6,7,11
1527627600,6504.36,6481.508968619652,58.20898028808452,10,6,7,12
1527624000,6478.79,6481.014610688806,59.18397715306658,10,6,7,13
1527620400,6470.54,6479.110136018113,54.36640455016954,10,6,7,14
1527616800,6498.7,6482.671929469365,52.87103062953957,10,6,7,15
1527613200,6433.02,6473.644305929481,57.19856843030946,10,6,7,16
1527609600,6435.05,6466.627159396847,46.478647412636306,10,6,7,17
1527606000,6438.32,6461.480403142874,46.810450418470474,10,6,7,18
1527602400,6403.73,6450.980329844169,47.37639026041811,10,6,7,19
1527598800,6403.73,6442.389360781593,42.254771929606456,10,6,7,20
1527595200,6404.28,6435.46038609403,42.25477192960646,10,6,7,21
1527591600,6176.67,6388.407588622387,42.36966078791472,10,6,7,22
1527588000,6167.01,6348.153481600135,22.457058597012477,10,6,7,23
1527584400,6167.09,6315.232848581928,21.98481474579465,10,0,8,0
1527580800,6176.31,6289.974148839759,21.999443545196527,10,0,8,1
1527577200,6124.53,6259.893394505258,23.773474855412672,10,0,8,2
1527573600,6110.74,6232.774595504301,20.898730129771835,10,0,8,3
1527570000,6136.61,6215.290123594427,20.198232155405123,10,0,8,4
1527566400,6120.57,6198.068282940894,25.25950556348083,10,0,8,5
1527562800,6108.93,6181.8613224061855,24.233258971092454,10,0,8,6
1527559200,6127.34,6171.948354695969,23.487502514442568,10,0,8,7
1527555600,6130.58,6164.426835660338,27.298294884007078,10,0,8,8
1527552000,6118.18,6156.01832008573,27.97816041596073,10,0,8,9
1527548400,6100.6,6145.942261888324,26.939832163749003,10,0,8,10
1527544800,6157.43,6148.030941544992,25.495204635924225,10,0,8,11
1527541200,6232.45,6163.379861264084,37.21591737617036,10,0,8,12
1527537600,6210.5,6171.947159216068,48.69081888182142,10,0,8,13
1527534000,6210.5,6178.956766631328,46.03944114667583,10,0,8,14
1527530400,6210.5,6184.691899971086,46.03944114667583,10,0,8,15
1527526800,6209.22,6189.151554521797,46.039441146675834,10,0,8,16
1527523200,6246.95,6199.660362790561,45.857569476810205,10,0,8,17
1527519600,6234.03,6205.909387737731,51.890488266257634,10,0,8,18
1527516000,6223.13,6209.040408149052,49.84239818860857,10,0,8,19
1527512400,6223.13,6211.602152121952,48.11692648131953,10,0,8,20
1527508800,6204.12,6210.241760827051,48.116926481319524,10,0,8,21
1527505200,6204.84,6209.259622494859,44.96816974633191,10,0,8,22
1527501600,6180.92,6204.10696385943,45.11466804767219,10,0,8,23
1527498000,6195.44,6202.5311522486245,41.191477811141716,10,1,9,0
1527494400,6162.26,6195.209124567056,44.354772472953535,10,1,9,1
1527490800,6163.33,6189.412920100318,39.16981338898888,10,1,9,2
1527487200,6241.98,6198.970570991169,39.41576895617018,10,1,9,3
1527483600,6254.87,6209.134103538228,54.10508848687145,10,1,9,4
1527480000,6301.49,6225.926084713095,55.98850790674171,10,1,9,5
1527476400,6290.51,6237.668614765259,62.053837488007986,10,1,9,6
1527472800,6297.3,6248.510684807939,59.95803450395836,10,1,9,7
1527469200,6291.08,6256.250560297404,60.838858763651054,10,1,9,8
1527465600,6283.5,6261.205003879693,59.54663885801505,10,1,9,9
1527462000,6272.86,6263.324094083386,57.93177574986847,10,1,9,10
1527458400,6269.33,6264.416076977315,55.65036449622896,10,1,9,11
1527454800,6262.95,6264.149517526894,54.878209593276424,10,1,9,12
1527451200,6254.67,6262.42596888564,53.435118152094184,10,1,9,13
1527447600,6290.39,6267.51033817916,51.540856826935766,10,1,9,14
1527444000,6290.39,6271.670276692039,58.39325589106807,10,1,9,15
1527440400,6290.39,6275.073862748031,58.393255891068065,10,1,9,16
1527436800,6290.42,6277.864069521116,58.393255891068065,10,1,9,17
1527433200,6278.01,6277.890602335458,58.39942652933758,4,3,26,2
1527429600,6269.0,6276.274129183556,54.78012641379793,4,3,26,3
1527426000,6267.18,6274.620651150182,52.24834478754409,4,3,26,4
1527422400,6300.24,6279.278714577422,51.72827397434824,4,3,26,5
1527418800,6286.41,6280.575311926981,59.595715290292645,4,3,26,6
1527415200,6282.6,6280.9434370311665,55.51921029746261,4,3,26,7
1527411600,6263.85,6277.835539389136,54.41493206331146,4,3,26,8
1527408000,6286.18,6279.352714045656,49.22586192441651,4,3,26,9
1527404400,6266.94,6277.095856946446,54.75904849759393,4,3,26,10
1527400800,6251.35,6272.414792047091,49.73035314622745,4,3,26,11
1527397200,6279.14,6273.637557129438,46.040845189941436,4,3,26,12
1527393600,6269.1,6272.812546742268,52.76771441316837,4,3,26,13
1527390000,6273.07,6272.859356425492,50.326668877006185,4,3,26,14
1527386400,6250.33,6268.763109802675,51.28629104483386,4,3,26,15
1527382800,6243.11,6264.098908020371,45.825350826308444,4,3,26,16
1527379200,6297.91,6270.246379289394,44.21554844102477,4,3,26,17
1527375600,6292.78,6274.343401236776,56.660177159250125,4,3,26,18
1527372000,6418.4,6300.535510102816,55.41391586432567,4,3,26,19
1527368400,6465.8,6330.583599175032,71.78165811813639,4,3,26,20
1527364800,6471.56,6356.215672052299,75.44467829261751,4,3,26,21
1527361200,6469.7,6376.849186224607,75.85485079129906,4,3,26,22
1527357600,6469.08,6393.61842509286,75.41676020014614,4,3,26,23
1527354000,6455.03,6404.7841659850665,75.26072865296163,4,4,27,0
1527350400,6471.65,6416.941590351417,71.64338350081017,4,4,27,1
1527346800,6451.64,6423.250392105705,73.27946899315887,4,4,27,2
1527343200,6457.17,6429.417593541031,68.17907810729344,4,4,27,3
1527339600,6455.89,6434.230758351752,68.82486935610605,4,4,27,4
1527336000,6461.59,6439.205165924161,68.47844945146436,4,4,27,5
1527332400,6461.59,6443.275135756132,69.22139326068734,4,4,27,6
1527328800,6478.91,6449.754201982289,69.22139326068734,4,4,27,7
1527325200,6469.02,6453.257074349144,71.58180258456053,4,4,27,8
1527321600,6487.16,6459.4212426492995,68.35805415248161,4,4,27,9
1527318000,6379.58,6444.904653076699,70.94290987964463,4,4,27,10
1527314400,6371.23,6431.509261608208,46.6196759671993,4,4,27,11
1527310800,6371.23,6420.5493958612615,45.320852846438484,4,4,27,12
1527307200,6371.23,6411.5822329773955,45.320852846438484,4,4,27,13
1527303600,6371.23,6404.245463345142,45.320852846438484,4,4,27,14
1527300000,6396.93,6402.91537910057,45.320852846438484,4,4,27,15
1527296400,6399.38,6402.272582900467,50.97519420438854,4,4,27,16
1527292800,6360.21,6394.624840554927,51.490194489423295,4,4,27,17
1527289200,6349.2,6386.365778635849,43.603652377670386,4,4,27,18
1527285600,6395.07,6387.948364338421,41.67159232579865,4,4,27,19
1527282000,6374.87,6385.570479913253,51.34447685307631,4,4,27,20
1527278400,6374.78,6383.608574474479,47.60080724973546,4,4,27,21
1527274800,6370.13,6381.157924570028,47.584160018553405,4,4,27,22
1527271200,6391.7,6383.074665557295,46.67588907955706,4,4,27,23
1527267600,6410.37,6388.037453637786,51.317880808948566,4,5,28,0
1527264000,6435.27,6396.625189340007,54.97168516644753,4,5,28,1
1527260400,6435.27,6403.651518550914,59.35336029538169,4,5,28,2
1527256800,6436.39,6409.6039697234755,59.35336029538169,4,5,28,3
1527253200,6396.89,6407.292338864661,59.55865046919232,4,5,28,4
1527249600,6395.85,6405.21191361654,49.97260915961982,4,5,28,5
1527246000,6297.11,6385.557020231714,49.74558612378166,4,5,28,6
1527242400,6357.97,6380.541198371402,33.967707628029785,4,5,28,7
1527238800,6342.25,6373.579162303874,45.45182862891352,4,5,28,8
1527235200,6409.28,6380.070223703169,43.35443385439253,4,5,28,9
1527231600,6412.51,6385.968364848048,53.25886309964533,4,5,28,10
