,Prix,ema,rsi,month,weekday,day,hour
1527530400,6210.5,6184.691899971086,46.03944114667583,10,0,8,15
1527526800,6209.22,6189.151554521797,46.039441146675834,10,0,8,16
1527523200,6246.95,6199.660362790561,45.857569476810205,10,0,8,17
1527519600,6234.03,6205.909387737731,51.890488266257634,10,0,8,18
1527516000,6223.13,6209.040408149052,49.84239818860857,10,0,8,19
1527512400,6223.13,6211.602152121952,48.11692648131953,10,0,8,20
1527508800,6204.12,6210.241760827051,48.116926481319524,10,0,8,21
1527505200,6204.84,6209.259622494859,44.96816974633191,10,0,8,22
1527501600,6180.92,6204.10696385943,45.11466804767219,10,0,8,23
1527498000,6195.44,6202.5311522486245,41.191477811141716,10,1,9,0
1527494400,6162.26,6195.209124567056,44.354772472953535,10,1,9,1
1527490800,6163.33,6189.412920100318,39.16981338898888,10,1,9,2
1527487200,6241.98,6198.970570991169,39.41576895617018,10,1,9,3
1527483600,6254.87,6209.134103538228,54.10508848687145,10,1,9,4
1527480000,6301.49,6225.926084713095,55.98850790674171,10,1,9,5
1527476400,6290.51,6237.668614765259,62.053837488007986,10,1,9,6
1527472800,6297.3,6248.510684807939,59.95803450395836,10,1,9,7
1527469200,6291.08,6256.250560297404,60.838858763651054,10,1,9,8
1527465600,6283.5,6261.205003879693,59.54663885801505,10,1,9,9
1527462000,6272.86,6263.324094083386,57.93177574986847,10,1,9,10
1527458400,6269.33,6264.416076977315,55.65036449622896,10,1,9,11
1527454800,6262.95,6264.149517526894,54.878209593276424,10,1,9,12
1527451200,6254.67,6262.42596888564,53.435118152094184,10,1,9,13
1527447600,6290.39,6267.51033817916,51.540856826935766,10,1,9,14
1527444000,6290.39,6271.670276692039,58.39325589106807,10,1,9,15
1527440400,6290.39,6275.073862748031,58.393255891068065,10,1,9,16
1527436800,6290.42,6277.864069521116,58.393255891068065,10,1,9,17
1527433200,6278.01,6277.890602335458,58.39942652933758,4,3,26,2
1527429600,6269.0,6276.274129183556,54.78012641379793,4,3,26,3
1527426000,6267.18,6274.620651150182,52.24834478754409,4,3,26,4
1527422400,6300.24,6279.278714577422,51.72827397434824,4,3,26,5
1527418800,6286.41,6280.575311926981,59.595715290292645,4,3,26,6
1527415200,6282.6,6280.9434370311665,55.51921029746261,4,3,26,7
1527411600,6263.85,6277.835539389136,54.41493206331146,4,3,26,8
1527408000,6286.18,6279.352714045656,49.22586192441651,4,3,26,9
1527404400,6266.94,6277.095856946446,54.75904849759393,4,3,26,10
1527400800,6251.35,6272.414792047091,49.73035314622745,4,3,26,11
1527397200,6279.14,6273.637557129438,46.040845189941436,4,3,26,12
1527393600,6269.1,6272.812546742268,52.76771441316837,4,3,26,13
1527390000,6273.07,6272.859356425492,50.326668877006185,4,3,26,14
1527386400,6250.33,6268.763109802675,51.28629104483386,4,3,26,15
1527382800,6243.11,6264.098908020371,45.825350826308444,4,3,26,16
1527379200,6297.91,6270.246379289394,44.21554844102477,4,3,26,17
1527375600,6292.78,6274.343401236776,56.660177159250125,4,3,26,18
1527372000,6418.4,6300.535510102816,55.41391586432567,4,3,26,19
1527368400,6465.8,6330.583599175032,71.78165811813639,4,3,26,20
1527364800,6471.56,6356.215672052299,75.44467829261751,4,3,26,21
1527361200,6469.7,6376.849186224607,75.85485079129906,4,3,26,22
1527357600,6469.08,6393.61842509286,75.41676020014614,4,3,26,23
1527354000,6455.03,6404.7841659850665,75.26072865296163,4,4,27,0
1527350400,6471.65,6416.941590351417,71.64338350081017,4,4,27,1
1527346800,6451.64,6423.250392105705,73.27946899315887,4,4,27,2
1527343200,6457.17,6429.417593541031,68.17907810729344,4,4,27,3
1527339600,6455.89,6434.230758351752,68.82486935610605,4,4,27,4
1527336000,6461.59,6439.205165924161,68.47844945146436,4,4,27,5
1527332400,6461.59,6443.275135756132,69.22139326068734,4,4,27,6
1527328800,6478.91,6449.754201982289,69.22139326068734,4,4,27,7
1527325200,6469.02,6453.257074349144,71.58180258456053,4,4,27,8
1527321600,6487.16,6459.4212426492995,68.35805415248161,4,4,27,9
1527318000,6379.58,6444.904653076699,70.94290987964463,4,4,27,10
1527314400,6371.23,6431.509261608208,46.6196759671993,4,4,27,11
1527310800,6371.23,6420.5493958612615,45.320852846438484,4,4,27,12
1527307200,6371.23,6411.5822329773955,45.320852846438484,4,4,27,13
1527303600,6371.23,6404.245463345142,45.320852846438484,4,4,27,14
1527300000,6396.93,6402.91537910057,45.320852846438484,4,4,27,15
1527296400,6399.38,6402.272582900467,50.97519420438854,4,4,27,16
1527292800,6360.21,6394.624840554927,51.490194489423295,4,4,27,17
1527289200,6349.2,6386.365778635849,43.603652377670386,4,4,27,18
1527285600,6395.07,6387.948364338421,41.67159232579865,4,4,27,19
1527282000,6374.87,6385.570479913253,51.34447685307631,4,4,27,20
1527278400,6374.78,6383.608574474479,47.60080724973546,4,4,27,21
1527274800,6370.13,6381.157924570028,47.584160018553405,4,4,27,22
1527271200,6391.7,6383.074665557295,46.67588907955706,4,4,27,23
1527267600,6410.37,6388.037453637786,51.317880808948566,4,5,28,0
1527264000,6435.27,6396.625189340007,54.97168516644753,4,5,28,1
1527260400,6435.27,6403.651518550914,59.35336029538169,4,5,28,2
1527256800,6436.39,6409.6039697234755,59.35336029538169,4,5,28,3
1527253200,6396.89,6407.292338864661,59.55865046919232,4,5,28,4
1527249600,6395.85,6405.21191361654,49.97260915961982,4,5,28,5
1527246000,6297.11,6385.557020231714,49.74558612378166,4,5,28,6
1527242400,6357.97,6380.541198371402,33.967707628029785,4,5,28,7
1527238800,6342.25,6373.579162303874,45.45182862891352,4,5,28,8
1527235200,6409.28,6380.070223703169,43.35443385439253,4,5,28,9
1527231600,6412.51,6385.968364848048,53.25886309964533,4,5,28,10
1527228000,6520.0,6410.337753057493,53.67916168580354,4,5,28,11
1527224400,6481.94,6423.3563434106745,64.96848283642902,4,5,28,12
1527220800,6478.23,6433.33337188146,59.44407893026259,4,5,28,13
1527217200,6478.23,6441.496395175739,58.91815654359989,4,5,28,14
1527213600,6459.98,6444.857050598332,58.91815654359989,4,5,28,15
1527210000,6458.18,6447.279405034998,56.08718797332309,4,5,28,16
1527206400,6489.59,6454.972240483179,55.80239252944999,4,5,28,17
1527202800,6467.28,6457.2100149407825,59.652445480395805,4,5,28,18
1527199200,6433.18,6452.840921315185,55.92597388807474,4,5,28,19
1527195600,6476.54,6457.149844712423,50.71144540877266,4,5,28,20
1527192000,6476.54,6460.675327491983,56.29205286661487,4,5,28,21
1527188400,6382.88,6446.53072249344,56.29205286661487,4,5,28,22
1527184800,6382.88,6434.95786385827,43.85340977735954,4,5,28,23
1527181200,6411.89,6430.76370679313,43.85340977735954,4,6,29,0
1527177600,6417.58,6428.366669194379,47.98235876013691,4,6,29,1
1527174000,6412.38,6425.460002068128,48.77800829365045,4,6,29,2
1527170400,6412.38,6423.0818198739225,48.05460262374296,4,6,29,3
1527166800,6405.17,6419.825125351391,48.05460262374296,4,6,29,4
1527163200,6293.14,6396.7914661965915,46.93527178291125,4,6,29,5
1527159600,6263.76,6372.60392688812,33.77199636593582,4,6,29,6
1527156000,6292.8,6358.094121999371,31.29332748124459,4,6,29,7
1527152400,6322.42,6351.607917999485,36.27208520855983,4,6,29,8
1527148800,6451.29,6369.7319329086695,40.97062979704399,4,6,29,9
1527145200,6538.76,6400.464308743457,56.12666875637272,4,6,29,10
1527141600,6572.14,6431.678070790101,63.05952265117931,4,6,29,11
1527138000,6602.76,6462.783876100992,65.3122053106687,4,6,29,12
1527134400,6509.71,6471.315898628083,67.28314185120502,4,6,29,13
1527130800,6473.52,6471.7166443320675,56.733629316478904,4,6,29,14
1527127200,6501.48,6477.128163544418,53.23740041072419,4,6,29,15
1527123600,6477.38,6477.173951990888,55.518138987935274,4,6,29,16
1527120000,6413.4,6465.5786879925445,53.11351876336734,4,6,29,17
1527116400,6497.24,6471.335290175717,47.26119707918081,4,6,29,18
1527112800,6515.39,6479.345237416495,54.35823694721576,4,6,29,19
1527109200,6495.02,6482.19519424986,55.746601908626126,4,6,29,20
1527105600,6502.01,6485.797886204431,53.76973157496482,4,6,29,21
1527102000,6420.23,6473.87645234908,54.36773359886467,4,6,29,22
1527098400,6442.58,6468.18618828561,46.748692423548285,4,6,29,23
1527094800,6608.26,6493.654154051863,48.858055934187576,4,0,30,0
1527091200,6712.32,6533.411580587888,61.145030663724235,4,0,30,1
1527087600,6729.27,6569.022202299181,66.57650801498059,4,0,30,2
1527084000,6721.47,6596.73998369933,67.37647641673775,4,0,30,3
1527080400,6721.47,6619.41816848127,66.58667497242666,4,0,30,4
1527076800,6720.49,6637.794865121039,66.58667497242666,4,0,30,5
1527073200,6706.7,6650.323071462668,66.4731329524219,4,0,30,6
1527069600,6684.23,6656.487967560364,64.79873498163126,4,0,30,7
1527066000,6684.23,6661.53197345848,62.05578248292259,4,0,30,8
1527062400,6710.44,6670.424341920574,62.05578248292258,4,0,30,9
1527058800,6755.9,6685.965370662288,64.11094914914261,4,0,30,10
1527055200,6728.44,6693.688030541871,67.40823376639915,4,0,30,11
1527051600,6724.97,6699.375661352439,63.60674740565297,4,0,30,12
1527048000,6768.34,6711.914632015632,63.12231074374017,4,0,30,13
1527044400,6731.49,6715.473789830972,66.55123959087709,4,0,30,14
1527040800,6723.97,6717.018555316249,61.333025261306005,4,0,30,15
1527037200,6762.28,6725.247908895113,60.294049892656325,4,0,30,16
1527033600,6791.97,6737.379198186911,63.670421352279995,4,0,30,17
1527030000,6770.94,6743.481162152926,66.07788780042523,4,0,30,18
1527026400,6887.24,6769.619132670576,62.89842734595212,4,0,30,19
1527022800,6887.91,6791.126563094107,71.16229119023802,4,0,30,20
1527019200,6948.48,6819.736278895178,71.20208647611805,4,0,30,21
1527015600,6974.65,6847.902410005145,74.61285464069061,4,0,30,22
1527012000,6970.71,6870.231062731482,75.93883954271442,4,0,30,23
1527008400,6986.28,6891.330869507576,75.30115843656453,5,1,1,0
1527004800,6994.58,6910.1034386880165,76.15336291045524,5,1,1,1
1527001200,6983.04,6923.364631653832,76.61654323412309,5,1,1,2
1526997600,6980.92,6933.829244080407,74.45129537589528,5,1,1,3
1526994000,6940.99,6935.131199702151,74.03734276816495,5,1,1,4
1526990400,6997.67,6946.501890665396,66.53376175579761,5,1,1,5
1526986800,6985.38,6953.570637817142,71.02312292315725,5,1,1,6
1526983200,7026.85,6966.894158214024,68.86593095469965,5,1,1,7
1526979600,7025.42,6977.535220356929,71.9606665578242,5,1,1,8
1526976000,7043.94,6989.608816655669,71.69601808716348,5,1,1,9
1526972400,7053.65,7001.2526681728195,73.07699788304086,5,1,1,10
1526968800,7054.1,7010.861273959579,73.79880929786475,5,1,1,11
1526965200,7037.58,7015.719224148746,73.83382142756318,5,1,1,12
1526961600,7064.07,7024.5102743035195,70.12891832962794,5,1,1,13
1526958000,7051.85,7029.481133521062,72.51090106623545,5,1,1,14
1526954400,7054.69,7034.064563789959,69.74782855222985,5,1,1,15
1526950800,7127.64,7051.078279464511,70.03362381471038,5,1,1,16
1526947200,7125.86,7064.674955925508,76.24224895378646,5,1,1,17
1526943600,7115.16,7073.854054848142,75.82941226013412,5,1,1,18
1526940000,7145.21,7086.8278630575705,73.26134759948533,5,1,1,19
1526936400,7122.0,7093.222797047103,75.74564391869137,5,1,1,20
1526932800,7121.93,7098.442288493085,70.3117966969314,5,1,1,21
1526929200,7125.27,7103.320054221615,70.29541781089186,5,1,1,22
