,Prix,ema,rsi,month,weekday,day,hour
1527260400,6435.27,6403.651518550914,59.35336029538169,4,5,28,2
1527256800,6436.39,6409.6039697234755,59.35336029538169,4,5,28,3
1527253200,6396.89,6407.292338864661,59.55865046919232,4,5,28,4
1527249600,6395.85,6405.21191361654,49.97260915961982,4,5,28,5
1527246000,6297.11,6385.557020231714,49.74558612378166,4,5,28,6
1527242400,6357.97,6380.541198371402,33.967707628029785,4,5,28,7
1527238800,6342.25,6373.579162303874,45.45182862891352,4,5,28,8
1527235200,6409.28,6380.070223703169,43.35443385439253,4,5,28,9
1527231600,6412.51,6385.968364848048,53.25886309964533,4,5,28,10
1527228000,6520.0,6410.337753057493,53.67916168580354,4,5,28,11
1527224400,6481.94,6423.3563434106745,64.96848283642902,4,5,28,12
1527220800,6478.23,6433.33337188146,59.44407893026259,4,5,28,13
1527217200,6478.23,6441.496395175739,58.91815654359989,4,5,28,14
1527213600,6459.98,6444.857050598332,58.91815654359989,4,5,28,15
1527210000,6458.18,6447.279405034998,56.08718797332309,4,5,28,16
1527206400,6489.59,6454.972240483179,55.80239252944999,4,5,28,17
1527202800,6467.28,6457.2100149407825,59.652445480395805,4,5,28,18
1527199200,6433.18,6452.840921315185,55.92597388807474,4,5,28,19
1527195600,6476.54,6457.149844712423,50.71144540877266,4,5,28,20
1527192000,6476.54,6460.675327491983,56.29205286661487,4,5,28,21
1527188400,6382.88,6446.53072249344,56.29205286661487,4,5,28,22
1527184800,6382.88,6434.95786385827,43.85340977735954,4,5,28,23
1527181200,6411.89,6430.76370679313,43.85340977735954,4,6,29,0
1527177600,6417.58,6428.366669194379,47.98235876013691,4,6,29,1
1527174000,6412.38,6425.460002068128,48.77800829365045,4,6,29,2
1527170400,6412.38,6423.0818198739225,48.05460262374296,4,6,29,3
1527166800,6405.17,6419.825125351391,48.05460262374296,4,6,29,4
1527163200,6293.14,6396.7914661965915,46.93527178291125,4,6,29,5
1527159600,6263.76,6372.60392688812,33.77199636593582,4,6,29,6
1527156000,6292.8,6358.094121999371,31.29332748124459,4,6,29,7
1527152400,6322.42,6351.607917999485,36.27208520855983,4,6,29,8
1527148800,6451.29,6369.7319329086695,40.97062979704399,4,6,29,9
1527145200,6538.76,6400.464308743457,56.12666875637272,4,6,29,10
1527141600,6572.14,6431.678070790101,63.05952265117931,4,6,29,11
1527138000,6602.76,6462.783876100992,65.3122053106687,4,6,29,12
1527134400,6509.71,6471.315898628083,67.28314185120502,4,6,29,13
1527130800,6473.52,6471.7166443320675,56.733629316478904,4,6,29,14
1527127200,6501.48,6477.128163544418,53.23740041072419,4,6,29,15
1527123600,6477.38,6477.173951990888,55.518138987935274,4,6,29,16
1527120000,6413.4,6465.5786879925445,53.11351876336734,4,6,29,17
1527116400,6497.24,6471.335290175717,47.26119707918081,4,6,29,18
1527112800,6515.39,6479.345237416495,54.35823694721576,4,6,29,19
1527109200,6495.02,6482.19519424986,55.746601908626126,4,6,29,20
1527105600,6502.01,6485.797886204431,53.76973157496482,4,6,29,21
1527102000,6420.23,6473.87645234908,54.36773359886467,4,6,29,22
1527098400,6442.58,6468.18618828561,46.748692423548285,4,6,29,23
1527094800,6608.26,6493.654154051863,48.858055934187576,4,0,30,0
1527091200,6712.32,6533.411580587888,61.145030663724235,4,0,30,1
1527087600,6729.27,6569.022202299181,66.57650801498059,4,0,30,2
1527084000,6721.47,6596.73998369933,67.37647641673775,4,0,30,3
1527080400,6721.47,6619.41816848127,66.58667497242666,4,0,30,4
1527076800,6720.49,6637.794865121039,66.58667497242666,4,0,30,5
1527073200,6706.7,6650.323071462668,66.4731329524219,4,0,30,6
1527069600,6684.23,6656.487967560364,64.79873498163126,4,0,30,7
1527066000,6684.23,6661.53197345848,62.05578248292259,4,0,30,8
1527062400,6710.44,6670.424341920574,62.05578248292258,4,0,30,9
1527058800,6755.9,6685.965370662288,64.11094914914261,4,0,30,10
1527055200,6728.44,6693.688030541871,67.40823376639915,4,0,30,11
1527051600,6724.97,6699.375661352439,63.60674740565297,4,0,30,12
1527048000,6768.34,6711.914632015632,63.12231074374017,4,0,30,13
1527044400,6731.49,6715.473789830972,66.55123959087709,4,0,30,14
1527040800,6723.97,6717.018555316249,61.333025261306005,4,0,30,15
1527037200,6762.28,6725.247908895113,60.294049892656325,4,0,30,16
1527033600,6791.97,6737.379198186911,63.670421352279995,4,0,30,17
1527030000,6770.94,6743.481162152926,66.07788780042523,4,0,30,18
1527026400,6887.24,6769.619132670576,62.89842734595212,4,0,30,19
1527022800,6887.91,6791.126563094107,71.16229119023802,4,0,30,20
1527019200,6948.48,6819.736278895178,71.20208647611805,4,0,30,21
1527015600,6974.65,6847.902410005145,74.61285464069061,4,0,30,22
1527012000,6970.71,6870.231062731482,75.93883954271442,4,0,30,23
1527008400,6986.28,6891.330869507576,75.30115843656453,5,1,1,0
1527004800,6994.58,6910.1034386880165,76.15336291045524,5,1,1,1
1527001200,6983.04,6923.364631653832,76.61654323412309,5,1,1,2
1526997600,6980.92,6933.829244080407,74.45129537589528,5,1,1,3
1526994000,6940.99,6935.131199702151,74.03734276816495,5,1,1,4
1526990400,6997.67,6946.501890665396,66.53376175579761,5,1,1,5
1526986800,6985.38,6953.570637817142,71.02312292315725,5,1,1,6
1526983200,7026.85,6966.894158214024,68.86593095469965,5,1,1,7
1526979600,7025.42,6977.535220356929,71.9606665578242,5,1,1,8
1526976000,7043.94,6989.608816655669,71.69601808716348,5,1,1,9
1526972400,7053.65,7001.2526681728195,73.07699788304086,5,1,1,10
1526968800,7054.1,7010.861273959579,73.79880929786475,5,1,1,11
1526965200,7037.58,7015.719224148746,73.83382142756318,5,1,1,12
1526961600,7064.07,7024.5102743035195,70.12891832962794,5,1,1,13
1526958000,7051.85,7029.481133521062,72.51090106623545,5,1,1,14
1526954400,7054.69,7034.064563789959,69.74782855222985,5,1,1,15
1526950800,7127.64,7051.078279464511,70.03362381471038,5,1,1,16
1526947200,7125.86,7064.674955925508,76.24224895378646,5,1,1,17
1526943600,7115.16,7073.854054848142,75.82941226013412,5,1,1,18
1526940000,7145.21,7086.8278630575705,73.26134759948533,5,1,1,19
1526936400,7122.0,7093.222797047103,75.74564391869137,5,1,1,20
1526932800,7121.93,7098.442288493085,70.3117966969314,5,1,1,21
1526929200,7125.27,7103.320054221615,70.29541781089186,5,1,1,22
1526925600,7125.85,7107.416407999503,70.6467720061635,5,1,1,23
1526922000,7135.3,7112.486151999592,70.7115584539937,5,2,2,0
1526918400,7156.06,7120.408669817847,71.80353052856559,5,2,2,1
1526914800,7154.85,7126.670729850966,74.0890205176877,5,2,2,2
1526911200,7208.02,7141.4615062417,73.71398088851394,5,2,2,3
1526907600,7208.02,7153.563050561391,78.79383666964628,5,2,2,4
1526904000,7208.02,7163.464314095683,78.79383666964628,5,2,2,5
1526900400,7212.0,7172.2889842601035,78.79383666964628,5,2,2,6
1526896800,7222.25,7181.372805303721,79.17017856873775,5,2,2,7
1526893200,7255.37,7194.826840703045,80.14733642877363,5,2,2,8
1526889600,7273.28,7209.091051484309,82.93332454098376,5,2,2,9
1526886000,7228.16,7212.558133032616,84.2227101570938,5,2,2,10
1526882400,7235.23,7216.680290663049,69.89605673875973,5,2,2,11
1526878800,7239.34,7220.800237815221,70.73606446420408,5,2,2,12
1526875200,7225.71,7221.692921848817,71.23849791786245,5,2,2,13
1526871600,7239.73,7224.972390603577,67.12270081445406,5,2,2,14
1526868000,7234.33,7226.6737741301995,69.10026590435783,5,2,2,15
1526864400,7234.33,7228.065815197436,67.41820291717642,5,2,2,16
1526860800,7233.78,7229.10475788881,67.41820291717642,5,2,2,17
1526857200,7225.33,7228.418438272663,67.22490328907531,5,2,2,18
1526853600,7237.39,7230.049631313996,64.18027603918503,5,2,2,19
1526850000,7230.76,7230.1787892569055,66.51145444874703,5,2,2,20
1526846400,7214.73,7227.369918482922,64.04381679816483,5,2,2,21
1526842800,7225.05,7226.94811512239,58.40201941925254,5,2,2,22
1526839200,7216.57,7225.061185100136,60.79642028661677,5,2,2,23
1526835600,7108.96,7203.951878718293,57.849779734734135,5,3,3,0
1526832000,7112.07,7187.246082587693,34.79990167757926,5,3,3,1
1526828400,7084.06,7168.484976662658,35.59854895612848,5,3,3,2
1526824800,7074.12,7151.327708178537,31.81829425239856,5,3,3,3
1526821200,7068.08,7136.191761236984,30.577365657339556,5,3,3,4
1526817600,7087.79,7127.391441012078,29.816408056437695,5,3,3,5
1526814000,7095.96,7121.676633555336,35.4608140564376,5,3,3,6
1526810400,7090.78,7116.059063818001,37.69751608131522,5,3,3,7
1526806800,7045.96,7103.313779487455,36.82608590225783,5,3,3,8
1526803200,7024.91,7089.058546853372,30.299548961240802,5,3,3,9
1526799600,7014.57,7075.515174698213,27.806986258301492,5,3,3,10
1526796000,7018.33,7065.117870207629,26.64736204988658,5,3,3,11
1526792400,7016.83,7056.338257442604,27.826041911675063,5,3,3,12
1526788800,7015.51,7048.914937907584,27.635262363359544,5,3,3,13
1526785200,7032.62,7045.952221924387,27.456860815132103,5,3,3,14
1526781600,6984.2,7034.724545210862,33.453665794074794,5,3,3,15
1526778000,6969.7,7022.901900627068,26.721635334369537,5,3,3,16
1526774400,6997.04,7018.1997368766915,25.09314440202722,5,3,3,17
1526770800,6985.45,7012.245239262747,33.34193376202366,5,3,3,18
1526767200,7012.01,7012.2024684877015,31.745956594181095,5,3,3,19
1526763600,7041.69,7017.563837853574,38.95704406188759,5,3,3,20
1526760000,7062.77,7025.783140062015,45.84276435160303,5,3,3,21
1526756400,7063.86,7032.706205505285,50.144268146250745,5,3,3,22
1526752800,7066.53,7038.855986322505,50.36380270646095,5,3,3,23
1526749200,7066.53,7043.887625172958,50.93375703299969,5,4,4,0
1526745600,7063.08,7047.377147868783,50.93375703299969,5,4,4,1
1526742000,7065.94,7050.752211892641,50.072138771046156,5,4,4,2
1526738400,7058.62,7052.182718821252,50.81494235265258,5,4,4,3
1526734800,7081.93,7057.591315399206,48.81324489935255,5,4,4,4
1526731200,7105.32,7066.269258053895,54.90510912821114,5,4,4,5
1526727600,7008.66,7055.794847498641,60.04376785456846,5,4,4,6
1526724000,6979.39,7041.903057044341,39.83967132466326,5,4,4,7
1526720400,6992.8,7032.9752284908245,35.900273262648255,5,4,4,8
1526716800,6960.43,7019.785186947038,38.882040281623944,5,4,4,9
1526713200,6996.85,7015.615152956667,34.687458946164554,5,4,4,10
1526709600,7005.43,7013.763306964545,42.237779337063095,5,4,4,11
1526706000,7011.78,7013.402705698264,43.88362990134052,5,4,4,12
1526702400,7009.56,7012.7040319349435,45.12973506978649,5,4,4,13
1526698800,6978.19,7006.4287534013165,44.75555896931312,5,4,4,14
1526695200,6972.62,7000.2817073283495,39.741353335555644,5,4,4,15
1526691600,7005.08,7001.15412417774,38.90783044820906,5,4,4,16
1526688000,7006.31,7002.091556145424,46.01397781534575,5,4,4,17
1526684400,6985.72,6999.114909573528,46.269021567855624,5,4,4,18
1526680800,7001.06,6999.468562378341,42.63771279213505,5,4,4,19
1526677200,7002.07,6999.9415510368235,46.035783678613214,5,4,4,20
1526673600,7001.3,7000.1885417574,46.261504786599005,5,4,4,21
1526670000,6986.86,6997.765170528782,46.10317916275389,5,4,4,22
1526666400,6890.13,6978.195139523548,43.12262002152287,5,4,4,23
1526662800,6903.22,6964.563295973811,29.407412983580244,5,5,5,0
1526659200,6876.99,6948.640878524027,32.53451477710185,5,5,5,1
