,Prix,ema,rsi,month,weekday,day,hour
1527058800,6755.9,6685.965370662288,64.11094914914261,4,0,30,10
1527055200,6728.44,6693.688030541871,67.40823376639915,4,0,30,11
1527051600,6724.97,6699.375661352439,63.60674740565297,4,0,30,12
1527048000,6768.34,6711.914632015632,63.12231074374017,4,0,30,13
1527044400,6731.49,6715.473789830972,66.55123959087709,4,0,30,14
1527040800,6723.97,6717.018555316249,61.333025261306005,4,0,30,15
1527037200,6762.28,6725.247908895113,60.294049892656325,4,0,30,16
1527033600,6791.97,6737.379198186911,63.670421352279995,4,0,30,17
1527030000,6770.94,6743.481162152926,66.07788780042523,4,0,30,18
1527026400,6887.24,6769.619132670576,62.89842734595212,4,0,30,19
1527022800,6887.91,6791.126563094107,71.16229119023802,4,0,30,20
1527019200,6948.48,6819.736278895178,71.20208647611805,4,0,30,21
1527015600,6974.65,6847.902410005145,74.61285464069061,4,0,30,22
1527012000,6970.71,6870.231062731482,75.93883954271442,4,0,30,23
1527008400,6986.28,6891.330869507576,75.30115843656453,5,1,1,0
1527004800,6994.58,6910.1034386880165,76.15336291045524,5,1,1,1
1527001200,6983.04,6923.364631653832,76.61654323412309,5,1,1,2
1526997600,6980.92,6933.829244080407,74.45129537589528,5,1,1,3
1526994000,6940.99,6935.131199702151,74.03734276816495,5,1,1,4
1526990400,6997.67,6946.501890665396,66.53376175579761,5,1,1,5
1526986800,6985.38,6953.570637817142,71.02312292315725,5,1,1,6
1526983200,7026.85,6966.894158214024,68.86593095469965,5,1,1,7
1526979600,7025.42,6977.535220356929,71.9606665578242,5,1,1,8
1526976000,7043.94,6989.608816655669,71.69601808716348,5,1,1,9
1526972400,7053.65,7001.2526681728195,73.07699788304086,5,1,1,10
1526968800,7054.1,7010.861273959579,73.79880929786475,5,1,1,11
1526965200,7037.58,7015.719224148746,73.83382142756318,5,1,1,12
1526961600,7064.07,7024.5102743035195,70.12891832962794,5,1,1,13
1526958000,7051.85,7029.481133521062,72.51090106623545,5,1,1,14
1526954400,7054.69,7034.064563789959,69.74782855222985,5,1,1,15
1526950800,7127.64,7051.078279464511,70.03362381471038,5,1,1,16
1526947200,7125.86,7064.674955925508,76.24224895378646,5,1,1,17
1526943600,7115.16,7073.854054848142,75.82941226013412,5,1,1,18
1526940000,7145.21,7086.8278630575705,73.26134759948533,5,1,1,19
1526936400,7122.0,7093.222797047103,75.74564391869137,5,1,1,20
1526932800,7121.93,7098.442288493085,70.3117966969314,5,1,1,21
1526929200,7125.27,7103.320054221615,70.29541781089186,5,1,1,22
1526925600,7125.85,7107.416407999503,70.6467720061635,5,1,1,23
1526922000,7135.3,7112.486151999592,70.7115584539937,5,2,2,0
1526918400,7156.06,7120.408669817847,71.80353052856559,5,2,2,1
1526914800,7154.85,7126.670729850966,74.0890205176877,5,2,2,2
1526911200,7208.02,7141.4615062417,73.71398088851394,5,2,2,3
1526907600,7208.02,7153.563050561391,78.79383666964628,5,2,2,4
1526904000,7208.02,7163.464314095683,78.79383666964628,5,2,2,5
1526900400,7212.0,7172.2889842601035,78.79383666964628,5,2,2,6
1526896800,7222.25,7181.372805303721,79.17017856873775,5,2,2,7
1526893200,7255.37,7194.826840703045,80.14733642877363,5,2,2,8
1526889600,7273.28,7209.091051484309,82.93332454098376,5,2,2,9
1526886000,7228.16,7212.558133032616,84.2227101570938,5,2,2,10
1526882400,7235.23,7216.680290663049,69.89605673875973,5,2,2,11
1526878800,7239.34,7220.800237815221,70.73606446420408,5,2,2,12
1526875200,7225.71,7221.692921848817,71.23849791786245,5,2,2,13
1526871600,7239.73,7224.972390603577,67.12270081445406,5,2,2,14
1526868000,7234.33,7226.6737741301995,69.10026590435783,5,2,2,15
1526864400,7234.33,7228.065815197436,67.41820291717642,5,2,2,16
1526860800,7233.78,7229.10475788881,67.41820291717642,5,2,2,17
1526857200,7225.33,7228.418438272663,67.22490328907531,5,2,2,18
1526853600,7237.39,7230.049631313996,64.18027603918503,5,2,2,19
1526850000,7230.76,7230.1787892569055,66.51145444874703,5,2,2,20
1526846400,7214.73,7227.369918482922,64.04381679816483,5,2,2,21
1526842800,7225.05,7226.94811512239,58.40201941925254,5,2,2,22
1526839200,7216.57,7225.061185100136,60.79642028661677,5,2,2,23
1526835600,7108.96,7203.951878718293,57.849779734734135,5,3,3,0
1526832000,7112.07,7187.246082587693,34.79990167757926,5,3,3,1
1526828400,7084.06,7168.484976662658,35.59854895612848,5,3,3,2
1526824800,7074.12,7151.327708178537,31.81829425239856,5,3,3,3
1526821200,7068.08,7136.191761236984,30.577365657339556,5,3,3,4
1526817600,7087.79,7127.391441012078,29.816408056437695,5,3,3,5
1526814000,7095.96,7121.676633555336,35.4608140564376,5,3,3,6
1526810400,7090.78,7116.059063818001,37.69751608131522,5,3,3,7
1526806800,7045.96,7103.313779487455,36.82608590225783,5,3,3,8
1526803200,7024.91,7089.058546853372,30.299548961240802,5,3,3,9
1526799600,7014.57,7075.515174698213,27.806986258301492,5,3,3,10
1526796000,7018.33,7065.117870207629,26.64736204988658,5,3,3,11
1526792400,7016.83,7056.338257442604,27.826041911675063,5,3,3,12
1526788800,7015.51,7048.914937907584,27.635262363359544,5,3,3,13
1526785200,7032.62,7045.952221924387,27.456860815132103,5,3,3,14
1526781600,6984.2,7034.724545210862,33.453665794074794,5,3,3,15
1526778000,6969.7,7022.901900627068,26.721635334369537,5,3,3,16
1526774400,6997.04,7018.1997368766915,25.09314440202722,5,3,3,17
1526770800,6985.45,7012.245239262747,33.34193376202366,5,3,3,18
1526767200,7012.01,7012.2024684877015,31.745956594181095,5,3,3,19
1526763600,7041.69,7017.563837853574,38.95704406188759,5,3,3,20
1526760000,7062.77,7025.783140062015,45.84276435160303,5,3,3,21
1526756400,7063.86,7032.706205505285,50.144268146250745,5,3,3,22
1526752800,7066.53,7038.855986322505,50.36380270646095,5,3,3,23
1526749200,7066.53,7043.887625172958,50.93375703299969,5,4,4,0
1526745600,7063.08,7047.377147868783,50.93375703299969,5,4,4,1
1526742000,7065.94,7050.752211892641,50.072138771046156,5,4,4,2
1526738400,7058.62,7052.182718821252,50.81494235265258,5,4,4,3
1526734800,7081.93,7057.591315399206,48.81324489935255,5,4,4,4
1526731200,7105.32,7066.269258053895,54.90510912821114,5,4,4,5
1526727600,7008.66,7055.794847498641,60.04376785456846,5,4,4,6
1526724000,6979.39,7041.903057044341,39.83967132466326,5,4,4,7
1526720400,6992.8,7032.9752284908245,35.900273262648255,5,4,4,8
1526716800,6960.43,7019.785186947038,38.882040281623944,5,4,4,9
1526713200,6996.85,7015.615152956667,34.687458946164554,5,4,4,10
1526709600,7005.43,7013.763306964545,42.237779337063095,5,4,4,11
1526706000,7011.78,7013.402705698264,43.88362990134052,5,4,4,12
1526702400,7009.56,7012.7040319349435,45.12973506978649,5,4,4,13
1526698800,6978.19,7006.4287534013165,44.75555896931312,5,4,4,14
1526695200,6972.62,7000.2817073283495,39.741353335555644,5,4,4,15
1526691600,7005.08,7001.15412417774,38.90783044820906,5,4,4,16
1526688000,7006.31,7002.091556145424,46.01397781534575,5,4,4,17
1526684400,6985.72,6999.114909573528,46.269021567855624,5,4,4,18
1526680800,7001.06,6999.468562378341,42.63771279213505,5,4,4,19
1526677200,7002.07,6999.9415510368235,46.035783678613214,5,4,4,20
1526673600,7001.3,7000.1885417574,46.261504786599005,5,4,4,21
1526670000,6986.86,6997.765170528782,46.10317916275389,5,4,4,22
1526666400,6890.13,6978.195139523548,43.12262002152287,5,4,4,23
1526662800,6903.22,6964.563295973811,29.407412983580244,5,5,5,0
1526659200,6876.99,6948.640878524027,32.53451477710185,5,5,5,1
1526655600,6876.84,6935.586173337841,29.69580286793888,5,5,5,2
1526652000,6902.01,6929.481414549142,29.679854494179352,5,5,5,3
1526648400,6893.72,6922.979339176571,35.90072408189542,5,5,5,4
1526644800,6911.28,6920.8521865990115,34.80849781633083,5,5,5,5
1526641200,6911.96,6919.235425399191,39.039220729335526,5,5,5,6
1526637600,6887.59,6913.481711690247,39.20375993632412,5,5,5,7
1526634000,6876.27,6906.715945928384,35.50512678878155,5,5,5,8
1526630400,6857.36,6897.7421375777685,33.90500538286372,5,5,5,9
1526626800,6768.51,6874.245385290901,31.362280963806924,5,5,5,10
1526623200,6828.51,6865.929860692555,22.73489805198021,5,5,5,11
1526619600,6812.57,6856.228067839363,35.61537895808037,5,5,5,12
1526616000,6780.69,6842.493873686751,33.994042105426644,5,5,5,13
1526612400,6782.82,6831.644078470978,30.95853811365815,5,5,5,14
1526608800,6759.85,6818.590609658073,31.399298475893403,5,5,5,15
1526605200,6758.28,6807.625044265696,29.232007283433106,5,5,5,16
1526601600,6848.87,6815.124127126478,29.084239968867763,5,5,5,17
1526598000,6856.96,6822.730649467118,46.03523876611528,5,5,5,18
1526594400,6917.56,6839.9723495640055,47.24791565480651,5,5,5,19
1526590800,6975.98,6864.70101327964,55.34318608804263,5,5,5,20
1526587200,6955.7,6881.2462835924325,61.48010571753966,5,5,5,21
1526583600,6942.38,6892.361504757444,58.47589323058687,5,5,5,22
1526580000,7013.66,6914.415776619726,56.522288334491314,5,5,5,23
1526576400,7026.28,6934.754726325229,63.541750435616194,5,6,6,0
1526572800,7049.4,6955.5993215388235,64.63053509286044,5,6,6,1
1526569200,7060.13,6974.604899440855,66.59853405434319,5,6,6,2
1526565600,7047.24,6987.811281360699,67.50227895006905,5,6,6,3
1526562000,7025.09,6994.5892302042075,65.21933842495265,5,6,6,4
1526558400,7046.0,7003.936642894351,61.37790160011061,5,6,6,5
1526554800,7047.61,7011.877253277196,63.55993519379506,5,6,6,6
1526551200,7027.18,7014.65957086316,63.72985008578099,5,6,6,7
1526547600,7001.66,7012.2960125244035,59.91221136577139,5,6,6,8
1526544000,6988.95,7008.051282974511,55.44428788552379,5,6,6,9
1526540400,7075.36,7020.289231524599,53.31190993841086,5,6,6,10
1526536800,7053.86,7026.3930076110355,63.57005850021946,5,6,6,11
1526533200,7051.25,7030.912460772664,60.035538641844745,5,6,6,12
1526529600,7051.78,7034.706558813998,59.602299624494485,5,6,6,13
1526526000,7072.01,7041.489002665998,59.6659514718673,5,6,6,14
1526522400,7081.59,7048.780093090361,62.11939450137701,5,6,6,15
1526518800,7075.43,7053.625530710296,63.25913975332171,5,6,6,16
1526515200,7063.92,7055.497252399333,61.96804370541641,5,6,6,17
1526511600,7022.07,7049.419570144908,59.52347178516195,5,6,6,18
1526508000,7025.08,7044.994193754924,51.55920074600424,5,6,6,19
1526504400,7038.73,7043.855249435846,52.0560756628647,5,6,6,20
1526500800,7004.78,7036.7506586293275,54.34321156671203,5,6,6,21
1526497200,7025.14,7034.639629787631,48.186163390277144,5,6,6,22
1526493600,7032.48,7034.246969826243,51.719019965478246,5,6,6,23
1526490000,7012.3,7030.256611676016,52.96414305224631,5,0,7,0
1526486400,7038.42,7031.740864098559,49.20687822053485,5,0,7,1
1526482800,6983.6,7022.987979717002,53.7775449943788,5,0,7,2
1526479200,6928.47,7005.802892495729,44.68845268738862,5,0,7,3
1526475600,7108.36,7024.449639314687,37.774156739223436,5,0,7,4
1526472000,7118.05,7041.4678867120165,59.69035867008027,5,0,7,5
1526468400,7114.2,7054.691907309831,60.49744706910293,5,0,7,6
1526464800,6969.06,7039.122469617134,59.98356193052137,5,0,7,7
1526461200,6956.45,7024.091111504927,44.602158603951914,5,0,7,8
1526457600,6944.66,7009.649091231304,43.55711252054864,5,0,7,9
