,Prix,ema,rsi,month,weekday,day,hour
1526670000,6986.86,6997.765170528782,46.10317916275389,5,4,4,22
1526666400,6890.13,6978.195139523548,43.12262002152287,5,4,4,23
1526662800,6903.22,6964.563295973811,29.407412983580244,5,5,5,0
1526659200,6876.99,6948.640878524027,32.53451477710185,5,5,5,1
1526655600,6876.84,6935.586173337841,29.69580286793888,5,5,5,2
1526652000,6902.01,6929.481414549142,29.679854494179352,5,5,5,3
1526648400,6893.72,6922.979339176571,35.90072408189542,5,5,5,4
1526644800,6911.28,6920.8521865990115,34.80849781633083,5,5,5,5
1526641200,6911.96,6919.235425399191,39.039220729335526,5,5,5,6
1526637600,6887.59,6913.481711690247,39.20375993632412,5,5,5,7
1526634000,6876.27,6906.715945928384,35.50512678878155,5,5,5,8
1526630400,6857.36,6897.7421375777685,33.90500538286372,5,5,5,9
1526626800,6768.51,6874.245385290901,31.362280963806924,5,5,5,10
1526623200,6828.51,6865.929860692555,22.73489805198021,5,5,5,11
1526619600,6812.57,6856.228067839363,35.61537895808037,5,5,5,12
1526616000,6780.69,6842.493873686751,33.994042105426644,5,5,5,13
1526612400,6782.82,6831.644078470978,30.95853811365815,5,5,5,14
1526608800,6759.85,6818.590609658073,31.399298475893403,5,5,5,15
1526605200,6758.28,6807.625044265696,29.232007283433106,5,5,5,16
1526601600,6848.87,6815.124127126478,29.084239968867763,5,5,5,17
1526598000,6856.96,6822.730649467118,46.03523876611528,5,5,5,18
1526594400,6917.56,6839.9723495640055,47.24791565480651,5,5,5,19
1526590800,6975.98,6864.70101327964,55.34318608804263,5,5,5,20
1526587200,6955.7,6881.2462835924325,61.48010571753966,5,5,5,21
1526583600,6942.38,6892.361504757444,58.47589323058687,5,5,5,22
1526580000,7013.66,6914.415776619726,56.522288334491314,5,5,5,23
1526576400,7026.28,6934.754726325229,63.541750435616194,5,6,6,0
1526572800,7049.4,6955.5993215388235,64.63053509286044,5,6,6,1
1526569200,7060.13,6974.604899440855,66.59853405434319,5,6,6,2
1526565600,7047.24,6987.811281360699,67.50227895006905,5,6,6,3
1526562000,7025.09,6994.5892302042075,65.21933842495265,5,6,6,4
1526558400,7046.0,7003.936642894351,61.37790160011061,5,6,6,5
1526554800,7047.61,7011.877253277196,63.55993519379506,5,6,6,6
1526551200,7027.18,7014.65957086316,63.72985008578099,5,6,6,7
1526547600,7001.66,7012.2960125244035,59.91221136577139,5,6,6,8
1526544000,6988.95,7008.051282974511,55.44428788552379,5,6,6,9
1526540400,7075.36,7020.289231524599,53.31190993841086,5,6,6,10
1526536800,7053.86,7026.3930076110355,63.57005850021946,5,6,6,11
1526533200,7051.25,7030.912460772664,60.035538641844745,5,6,6,12
1526529600,7051.78,7034.706558813998,59.602299624494485,5,6,6,13
1526526000,7072.01,7041.489002665998,59.6659514718673,5,6,6,14
1526522400,7081.59,7048.780093090361,62.11939450137701,5,6,6,15
1526518800,7075.43,7053.625530710296,63.25913975332171,5,6,6,16
1526515200,7063.92,7055.497252399333,61.96804370541641,5,6,6,17
1526511600,7022.07,7049.419570144908,59.52347178516195,5,6,6,18
1526508000,7025.08,7044.994193754924,51.55920074600424,5,6,6,19
1526504400,7038.73,7043.855249435846,52.0560756628647,5,6,6,20
1526500800,7004.78,7036.7506586293275,54.34321156671203,5,6,6,21
1526497200,7025.14,7034.639629787631,48.186163390277144,5,6,6,22
1526493600,7032.48,7034.246969826243,51.719019965478246,5,6,6,23
1526490000,7012.3,7030.256611676016,52.96414305224631,5,0,7,0
1526486400,7038.42,7031.740864098559,49.20687822053485,5,0,7,1
1526482800,6983.6,7022.987979717002,53.7775449943788,5,0,7,2
1526479200,6928.47,7005.802892495729,44.68845268738862,5,0,7,3
1526475600,7108.36,7024.449639314687,37.774156739223436,5,0,7,4
1526472000,7118.05,7041.4678867120165,59.69035867008027,5,0,7,5
1526468400,7114.2,7054.691907309831,60.49744706910293,5,0,7,6
1526464800,6969.06,7039.122469617134,59.98356193052137,5,0,7,7
1526461200,6956.45,7024.091111504927,44.602158603951914,5,0,7,8
1526457600,6944.66,7009.649091231304,43.55711252054864,5,0,7,9
1526454000,6968.39,7002.147438280157,42.5532015355374,5,0,7,10
1526450400,6945.86,6991.913358592856,45.2865730160115,5,0,7,11
1526446800,6960.81,6986.2582024850635,43.18560254346083,5,0,7,12
1526443200,6900.56,6970.6767111241425,45.008697062614544,5,0,7,13
1526439600,6906.19,6958.951854556116,39.50668084470714,5,0,7,14
1526436000,7048.84,6975.295153727731,40.24180204034522,5,0,7,15
1526432400,7156.27,7008.1996712317805,55.12262735199635,5,0,7,16
1526428800,7173.58,7038.26882191691,62.6632111801062,5,0,7,17
1526425200,7163.02,7060.950854295654,63.72097647525275,5,0,7,18
1526421600,7179.11,7082.434335332808,62.55664317022361,5,0,7,19
1526418000,7214.65,7106.473547090478,63.646618141643756,5,0,7,20
1526414400,7234.71,7129.7892658013,66.0008836569298,5,0,7,21
1526410800,7200.46,7142.638490201063,67.28856501285102,5,0,7,22
1526407200,7216.5,7156.067855619051,62.90770901490248,5,0,7,23
1526403600,7207.35,7165.391881870132,64.08693924200023,5,1,8,0
1526400000,7195.85,7170.929721530108,62.85925803250384,5,1,8,1
1526396400,7198.95,7176.024317615542,61.27060278739515,5,1,8,2
1526392800,7386.4,7214.274441685443,61.55268452397785,5,1,8,3
1526389200,7394.81,7247.099088651726,73.92144518466372,5,1,8,4
1526385600,7366.87,7268.8756179877755,74.32059900297632,5,1,8,5
1526382000,7379.4,7288.970960171816,70.46202379482503,5,1,8,6
1526378400,7307.41,7292.323512867849,71.18454825366143,5,1,8,7
1526374800,7322.9,7297.882874164603,61.82711786717525,5,1,8,8
1526371200,7334.46,7304.533260680129,62.95550588942669,5,1,8,9
1526367600,7338.98,7310.796304192832,63.815155221062135,5,1,8,10
1526364000,7313.22,7311.236976157772,64.16531522151449,5,1,8,11
1526360400,7288.57,7307.11570776545,60.568026073494785,5,1,8,12
1526356800,7294.22,7304.771033626276,57.25990506478602,5,1,8,13
1526353200,7270.07,7298.461754785134,57.82846155237745,5,1,8,14
1526349600,7298.3,7298.4323448242,54.491723950339114,5,1,8,15
1526346000,7296.07,7298.002827583437,57.57346674694156,5,1,8,16
1526342400,7264.41,7291.895040750083,57.24369583941468,5,1,8,17
1526338800,7224.73,7279.683215159159,52.63424598120708,5,1,8,18
1526335200,7311.94,7285.54808513022,47.47451131690659,5,1,8,19
1526331600,7392.02,7304.9066151065435,57.366604385591,5,1,8,20
1526328000,7324.41,7308.452685087172,64.05989776803355,5,1,8,21
1526324400,7308.52,7308.464924162231,56.05790176096918,5,1,8,22
1526320800,7306.05,7308.025847041825,54.339880965110694,5,1,8,23
1526317200,7331.02,7312.206602125129,54.06251983265175,5,2,9,0
1526313600,7330.28,7315.492674466015,56.48083946212377,5,2,9,1
1526310000,7316.95,7315.757642744921,56.38610315005141,5,2,9,2
1526306400,7251.05,7303.992616791299,54.6091980124168,5,2,9,3
1526302800,7044.66,7256.841231920153,46.763383499604686,5,2,9,4
1526299200,7040.65,7217.533735207398,31.499528993879636,5,2,9,5
1526295600,7024.86,7182.502146987871,31.28585741559435,5,2,9,6
1526292000,7029.59,7154.699938444622,30.411081135076728,5,2,9,7
1526288400,7064.65,7138.327222363781,31.03317066409808,5,2,9,8
1526284800,7014.97,7115.898636479457,35.626774392975676,5,2,9,9
1526281200,7034.59,7101.115248028647,32.33974067356421,5,2,9,10
1526277600,7016.99,7085.8197483870745,34.894485510267515,5,2,9,11
1526274000,7024.6,7074.688885043969,33.66645376721151,5,2,9,12
1526270400,7040.33,7068.441815035974,34.735960242582365,5,2,9,13
1526266800,7233.66,7098.481485029433,36.99716074667028,5,2,9,14
1526263200,7280.6,7131.593942296809,56.805522466409286,5,2,9,15
1526259600,7279.11,7158.415043697389,60.08673393820906,5,2,9,16
1526256000,7280.3,7180.575944843318,59.93110650356586,5,2,9,17
1526252400,7332.61,7208.218500326351,60.02016880078369,5,2,9,18
1526248800,7260.09,7217.649682085195,63.82644403012986,5,2,9,19
1526245200,7308.01,7234.078830796977,55.883194345457916,5,2,9,20
1526241600,7239.4,7235.046316106617,59.472352968034755,5,2,9,21
1526238000,7243.6,7236.601531359959,52.843539669549266,5,2,9,22
1526234400,7192.98,7228.670343839966,53.18751627350675,5,2,9,23
1526230800,7263.11,7234.932099505427,48.58739912563254,5,3,10,0
1526227200,7233.25,7234.626263231713,54.46345167224642,5,3,10,1
1526223600,7257.33,7238.754215371401,51.75133539692487,5,3,10,2
1526220000,7186.77,7229.302539849327,53.751440050694264,5,3,10,3
1526216400,7200.41,7224.049350785813,47.53340556561384,5,3,10,4
1526212800,7187.88,7217.473105188392,48.76722438176047,5,3,10,5
1526209200,7180.17,7210.690722426865,47.65848336172675,5,3,10,6
1526205600,7207.76,7210.157863803799,46.9511304894685,5,3,10,7
1526202000,7068.72,7184.441888566744,49.82123604111652,5,3,10,8
1526198400,7099.08,7168.921545190972,38.51285986930359,5,3,10,9
1526194800,7091.36,7154.81944606534,41.628404688062595,5,3,10,10
1526191200,7028.88,7131.921364962551,41.05869310728687,5,3,10,11
1526187600,7001.23,7108.159298605722,36.68307494111778,5,3,10,12
1526184000,7079.6,7102.966698859226,34.91001612403802,5,3,10,13
1526180400,7060.19,7095.1891172484575,43.27846184164789,5,3,10,14
1526176800,7077.67,7092.003823203284,41.84356816137359,5,3,10,15
1526173200,7054.69,7085.219491711777,43.65533086419393,5,3,10,16
1526169600,7099.5,7087.815947764181,41.81120920174818,5,3,10,17
1526166000,7090.36,7088.278502716148,46.552426712572974,5,3,10,18
1526162400,7057.22,7082.6315022223025,45.73387803391846,5,3,10,19
1526158800,7078.23,7081.831229090974,42.795603737590206,5,3,10,20
1526155200,7115.98,7088.040096528979,45.19940104132889,5,3,10,21
1526151600,7009.73,7073.801897160073,49.32017796998584,5,3,10,22
1526148000,7029.84,7065.80882494915,40.16549018142963,5,3,10,23
1526144400,6972.27,7048.801765867486,42.34676506443974,5,4,11,0
1526140800,7000.12,7039.950535709761,38.06827346419275,5,4,11,1
1526137200,7128.87,7056.117711035259,41.16511515776189,5,4,11,2
1526133600,7173.1,7077.387218119757,52.89253068465607,5,4,11,3
1526130000,7234.13,7105.885905734346,56.127805306581635,5,4,11,4
1526126400,7158.58,7115.466650146283,60.19054267350547,5,4,11,5
1526122800,7184.69,7128.05271375605,53.57633032447898,5,4,11,6
1526119200,7131.33,7128.648583982223,55.400385884146765,5,4,11,7
1526115600,6917.91,7090.332477803636,50.99092851740929,5,4,11,8
1526112000,6980.81,7070.419300021156,37.97279099422282,5,4,11,9
1526108400,6951.64,7048.823063653673,42.62222265759396,5,4,11,10
1526104800,6966.6,7033.873415716641,41.0841993264104,5,4,11,11
1526101200,7033.9,7033.878249222706,42.23544525671245,5,4,11,12
1526097600,7039.64,7034.925840273122,47.230996001656315,5,4,11,13
1526094000,7065.05,7040.402960223463,47.64685512280779,5,4,11,14
1526090400,7075.47,7046.778785637379,49.54255695172607,5,4,11,15
1526086800,7079.55,7052.737188248764,50.3367212859839,5,4,11,16
1526083200,7036.99,7049.874063112625,50.66415608200052,5,4,11,17
1526079600,7056.51,7051.0805970921465,47.170455732746134,5,4,11,18
1526076000,7030.34,7047.309579439028,48.91057390287728,5,4,11,19
1526072400,7073.26,7052.027837722841,46.690150753482506,5,4,11,20
1526068800,7212.8,7081.259139955051,50.64731812455996,5,4,11,21
