,Prix,ema,rsi,month,weekday,day,hour
1526335200,7311.94,7285.54808513022,47.47451131690659,5,1,8,19
1526331600,7392.02,7304.9066151065435,57.366604385591,5,1,8,20
1526328000,7324.41,7308.452685087172,64.05989776803355,5,1,8,21
1526324400,7308.52,7308.464924162231,56.05790176096918,5,1,8,22
1526320800,7306.05,7308.025847041825,54.339880965110694,5,1,8,23
1526317200,7331.02,7312.206602125129,54.06251983265175,5,2,9,0
1526313600,7330.28,7315.492674466015,56.48083946212377,5,2,9,1
1526310000,7316.95,7315.757642744921,56.38610315005141,5,2,9,2
1526306400,7251.05,7303.992616791299,54.6091980124168,5,2,9,3
1526302800,7044.66,7256.841231920153,46.763383499604686,5,2,9,4
1526299200,7040.65,7217.533735207398,31.499528993879636,5,2,9,5
1526295600,7024.86,7182.502146987871,31.28585741559435,5,2,9,6
1526292000,7029.59,7154.699938444622,30.411081135076728,5,2,9,7
1526288400,7064.65,7138.327222363781,31.03317066409808,5,2,9,8
1526284800,7014.97,7115.898636479457,35.626774392975676,5,2,9,9
1526281200,7034.59,7101.115248028647,32.33974067356421,5,2,9,10
1526277600,7016.99,7085.8197483870745,34.894485510267515,5,2,9,11
1526274000,7024.6,7074.688885043969,33.66645376721151,5,2,9,12
1526270400,7040.33,7068.441815035974,34.735960242582365,5,2,9,13
1526266800,7233.66,7098.481485029433,36.99716074667028,5,2,9,14
1526263200,7280.6,7131.593942296809,56.805522466409286,5,2,9,15
1526259600,7279.11,7158.415043697389,60.08673393820906,5,2,9,16
1526256000,7280.3,7180.575944843318,59.93110650356586,5,2,9,17
1526252400,7332.61,7208.218500326351,60.02016880078369,5,2,9,18
1526248800,7260.09,7217.649682085195,63.82644403012986,5,2,9,19
1526245200,7308.01,7234.078830796977,55.883194345457916,5,2,9,20
1526241600,7239.4,7235.046316106617,59.472352968034755,5,2,9,21
1526238000,7243.6,7236.601531359959,52.843539669549266,5,2,9,22
1526234400,7192.98,7228.670343839966,53.18751627350675,5,2,9,23
1526230800,7263.11,7234.932099505427,48.58739912563254,5,3,10,0
1526227200,7233.25,7234.626263231713,54.46345167224642,5,3,10,1
1526223600,7257.33,7238.754215371401,51.75133539692487,5,3,10,2
1526220000,7186.77,7229.302539849327,53.751440050694264,5,3,10,3
1526216400,7200.41,7224.049350785813,47.53340556561384,5,3,10,4
1526212800,7187.88,7217.473105188392,48.76722438176047,5,3,10,5
1526209200,7180.17,7210.690722426865,47.65848336172675,5,3,10,6
1526205600,7207.76,7210.157863803799,46.9511304894685,5,3,10,7
1526202000,7068.72,7184.441888566744,49.82123604111652,5,3,10,8
1526198400,7099.08,7168.921545190972,38.51285986930359,5,3,10,9
1526194800,7091.36,7154.81944606534,41.628404688062595,5,3,10,10
1526191200,7028.88,7131.921364962551,41.05869310728687,5,3,10,11
1526187600,7001.23,7108.159298605722,36.68307494111778,5,3,10,12
1526184000,7079.6,7102.966698859226,34.91001612403802,5,3,10,13
1526180400,7060.19,7095.1891172484575,43.27846184164789,5,3,10,14
1526176800,7077.67,7092.003823203284,41.84356816137359,5,3,10,15
1526173200,7054.69,7085.219491711777,43.65533086419393,5,3,10,16
1526169600,7099.5,7087.815947764181,41.81120920174818,5,3,10,17
1526166000,7090.36,7088.278502716148,46.552426712572974,5,3,10,18
1526162400,7057.22,7082.6315022223025,45.73387803391846,5,3,10,19
1526158800,7078.23,7081.831229090974,42.795603737590206,5,3,10,20
1526155200,7115.98,7088.040096528979,45.19940104132889,5,3,10,21
1526151600,7009.73,7073.801897160073,49.32017796998584,5,3,10,22
1526148000,7029.84,7065.80882494915,40.16549018142963,5,3,10,23
1526144400,6972.27,7048.801765867486,42.34676506443974,5,4,11,0
1526140800,7000.12,7039.950535709761,38.06827346419275,5,4,11,1
1526137200,7128.87,7056.117711035259,41.16511515776189,5,4,11,2
1526133600,7173.1,7077.387218119757,52.89253068465607,5,4,11,3
1526130000,7234.13,7105.885905734346,56.127805306581635,5,4,11,4
1526126400,7158.58,7115.466650146283,60.19054267350547,5,4,11,5
1526122800,7184.69,7128.05271375605,53.57633032447898,5,4,11,6
1526119200,7131.33,7128.648583982223,55.400385884146765,5,4,11,7
1526115600,6917.91,7090.332477803636,50.99092851740929,5,4,11,8
1526112000,6980.81,7070.419300021156,37.97279099422282,5,4,11,9
1526108400,6951.64,7048.823063653673,42.62222265759396,5,4,11,10
1526104800,6966.6,7033.873415716641,41.0841993264104,5,4,11,11
1526101200,7033.9,7033.878249222706,42.23544525671245,5,4,11,12
1526097600,7039.64,7034.925840273122,47.230996001656315,5,4,11,13
1526094000,7065.05,7040.402960223463,47.64685512280779,5,4,11,14
1526090400,7075.47,7046.778785637379,49.54255695172607,5,4,11,15
1526086800,7079.55,7052.737188248764,50.3367212859839,5,4,11,16
1526083200,7036.99,7049.874063112625,50.66415608200052,5,4,11,17
1526079600,7056.51,7051.0805970921465,47.170455732746134,5,4,11,18
1526076000,7030.34,7047.309579439028,48.91057390287728,5,4,11,19
1526072400,7073.26,7052.027837722841,46.690150753482506,5,4,11,20
1526068800,7212.8,7081.259139955051,50.64731812455996,5,4,11,21
1526065200,7221.68,7106.790205417768,60.82799130548643,5,4,11,22
1526061600,7201.75,7124.055622614537,61.37405559948666,5,4,11,23
1526058000,7245.8,7146.190963957348,59.373549112438916,5,5,12,0
1526054400,7183.28,7152.934425056012,62.29861556679837,5,5,12,1
1526050800,7243.55,7169.409984136737,56.12242072676329,5,5,12,2
1526047200,7144.53,7164.886350657331,60.21698071617012,5,5,12,3
1526043600,7150.6,7162.288832355997,51.68355569247793,5,5,12,4
1526040000,7242.94,7176.9526810185425,52.13137805666363,5,5,12,5
1526036400,7305.66,7200.354011742444,58.44173698065726,5,5,12,6
1526032800,7319.06,7221.936918698363,62.096684920967796,5,5,12,7
1526029200,7381.52,7250.9520243895695,62.84845344384918,5,5,12,8
1526025600,7342.2,7267.542565409647,66.21237931342745,5,5,12,9
1526022000,7425.11,7296.191189880619,62.382970082502176,5,5,12,10
1526018400,7561.29,7344.390973538688,66.74978808812904,5,5,12,11
1526014800,7521.52,7376.596251077108,72.41422644319553,5,5,12,12
1526011200,7468.0,7393.215114517633,68.73169522290644,5,5,12,13
1526007600,7484.39,7409.792366423519,64.01387025820287,5,5,12,14
1526004000,7466.72,7420.1428452556065,64.81048005469626,5,5,12,15
1526000400,7510.15,7436.507782481859,63.18651316228347,5,5,12,16
1525996800,7540.29,7455.377276576066,65.4762613120848,5,5,12,17
1525993200,7643.89,7489.652317198599,67.00983062577322,5,5,12,18
1525989600,7615.61,7512.5537140715805,71.66844895466656,5,5,12,19
1525986000,7648.82,7537.329402422202,68.81190759636276,5,5,12,20
1525982400,7617.06,7551.825874709074,70.30855008544613,5,5,12,21
1525978800,7674.3,7574.0938974892415,66.99736627261592,5,5,12,22
1525975200,7672.23,7591.93682521847,69.76138428502894,5,5,12,23
1525971600,7857.41,7640.2046751787475,69.53458142966828,5,6,13,0
1525968000,7846.13,7677.6456433280655,76.80088150534503,5,6,13,1
1525964400,7856.33,7710.133708177507,75.61775908116498,5,6,13,2
1525960800,7866.52,7738.567579417961,75.97812698478566,5,6,13,3
1525957200,7848.88,7758.624383160149,76.35412586737284,5,6,13,4
1525953600,7829.67,7771.5417680401215,74.18926574592042,5,6,13,5
1525950000,7881.69,7791.568719305553,71.80175221793235,5,6,13,6
1525946400,7835.67,7799.58713397727,74.22109242972219,5,6,13,7
1525942800,7879.17,7814.056745981402,68.61267747755767,5,6,13,8
1525939200,7882.96,7826.584610348419,70.85454987186156,5,6,13,9
1525935600,7828.02,7826.845590285069,71.04857642961215,5,6,13,10
1525932000,7828.9,7827.219119324147,64.3599039919788,5,6,13,11
1525928400,7870.63,7835.112006719755,64.4176866383119,5,6,13,12
1525924800,7836.28,7835.324369134345,67.13848605704362,5,6,13,13
1525921200,7861.43,7840.070847473555,62.87648418850527,5,6,13,14
1525917600,7838.33,7839.75432975109,64.64608588443467,5,6,13,15
1525914000,7878.49,7846.7971788872555,61.735246217289614,5,6,13,16
1525910400,7830.59,7843.850419089572,64.7102722179495,5,6,13,17
1525906800,7869.03,7848.428524709649,58.83467896839043,5,6,13,18
1525903200,7780.48,7836.074247489712,61.8299349584102,5,6,13,19
1525899600,7815.43,7832.320747946127,52.37577823010595,5,6,13,20
1525896000,7814.69,7829.115157410467,55.2821314896928,5,6,13,21
1525892400,7821.53,7827.73603788129,55.20531214440481,5,6,13,22
1525888800,7815.85,7825.574940084692,55.81647263629935,5,6,13,23
1525885200,7850.64,7830.132223705656,55.14364909825885,5,0,14,0
1525881600,7830.91,7830.273637577354,58.44754428095,5,0,14,1
1525878000,7843.89,7832.749339836017,55.931511938818254,5,0,14,2
1525874400,7791.66,7825.278550774922,57.23576815922933,5,0,14,3
1525870800,7820.81,7824.466086997663,50.72958756068927,5,0,14,4
1525867200,7747.61,7810.492252998088,53.880568392729735,5,0,14,5
1525863600,7748.39,7799.200934271163,45.93600567809612,5,0,14,6
1525860000,7671.97,7776.06803713095,46.02732863148654,5,0,14,7
1525856400,7696.85,7761.664757652595,39.06496947693012,5,0,14,8
1525852800,7613.2,7734.671165352122,42.133939160407934,5,0,14,9
1525849200,7682.45,7725.1764080153725,35.6355048425752,5,0,14,10
1525845600,7627.1,7707.344333830759,43.416025105496296,5,0,14,11
1525842000,7659.96,7698.729000406985,39.3243055166035,5,0,14,12
1525838400,7612.69,7683.085545787531,42.77252577679702,5,0,14,13
1525834800,7676.76,7681.935446553434,39.311516468815284,5,0,14,14
1525831200,7723.42,7689.4780926346275,45.72232639544146,5,0,14,15
1525827600,7710.74,7693.343893973785,49.87506973548373,5,0,14,16
1525824000,7735.12,7700.939549614915,48.78277566733593,5,0,14,17
1525820400,7756.84,7711.103267866749,51.00460381367412,5,0,14,18
1525816800,7723.84,7713.419037345522,52.96232601652452,5,0,14,19
1525813200,7721.59,7714.904666919063,49.71221841938726,5,0,14,20
1525809600,7778.99,7726.556545661051,49.48922369353629,5,0,14,21
1525806000,7764.05,7733.373537359042,55.031110691975265,5,0,14,22
1525802400,7668.88,7721.647439657398,53.38919672245916,5,0,14,23
1525798800,7682.68,7714.5624506287795,44.31814143453811,5,1,15,0
1525795200,7723.33,7716.156550514455,45.75730251768635,5,1,15,1
1525791600,7716.25,7716.173541330008,49.86766185846138,5,1,15,2
1525788000,7688.33,7711.111079270007,49.16880924425363,5,1,15,3
1525784400,7697.32,7708.603610311824,46.40686048996239,5,1,15,4
1525780800,7753.24,7716.719317527856,47.43082764479266,5,1,15,5
1525777200,7849.05,7740.7794416137,53.39562470833796,5,1,15,6
1525773600,7817.86,7754.7940885930275,61.4635919426247,5,1,15,7
1525770000,7902.59,7781.6660724852045,57.9467279684622,5,1,15,8
1525766400,7848.3,7793.781332033349,63.97684684208674,5,1,15,9
1525762800,7834.69,7801.219271663648,58.21661034192965,5,1,15,10
1525759200,7808.2,7802.48849499753,56.83509087549352,5,1,15,11
1525755600,7916.14,7823.15240499798,54.14198879857432,5,1,15,12
1525752000,7913.06,7839.499240452892,62.035934110938854,5,1,15,13
1525748400,7914.74,7853.179378552366,61.709508690480746,5,1,15,14
1525744800,7894.08,7860.615855179208,61.82749579580384,5,1,15,15
1525741200,7869.84,7862.292972419352,59.403341807983644,5,1,15,16
1525737600,7848.71,7859.823341070378,56.59934857255472,5,1,15,17
1525734000,7816.44,7851.935460875763,54.19775799776783,5,1,15,18
