,Prix,ema,rsi,month,weekday,day,hour
1526130000,7234.13,7105.885905734346,56.127805306581635,5,4,11,4
1526126400,7158.58,7115.466650146283,60.19054267350547,5,4,11,5
1526122800,7184.69,7128.05271375605,53.57633032447898,5,4,11,6
1526119200,7131.33,7128.648583982223,55.400385884146765,5,4,11,7
1526115600,6917.91,7090.332477803636,50.99092851740929,5,4,11,8
1526112000,6980.81,7070.419300021156,37.97279099422282,5,4,11,9
1526108400,6951.64,7048.823063653673,42.62222265759396,5,4,11,10
1526104800,6966.6,7033.873415716641,41.0841993264104,5,4,11,11
1526101200,7033.9,7033.878249222706,42.23544525671245,5,4,11,12
1526097600,7039.64,7034.925840273122,47.230996001656315,5,4,11,13
1526094000,7065.05,7040.402960223463,47.64685512280779,5,4,11,14
1526090400,7075.47,7046.778785637379,49.54255695172607,5,4,11,15
1526086800,7079.55,7052.737188248764,50.3367212859839,5,4,11,16
1526083200,7036.99,7049.874063112625,50.66415608200052,5,4,11,17
1526079600,7056.51,7051.0805970921465,47.170455732746134,5,4,11,18
1526076000,7030.34,7047.309579439028,48.91057390287728,5,4,11,19
1526072400,7073.26,7052.027837722841,46.690150753482506,5,4,11,20
1526068800,7212.8,7081.259139955051,50.64731812455996,5,4,11,21
1526065200,7221.68,7106.790205417768,60.82799130548643,5,4,11,22
1526061600,7201.75,7124.055622614537,61.37405559948666,5,4,11,23
1526058000,7245.8,7146.190963957348,59.373549112438916,5,5,12,0
1526054400,7183.28,7152.934425056012,62.29861556679837,5,5,12,1
1526050800,7243.55,7169.409984136737,56.12242072676329,5,5,12,2
1526047200,7144.53,7164.886350657331,60.21698071617012,5,5,12,3
1526043600,7150.6,7162.288832355997,51.68355569247793,5,5,12,4
1526040000,7242.94,7176.9526810185425,52.13137805666363,5,5,12,5
1526036400,7305.66,7200.354011742444,58.44173698065726,5,5,12,6
1526032800,7319.06,7221.936918698363,62.096684920967796,5,5,12,7
1526029200,7381.52,7250.9520243895695,62.84845344384918,5,5,12,8
1526025600,7342.2,7267.542565409647,66.21237931342745,5,5,12,9
1526022000,7425.11,7296.191189880619,62.382970082502176,5,5,12,10
1526018400,7561.29,7344.390973538688,66.74978808812904,5,5,12,11
1526014800,7521.52,7376.596251077108,72.41422644319553,5,5,12,12
1526011200,7468.0,7393.215114517633,68.73169522290644,5,5,12,13
1526007600,7484.39,7409.792366423519,64.01387025820287,5,5,12,14
1526004000,7466.72,7420.1428452556065,64.81048005469626,5,5,12,15
1526000400,7510.15,7436.507782481859,63.18651316228347,5,5,12,16
1525996800,7540.29,7455.377276576066,65.4762613120848,5,5,12,17
1525993200,7643.89,7489.652317198599,67.00983062577322,5,5,12,18
1525989600,7615.61,7512.5537140715805,71.66844895466656,5,5,12,19
1525986000,7648.82,7537.329402422202,68.81190759636276,5,5,12,20
1525982400,7617.06,7551.825874709074,70.30855008544613,5,5,12,21
1525978800,7674.3,7574.0938974892415,66.99736627261592,5,5,12,22
1525975200,7672.23,7591.93682521847,69.76138428502894,5,5,12,23
1525971600,7857.41,7640.2046751787475,69.53458142966828,5,6,13,0
1525968000,7846.13,7677.6456433280655,76.80088150534503,5,6,13,1
1525964400,7856.33,7710.133708177507,75.61775908116498,5,6,13,2
1525960800,7866.52,7738.567579417961,75.97812698478566,5,6,13,3
1525957200,7848.88,7758.624383160149,76.35412586737284,5,6,13,4
1525953600,7829.67,7771.5417680401215,74.18926574592042,5,6,13,5
1525950000,7881.69,7791.568719305553,71.80175221793235,5,6,13,6
1525946400,7835.67,7799.58713397727,74.22109242972219,5,6,13,7
1525942800,7879.17,7814.056745981402,68.61267747755767,5,6,13,8
1525939200,7882.96,7826.584610348419,70.85454987186156,5,6,13,9
1525935600,7828.02,7826.845590285069,71.04857642961215,5,6,13,10
1525932000,7828.9,7827.219119324147,64.3599039919788,5,6,13,11
1525928400,7870.63,7835.112006719755,64.4176866383119,5,6,13,12
1525924800,7836.28,7835.324369134345,67.13848605704362,5,6,13,13
1525921200,7861.43,7840.070847473555,62.87648418850527,5,6,13,14
1525917600,7838.33,7839.75432975109,64.64608588443467,5,6,13,15
1525914000,7878.49,7846.7971788872555,61.735246217289614,5,6,13,16
1525910400,7830.59,7843.850419089572,64.7102722179495,5,6,13,17
1525906800,7869.03,7848.428524709649,58.83467896839043,5,6,13,18
1525903200,7780.48,7836.074247489712,61.8299349584102,5,6,13,19
1525899600,7815.43,7832.320747946127,52.37577823010595,5,6,13,20
1525896000,7814.69,7829.115157410467,55.2821314896928,5,6,13,21
1525892400,7821.53,7827.73603788129,55.20531214440481,5,6,13,22
1525888800,7815.85,7825.574940084692,55.81647263629935,5,6,13,23
1525885200,7850.64,7830.132223705656,55.14364909825885,5,0,14,0
1525881600,7830.91,7830.273637577354,58.44754428095,5,0,14,1
1525878000,7843.89,7832.749339836017,55.931511938818254,5,0,14,2
1525874400,7791.66,7825.278550774922,57.23576815922933,5,0,14,3
1525870800,7820.81,7824.466086997663,50.72958756068927,5,0,14,4
1525867200,7747.61,7810.492252998088,53.880568392729735,5,0,14,5
1525863600,7748.39,7799.200934271163,45.93600567809612,5,0,14,6
1525860000,7671.97,7776.06803713095,46.02732863148654,5,0,14,7
1525856400,7696.85,7761.664757652595,39.06496947693012,5,0,14,8
1525852800,7613.2,7734.671165352122,42.133939160407934,5,0,14,9
1525849200,7682.45,7725.1764080153725,35.6355048425752,5,0,14,10
1525845600,7627.1,7707.344333830759,43.416025105496296,5,0,14,11
1525842000,7659.96,7698.729000406985,39.3243055166035,5,0,14,12
1525838400,7612.69,7683.085545787531,42.77252577679702,5,0,14,13
1525834800,7676.76,7681.935446553434,39.311516468815284,5,0,14,14
1525831200,7723.42,7689.4780926346275,45.72232639544146,5,0,14,15
1525827600,7710.74,7693.343893973785,49.87506973548373,5,0,14,16
1525824000,7735.12,7700.939549614915,48.78277566733593,5,0,14,17
1525820400,7756.84,7711.103267866749,51.00460381367412,5,0,14,18
1525816800,7723.84,7713.419037345522,52.96232601652452,5,0,14,19
1525813200,7721.59,7714.904666919063,49.71221841938726,5,0,14,20
1525809600,7778.99,7726.556545661051,49.48922369353629,5,0,14,21
1525806000,7764.05,7733.373537359042,55.031110691975265,5,0,14,22
1525802400,7668.88,7721.647439657398,53.38919672245916,5,0,14,23
1525798800,7682.68,7714.5624506287795,44.31814143453811,5,1,15,0
1525795200,7723.33,7716.156550514455,45.75730251768635,5,1,15,1
1525791600,7716.25,7716.173541330008,49.86766185846138,5,1,15,2
1525788000,7688.33,7711.111079270007,49.16880924425363,5,1,15,3
1525784400,7697.32,7708.603610311824,46.40686048996239,5,1,15,4
1525780800,7753.24,7716.719317527856,47.43082764479266,5,1,15,5
1525777200,7849.05,7740.7794416137,53.39562470833796,5,1,15,6
1525773600,7817.86,7754.7940885930275,61.4635919426247,5,1,15,7
1525770000,7902.59,7781.6660724852045,57.9467279684622,5,1,15,8
1525766400,7848.3,7793.781332033349,63.97684684208674,5,1,15,9
1525762800,7834.69,7801.219271663648,58.21661034192965,5,1,15,10
1525759200,7808.2,7802.48849499753,56.83509087549352,5,1,15,11
1525755600,7916.14,7823.15240499798,54.14198879857432,5,1,15,12
1525752000,7913.06,7839.499240452892,62.035934110938854,5,1,15,13
1525748400,7914.74,7853.179378552366,61.709508690480746,5,1,15,14
1525744800,7894.08,7860.615855179208,61.82749579580384,5,1,15,15
1525741200,7869.84,7862.292972419352,59.403341807983644,5,1,15,16
1525737600,7848.71,7859.823341070378,56.59934857255472,5,1,15,17
1525734000,7816.44,7851.935460875763,54.19775799776783,5,1,15,18
1525730400,7877.19,7856.527195261988,50.66221698008368,5,1,15,19
1525726800,7928.08,7869.536796123444,56.42513696424814,5,1,15,20
1525723200,7907.11,7876.368287737363,60.57908025822294,5,1,15,21
1525719600,7863.7,7874.064962694206,58.12039056897747,5,1,15,22
1525716000,7845.55,7868.880424022532,53.2979428288167,5,1,15,23
1525712400,7851.21,7865.667619654798,51.37842853889255,5,2,16,0
1525708800,7840.32,7861.058961535744,51.95947800413891,5,2,16,1
1525705200,7812.87,7852.297332165608,50.70396231078552,5,2,16,2
1525701600,7780.11,7839.172362680952,47.5828663707087,5,2,16,3
1525698000,7838.15,7838.986478557141,44.09439743808357,5,2,16,4
1525694400,7821.29,7835.768937001296,50.954791170982766,5,2,16,5
1525690800,7794.78,7828.316403001059,49.07099703428404,5,2,16,6
1525687200,7765.71,7816.93342063723,46.18005301036523,5,2,16,7
1525683600,7863.76,7825.447344157733,43.17619658860423,5,2,16,8
1525680000,7784.45,7817.993281583599,54.0361586866104,5,2,16,9
1525676400,7840.17,7822.025412204763,46.324104410208804,5,2,16,10
1525672800,7830.29,7823.528064531169,51.555286550747105,5,2,16,11
1525669200,7804.95,7820.150234616411,50.61336171876545,5,2,16,12
1525665600,7794.22,7815.435646504336,48.18193263784041,5,2,16,13
1525662000,7796.39,7811.972801685365,47.14905887408247,5,2,16,14
1525658400,7783.11,7806.725019560752,47.39466405484624,5,2,16,15
1525654800,7910.8,7825.647743276979,45.98623279271748,5,2,16,16
1525651200,8027.13,7862.2808808629825,58.696094402465675,5,2,16,17
1525647600,8027.71,7892.358902524258,66.44315567853474,5,2,16,18
1525644000,7957.5,7904.202738428939,66.47691632713074,5,2,16,19
1525640400,7966.53,7915.5349678054945,58.769052709324725,5,2,16,20
1525636800,7944.28,7920.761337295404,59.420742198127634,5,2,16,21
1525633200,7989.54,7933.26654869624,57.02886393616028,5,2,16,22
1525629600,7986.99,7943.0344489332865,60.5110045414773,5,2,16,23
1525626000,7991.42,7951.831821854506,60.21494159873685,5,3,17,0
1525622400,7931.96,7948.218763335504,60.57581975041759,5,3,17,1
1525618800,7992.63,7956.29353363814,53.554161677152244,5,3,17,2
1525615200,7981.19,7960.82016388575,58.801676715777916,5,3,17,3
1525611600,7963.05,7961.225588633795,57.48286735181523,5,3,17,4
1525608000,7918.05,7953.375481609468,55.36253367528027,5,3,17,5
1525604400,7982.3,7958.6344849532015,50.39632910222239,5,3,17,6
1525600800,7956.69,7958.280942234437,56.408797408883395,5,3,17,7
1525597200,7969.98,7960.408043646357,53.61896241090775,5,3,17,8
1525593600,8055.52,7977.701126619747,54.86643609068363,5,3,17,9
1525590000,8081.66,7996.6027399616105,61.95856706149091,5,3,17,10
1525586400,8109.45,8017.120423604953,63.82906762422699,5,3,17,11
1525582800,8210.63,8052.3039829495065,65.75678413116704,5,3,17,12
1525579200,8220.26,8082.841440595051,71.67560184422021,5,3,17,13
1525575600,8213.92,8106.673905941405,72.168674152624,5,3,17,14
1525572000,8249.0,8132.551377588422,71.28880336110502,5,3,17,15
1525568400,8266.61,8156.925672572345,73.233353508977,5,3,17,16
1525564800,8191.5,8163.211913922827,74.17878272890079,5,3,17,17
1525561200,8186.91,8167.520656845949,63.82397589161479,5,3,17,18
1525557600,8124.2,8159.644173783048,63.242978448117256,5,3,17,19
1525554000,8143.62,8156.730687640676,55.7729420271657,5,3,17,20
1525550400,8206.88,8165.8487444332795,57.44910488524292,5,3,17,21
1525546800,8216.06,8174.978063627228,62.44243455868972,5,3,17,22
1525543200,8222.26,8183.574779331368,63.11880512438856,5,3,17,23
1525539600,8251.38,8195.90300127112,63.59564687870407,5,4,18,0
1525536000,8261.55,8207.838819221824,65.8302261375121,5,4,18,1
1525532400,8290.32,8222.835397545128,66.60128315224227,5,4,18,2
1525528800,8222.08,8222.698052536922,68.7496241911224,5,4,18,3
