,Prix,ema,rsi,month,weekday,day,hour
1525798800,7682.68,7714.5624506287795,44.31814143453811,5,1,15,0
1525795200,7723.33,7716.156550514455,45.75730251768635,5,1,15,1
1525791600,7716.25,7716.173541330008,49.86766185846138,5,1,15,2
1525788000,7688.33,7711.111079270007,49.16880924425363,5,1,15,3
1525784400,7697.32,7708.603610311824,46.40686048996239,5,1,15,4
1525780800,7753.24,7716.719317527856,47.43082764479266,5,1,15,5
1525777200,7849.05,7740.7794416137,53.39562470833796,5,1,15,6
1525773600,7817.86,7754.7940885930275,61.4635919426247,5,1,15,7
1525770000,7902.59,7781.6660724852045,57.9467279684622,5,1,15,8
1525766400,7848.3,7793.781332033349,63.97684684208674,5,1,15,9
1525762800,7834.69,7801.219271663648,58.21661034192965,5,1,15,10
1525759200,7808.2,7802.48849499753,56.83509087549352,5,1,15,11
1525755600,7916.14,7823.15240499798,54.14198879857432,5,1,15,12
1525752000,7913.06,7839.499240452892,62.035934110938854,5,1,15,13
1525748400,7914.74,7853.179378552366,61.709508690480746,5,1,15,14
1525744800,7894.08,7860.615855179208,61.82749579580384,5,1,15,15
1525741200,7869.84,7862.292972419352,59.403341807983644,5,1,15,16
1525737600,7848.71,7859.823341070378,56.59934857255472,5,1,15,17
1525734000,7816.44,7851.935460875763,54.19775799776783,5,1,15,18
1525730400,7877.19,7856.527195261988,50.66221698008368,5,1,15,19
1525726800,7928.08,7869.536796123444,56.42513696424814,5,1,15,20
1525723200,7907.11,7876.368287737363,60.57908025822294,5,1,15,21
1525719600,7863.7,7874.064962694206,58.12039056897747,5,1,15,22
1525716000,7845.55,7868.880424022532,53.2979428288167,5,1,15,23
1525712400,7851.21,7865.667619654798,51.37842853889255,5,2,16,0
1525708800,7840.32,7861.058961535744,51.95947800413891,5,2,16,1
1525705200,7812.87,7852.297332165608,50.70396231078552,5,2,16,2
1525701600,7780.11,7839.172362680952,47.5828663707087,5,2,16,3
1525698000,7838.15,7838.986478557141,44.09439743808357,5,2,16,4
1525694400,7821.29,7835.768937001296,50.954791170982766,5,2,16,5
1525690800,7794.78,7828.316403001059,49.07099703428404,5,2,16,6
1525687200,7765.71,7816.93342063723,46.18005301036523,5,2,16,7
1525683600,7863.76,7825.447344157733,43.17619658860423,5,2,16,8
1525680000,7784.45,7817.993281583599,54.0361586866104,5,2,16,9
1525676400,7840.17,7822.025412204763,46.324104410208804,5,2,16,10
1525672800,7830.29,7823.528064531169,51.555286550747105,5,2,16,11
1525669200,7804.95,7820.150234616411,50.61336171876545,5,2,16,12
1525665600,7794.22,7815.435646504336,48.18193263784041,5,2,16,13
1525662000,7796.39,7811.972801685365,47.14905887408247,5,2,16,14
1525658400,7783.11,7806.725019560752,47.39466405484624,5,2,16,15
1525654800,7910.8,7825.647743276979,45.98623279271748,5,2,16,16
1525651200,8027.13,7862.2808808629825,58.696094402465675,5,2,16,17
1525647600,8027.71,7892.358902524258,66.44315567853474,5,2,16,18
1525644000,7957.5,7904.202738428939,66.47691632713074,5,2,16,19
1525640400,7966.53,7915.5349678054945,58.769052709324725,5,2,16,20
1525636800,7944.28,7920.761337295404,59.420742198127634,5,2,16,21
1525633200,7989.54,7933.26654869624,57.02886393616028,5,2,16,22
1525629600,7986.99,7943.0344489332865,60.5110045414773,5,2,16,23
1525626000,7991.42,7951.831821854506,60.21494159873685,5,3,17,0
1525622400,7931.96,7948.218763335504,60.57581975041759,5,3,17,1
1525618800,7992.63,7956.29353363814,53.554161677152244,5,3,17,2
1525615200,7981.19,7960.82016388575,58.801676715777916,5,3,17,3
1525611600,7963.05,7961.225588633795,57.48286735181523,5,3,17,4
1525608000,7918.05,7953.375481609468,55.36253367528027,5,3,17,5
1525604400,7982.3,7958.6344849532015,50.39632910222239,5,3,17,6
1525600800,7956.69,7958.280942234437,56.408797408883395,5,3,17,7
1525597200,7969.98,7960.408043646357,53.61896241090775,5,3,17,8
1525593600,8055.52,7977.701126619747,54.86643609068363,5,3,17,9
1525590000,8081.66,7996.6027399616105,61.95856706149091,5,3,17,10
1525586400,8109.45,8017.120423604953,63.82906762422699,5,3,17,11
1525582800,8210.63,8052.3039829495065,65.75678413116704,5,3,17,12
1525579200,8220.26,8082.841440595051,71.67560184422021,5,3,17,13
1525575600,8213.92,8106.673905941405,72.168674152624,5,3,17,14
1525572000,8249.0,8132.551377588422,71.28880336110502,5,3,17,15
1525568400,8266.61,8156.925672572345,73.233353508977,5,3,17,16
1525564800,8191.5,8163.211913922827,74.17878272890079,5,3,17,17
1525561200,8186.91,8167.520656845949,63.82397589161479,5,3,17,18
1525557600,8124.2,8159.644173783048,63.242978448117256,5,3,17,19
1525554000,8143.62,8156.730687640676,55.7729420271657,5,3,17,20
1525550400,8206.88,8165.8487444332795,57.44910488524292,5,3,17,21
1525546800,8216.06,8174.978063627228,62.44243455868972,5,3,17,22
1525543200,8222.26,8183.574779331368,63.11880512438856,5,3,17,23
1525539600,8251.38,8195.90300127112,63.59564687870407,5,4,18,0
1525536000,8261.55,8207.838819221824,65.8302261375121,5,4,18,1
1525532400,8290.32,8222.835397545128,66.60128315224227,5,4,18,2
1525528800,8222.08,8222.698052536922,68.7496241911224,5,4,18,3
1525525200,8288.09,8234.587497530209,59.047654115222755,5,4,18,4
1525521600,8239.67,8235.511588888352,64.2964153983842,5,4,18,5
1525518000,8300.91,8247.40220909047,58.385153530845905,5,4,18,6
1525514400,8202.86,8239.303625619474,63.016398172119096,5,4,18,7
1525510800,8201.66,8232.459330052296,52.871098901913086,5,4,18,8
1525507200,8139.47,8215.552179133696,52.75914805293447,5,4,18,9
1525503600,8165.52,8206.455419291206,47.183180238641306,5,4,18,10
1525500000,8176.05,8200.927161238258,49.58665651556187,5,4,18,11
1525496400,8192.68,8199.427677376756,50.56591959031502,5,4,18,12
1525492800,8180.28,8195.946281490073,52.146850763070105,5,4,18,13
1525489200,8184.83,8193.925139400968,50.84123110354552,5,4,18,14
1525485600,8142.48,8184.571477691701,51.322833105444424,5,4,18,15
1525482000,8139.55,8176.385754475028,46.733570113369865,5,4,18,16
1525478400,8088.58,8160.421071843205,46.42427267624138,5,4,18,17
1525474800,8115.28,8152.213604235349,41.303180908752076,5,4,18,18
1525471200,8108.58,8144.280221647103,44.741885160506165,5,4,18,19
1525467600,8090.7,8134.538363165811,44.04458303861281,5,4,18,20
1525464000,8071.3,8123.040478953844,42.15638532007555,5,4,18,21
1525460400,8050.61,8109.871300962235,40.14539667693028,5,4,18,22
1525456800,8061.78,8101.12742806001,38.06013746154316,5,4,18,23
1525453200,8070.35,8095.531532049099,39.87586427883723,5,5,19,0
1525449600,8034.97,8084.520344403807,41.29769456449125,5,5,19,1
1525446000,8101.57,8087.620281784932,37.36880506066168,5,5,19,2
1525442400,8059.63,8082.531139642217,47.494989640225526,5,5,19,3
1525438800,8074.93,8081.149114252723,42.801917328895286,5,5,19,4
1525435200,8109.23,8086.254729843136,44.93937855582119,5,5,19,5
1525431600,8093.74,8087.6156880534745,49.49587463888869,5,5,19,6
1525428000,8119.53,8093.41829022557,47.58089364439522,5,5,19,7
1525424400,8157.88,8105.138601093648,50.98138085524097,5,5,19,8
1525420800,8063.93,8097.646128167529,55.59442625037407,5,5,19,9
1525417200,8075.64,8093.645013955251,44.53680290251161,5,5,19,10
1525413600,7998.6,8076.364102327023,45.97904313562772,5,5,19,11
1525410000,8022.54,8066.577901903927,38.82588073768792,5,5,19,12
1525406400,7970.4,8049.091010648667,41.85318877721142,5,5,19,13
1525402800,8013.47,8042.614463258,37.500500937878975,5,5,19,14
1525399200,7995.6,8034.066379029272,42.793065608893485,5,5,19,15
1525395600,8005.56,8028.88340102395,41.232909756164965,5,5,19,16
1525392000,8098.02,8041.453691746867,42.491391482647565,5,5,19,17
1525388400,8079.99,8048.460293247435,52.63224985336775,5,5,19,18
1525384800,8019.07,8043.116603566083,50.75280983484447,5,5,19,19
1525381200,8038.4,8042.25903928134,44.91658379386704,5,5,19,20
1525377600,8024.4,8039.0119412301865,46.999208476113786,5,5,19,21
1525374000,8039.88,8039.169770097425,45.65291565922172,5,5,19,22
1525370400,8054.71,8041.995266443347,47.44552753717756,5,5,19,23
1525366800,7977.17,8030.208854362738,49.17511027905753,5,6,20,0
1525363200,7857.17,7998.7472444786035,41.48709829782671,5,6,20,1
1525359600,7877.0,7976.61138184613,32.91162392411569,5,6,20,2
1525356000,7862.82,7955.922039692288,35.291913538757214,5,6,20,3
1525352400,7776.64,7923.325305202781,34.35329501425157,5,6,20,4
1525348800,7672.78,7877.77161334773,29.2599565827921,5,6,20,5
1525345200,7683.63,7842.473138193596,24.538202237973806,5,6,20,6
1525341600,7661.68,7809.601658522033,25.883780837636706,5,6,20,7
1525338000,7680.91,7786.20317515439,24.915844046479975,5,6,20,8
1525334400,7678.22,7766.569870580864,27.474656872513762,5,6,20,9
1525330800,7675.63,7750.035348657069,27.334325022966738,5,6,20,10
1525327200,7657.28,7733.170739810329,27.19032236908319,5,6,20,11
1525323600,7702.16,7727.532423481178,26.13961374811234,5,6,20,12
1525320000,7684.18,7719.650164666417,32.9627720817881,5,6,20,13
1525316400,7701.48,7716.346498363431,31.69935757786186,5,6,20,14
1525312800,7691.04,7711.745316842807,34.308353365273774,5,6,20,15
1525309200,7678.95,7705.782531962297,33.477282858983216,5,6,20,16
1525305600,7691.23,7703.13661706006,32.49559597745194,5,6,20,17
1525302000,7722.85,7706.720868503686,34.59356940938996,5,6,20,18
1525298400,7695.79,7704.733437866652,39.783170151404214,5,6,20,19
1525294800,7673.57,7699.067358254533,37.07227136370601,5,6,20,20
1525291200,7611.63,7683.169656753709,34.96532979903496,5,6,20,21
1525287600,7609.78,7669.826082798489,29.869217692622826,5,6,20,22
1525284000,7618.71,7660.5322495624,29.729844517836,5,6,20,23
1525280400,7623.12,7653.7300223692355,31.39395494894289,5,0,21,0
1525276800,7632.97,7649.955472847556,32.247270845253226,5,0,21,1
1525273200,7592.16,7639.447205057091,34.21540184761436,5,0,21,2
1525269600,7591.83,7630.789531410347,30.28954062689354,5,0,21,3
1525266000,7567.65,7619.309616608465,30.259306022513258,5,0,21,4
1525262400,7630.53,7621.349686316016,28.049926280484996,5,0,21,5
1525258800,7636.41,7624.087925167649,40.26465206246433,5,0,21,6
1525255200,7600.8,7619.853756955348,41.26873891602844,5,0,21,7
1525251600,7602.31,7616.663982963467,37.19152751343146,5,0,21,8
1525248000,7604.36,7614.426895151926,37.473622234605465,5,0,21,9
1525244400,7632.02,7617.625641487939,37.88152729608701,5,0,21,10
1525240800,7546.52,7604.697343035586,43.26010389999733,5,0,21,11
1525237200,7556.77,7595.9832806654795,33.580936258063545,5,0,21,12
1525233600,7505.84,7579.593593271756,35.44567599417694,5,0,21,13
1525230000,7522.69,7569.247485404163,30.816133108673327,5,0,21,14
1525226400,7512.57,7558.942488057952,33.892488937114805,5,0,21,15
1525222800,7527.89,7553.296581138324,32.944973725868735,5,0,21,16
1525219200,7546.13,7551.993566385901,35.86792100962599,5,0,21,17
1525215600,7534.67,7548.843827043011,39.26258432338843,5,0,21,18
1525212000,7560.67,7550.994040307917,37.90501345420073,5,0,21,19
1525208400,7526.37,7546.516942070114,42.742188321169344,5,0,21,20
1525204800,7490.52,7536.335679875548,38.483152015982625,5,0,21,21
1525201200,7490.39,7527.981919898175,34.60220200197587,5,0,21,22
1525197600,7494.66,7521.9233890075975,34.58858006012319,5,0,21,23
