,Prix,ema,rsi,month,weekday,day,hour
1515034800,12785.93,12563.529827476868,56.787169097287396,11,2,7,5
1515031200,12873.81,12619.944404299255,58.76483196624962,11,2,7,6
1515027600,12737.32,12641.28542169939,62.10619830378918,11,2,7,7
1515024000,12784.73,12667.366254117682,54.6933318811158,11,2,7,8
1515020400,12614.74,12657.797844278102,56.629740701926515,11,2,7,9
1515016800,12755.63,12675.58550895481,48.60780718108286,11,2,7,10
1515013200,12701.18,12680.239052781206,54.376348471432856,11,2,7,11
1515009600,12563.71,12659.051952275531,51.94944679119256,11,2,7,12
1515006000,12549.71,12639.171597316341,46.327626891523614,11,2,7,13
1515002400,12629.97,12637.498579622461,45.78423055322683,11,2,7,14
1514998800,12790.35,12665.28974696383,49.44519016339539,11,2,7,15
1514995200,12719.41,12675.129792970405,55.85940151597462,11,2,7,16
1514991600,12618.43,12664.820739703058,52.675807738056676,11,2,7,17
1514988000,12603.38,12653.649696120683,48.443423738860034,11,2,7,18
1514984400,12423.98,12611.891569553285,47.82664472121393,11,2,7,19
1514980800,12572.06,12604.64946599814,41.10786629477803,11,2,7,20
1514977200,12482.61,12582.460472180295,47.645667117894675,11,2,7,21
1514973600,12572.23,12580.600386329332,44.43656526509073,11,2,7,22
1514970000,12740.58,12609.687588814908,48.20092703775882,11,2,7,23
1514966400,12820.99,12648.106209030379,54.44453490843726,11,3,8,0
1514962800,12878.53,12690.001443752128,57.10410240523238,11,3,8,1
1514959200,12659.29,12684.417544888103,58.95089735515006,11,3,8,2
1514955600,12653.12,12678.727082181176,50.10020854378362,11,3,8,3
1514952000,12475.65,12641.803976330051,49.87327193225526,11,3,8,4
1514948400,12573.59,12629.401435179132,43.73658000830897,11,3,8,5
1514944800,12418.6,12591.073901510199,47.57065601178624,11,3,8,6
1514941200,12403.93,12557.047737599252,42.62088287845801,11,3,8,7
1514937600,12319.79,12513.909967126661,42.17358402741472,11,3,8,8
1514934000,12426.46,12498.009973103632,39.60617357743483,11,3,8,9
1514930400,12379.58,12476.477250721153,44.240613453536064,11,3,8,10
1514926800,12373.23,12457.705023317307,42.69014709198192,11,3,8,11
1514923200,12466.7,12459.34047362325,42.473014458807114,11,3,8,12
1514919600,12299.9,12430.35129660084,46.76517977169077,11,3,8,13
1514916000,11789.89,12313.90378812796,40.90052806114058,11,3,8,14
1514912400,11634.48,12190.372190286513,28.947109056135304,11,3,8,15
1514908800,11652.35,12092.549973870782,26.41384849071217,11,3,8,16
1514905200,11736.23,12027.764524076094,27.202744837993322,11,3,8,17
1514901600,11812.59,11988.641883334985,30.945033848681476,11,3,8,18
1514898000,11490.84,11898.132450001352,34.25829351878846,11,3,8,19
1514894400,11482.74,11822.606550001106,28.133150355453992,11,3,8,20
1514890800,11491.89,11762.476268182723,27.997437823385866,11,3,8,21
1514887200,11438.24,11703.524219422228,28.41751502821154,11,3,8,22
1514883600,11390.46,11646.60345225455,27.40782278966519,11,3,8,23
1514880000,11319.7,11587.166460935541,26.504619328681812,11,4,9,0
1514876400,11264.42,11528.485286219988,25.18115261521487,11,4,9,1
1514872800,11081.13,11447.147961452718,24.165933197227986,11,4,9,2
1514869200,11055.57,11375.951968461313,21.124819007408718,11,4,9,3
1514865600,11216.17,11346.900701468347,20.732988872892804,11,4,9,4
1514862000,11350.51,11347.55693756501,29.57228727789966,11,4,9,5
1514858400,11488.6,11373.201130735008,36.001255152936764,11,4,9,6
1514854800,11657.83,11424.951834237734,41.874841906681034,11,4,9,7
1514851200,11391.39,11418.849682558144,48.154587805595106,11,4,9,8
1514847600,11450.34,11424.5751948203,40.69919548185492,11,4,9,9
1514844000,11476.79,11434.068795762063,42.808940839371736,11,4,9,10
1514840400,11435.61,11434.349014714415,43.77548504661132,11,4,9,11
1514836800,11370.13,11422.672830220885,42.56924192924132,11,4,9,12
1514833200,11324.57,11404.835951998906,40.65108963988668,11,4,9,13
1514829600,11276.34,11381.473051635468,39.323395887245255,11,4,9,14
1514826000,11231.89,11354.27613315629,37.91177502258542,11,4,9,15
1514822400,11366.24,11356.451381673327,36.60747931293372,11,4,9,16
1514818800,11345.02,11354.372948641812,42.99147176949927,11,4,9,17
1514815200,11198.41,11326.016048888754,42.26744809975279,11,4,9,18
1514811600,11332.11,11327.12403999989,37.56083415238877,11,4,9,19
1514808000,11375.93,11335.997850909,43.71600308380105,11,4,9,20
1514804400,11599.44,11383.896423471,45.608518482941975,11,4,9,21
1514800800,11656.11,11433.389801021727,54.08834073081725,11,4,9,22
1514797200,11523.82,11449.831655381413,55.96296762127709,11,4,9,23
1514793600,11710.31,11497.191354402972,50.75324984276979,11,5,10,0
1514790000,11815.82,11555.123835420614,56.851341832796315,11,5,10,1
1514786400,11625.59,11567.93586534414,59.87837815967846,11,5,10,2
1514782800,11647.1,11582.329344372476,52.69993179735384,11,5,10,3
1514779200,11499.21,11567.216736304752,53.380503821029684,11,5,10,4
1514775600,11484.34,11552.148238794798,48.24110142730732,11,5,10,5
1514772000,11416.29,11527.446740832107,47.7433645507881,11,5,10,6
1514768400,11642.54,11548.372787953542,45.43312478424101,11,5,10,7
1514764800,11850.31,11603.270462871078,53.49108918927914,11,5,10,8
1514761200,11845.83,11647.37219689452,59.41776481910568,11,5,10,9
1524697200,7360.62,10867.96270655006,59.242462384006686,11,5,10,10
1524693600,7538.18,10262.547668995505,14.169512103453926,11,5,10,11
1524690000,7456.15,9752.29354735996,16.866060887160288,11,5,10,12
1524686400,7372.47,9319.598356930876,16.606489514046586,11,5,10,13
1524682800,7386.97,8968.211382943444,16.330385193380124,11,5,10,14
1524679200,7436.71,8689.756586044636,16.589175969473274,11,5,10,15
1524675600,7316.92,8440.149934036519,17.53148136738612,11,5,10,16
1524672000,7363.49,8244.393582393515,17.032429891181252,11,5,10,17
1524668400,7316.47,8075.680203776512,18.009577582839327,11,5,10,18
1524664800,7419.14,7956.309257635327,17.781863349011843,11,5,10,19
1524661200,7505.96,7874.427574428904,20.155834613373628,11,5,10,20
1524657600,7494.84,7805.411651805467,22.201524589034435,11,5,10,21
1524654000,7488.27,7747.749533295381,22.123340743278817,11,5,10,22
1524650400,7636.16,7727.460527241676,22.07388028013341,11,5,10,23
1524646800,7628.69,7709.50224956137,26.080031742593036,11,6,11,0
1524643200,7731.66,7713.530931459302,26.007302995310525,11,6,11,1
1524639600,7734.75,7717.388943921247,28.94864256356672,11,6,11,2
1524636000,7700.25,7714.272772299202,29.039802407718696,11,6,11,3
1524632400,7616.72,7696.535904608438,28.598616614364687,11,6,11,4
1524628800,7699.49,7697.073012861449,27.50891065797032,11,6,11,5
1524625200,7934.59,7740.257919613912,30.341311718681354,11,6,11,6
1524621600,7880.47,7765.751025138656,37.77798268965153,11,6,11,7
1524618000,7834.37,7778.227202386172,36.803919374092715,11,6,11,8
1524614400,7899.74,7800.320438315958,35.953530082067985,11,6,11,9
1524610800,7835.81,7806.773085894874,38.136367416294206,11,6,11,10
1524607200,7758.84,7798.057979368534,36.81488753230877,11,6,11,11
1524603600,7734.09,7786.427437665164,35.2319653359596,11,6,11,12
1524600000,7739.24,7777.847903544224,34.715081817691,11,6,11,13
1524596400,7701.85,7764.030102899819,34.92900604102378,11,6,11,14
1524592800,7700.93,7752.557356918033,34.05647729691228,11,6,11,15
1524589200,7659.75,7735.683292023845,34.033949282845626,11,6,11,16
1524585600,7662.08,7722.300875292236,32.98226153531715,11,6,11,17
1524582000,7627.04,7704.980716148193,33.108212509353606,11,6,11,18
1524578400,7593.23,7684.662404121248,32.130257603906415,11,6,11,19
1524574800,7686.52,7685.000148826475,31.17343054254674,11,6,11,20
1524571200,7624.57,7674.012849039843,36.76875861874605,11,6,11,21
1524567600,7634.46,7666.821421941689,34.74854647910409,11,6,11,22
1524564000,7603.81,7655.364799770472,35.359157559649205,11,6,11,23
1524560400,7607.88,7646.731199812204,34.28828180878652,11,0,12,0
1524556800,7566.43,7632.13098166453,34.5716504281783,11,0,12,1
1524553200,7584.33,7623.439894089161,33.01039328366066,11,0,12,2
1524549600,7590.12,7617.381731527495,34.38839005387912,11,0,12,3
1524546000,7583.45,7611.212325795222,34.85519001298344,11,0,12,4
1524542400,7522.54,7595.090084741545,34.55023688120511,11,0,12,5
1524538800,7530.81,7583.402796606719,31.812969041128923,11,0,12,6
1524535200,7511.03,7570.244106314587,32.59381898139611,11,0,12,7
1524531600,7513.74,7559.970632439207,31.659959323672396,11,0,12,8
1524528000,7314.15,7515.275971995714,31.947644321834247,11,0,12,9
1524524400,7313.78,7478.640340723766,23.950834015770255,11,0,12,10
1524520800,7320.91,7449.962096955807,23.93887131463518,11,0,12,11
1524517200,7313.21,7425.098079327478,24.719178223647944,11,0,12,12
1524513600,7242.13,7391.831155813391,24.427723193338096,11,0,12,13
1524510000,7295.86,7374.38185475641,21.86485904480456,11,0,12,14
1524506400,7272.99,7355.946972073426,28.013090776088802,11,0,12,15
1524502800,7303.84,7346.472977150985,27.03785403481625,11,0,12,16
1524499200,7292.62,7336.681526759896,30.550172481678445,11,0,12,17
1524495600,7301.11,7330.213976439914,29.984818976869846,11,0,12,18
1524492000,7303.47,7325.35143526902,31.024973389220662,11,0,12,19
1524488400,7316.28,7323.702083401925,31.330366562661283,11,0,12,20
1524484800,7294.2,7318.338068237938,33.062800943815745,11,0,12,21
1524481200,7289.37,7313.071146740132,31.583726420007153,11,0,12,22
1524477600,7286.0,7308.149120060108,31.25434915516999,11,0,12,23
1524474000,7291.21,7305.069280049179,31.011342442801265,11,1,13,0
1524470400,7281.27,7300.742138222055,31.892984232483357,11,1,13,1
1524466800,7268.83,7294.93993127259,31.07699059186531,11,1,13,2
1524463200,7221.51,7281.589034677574,30.04107178335623,11,1,13,3
1524459600,7229.01,7272.029210190743,26.431778398191568,11,1,13,4
1524456000,7226.27,7263.709353792425,27.910144941977876,11,1,13,5
1524452400,7221.09,7255.96038037562,27.691213649426018,11,1,13,6
1524448800,7232.93,7251.773038489144,27.255931696138774,11,1,13,7
1524445200,7200.48,7242.447031491117,29.965783685590097,11,1,13,8
1524441600,7171.25,7229.50211667455,26.99741495105573,11,1,13,9
1524438000,7216.47,7227.132640915541,24.630591580656926,11,1,13,10
1524434400,7263.19,7233.688524385442,34.23604782639866,11,1,13,11
1524430800,7247.35,7236.172429042634,42.40332449408094,11,1,13,12
1524427200,7237.63,7236.437441943972,40.56396430998687,11,1,13,13
1524423600,7303.42,7248.616088863249,39.43357309057703,11,1,13,14
1524420000,7285.09,7255.247709069931,49.659138513353945,11,1,13,15
1524416400,7276.38,7259.089943784489,47.264826690827654,11,1,13,16
1524412800,7280.22,7262.931772187309,46.12674173992566,11,1,13,17
1524409200,7315.82,7272.547813607798,46.73567651845306,11,1,13,18
1524405600,7236.57,7266.006392951835,52.137008068590646,11,1,13,19
1524402000,7241.3,7261.514321506046,41.94086802404952,11,1,13,20
1524398400,7290.01,7266.6953539594915,42.66161314381022,11,1,13,21
1524394800,7299.56,7272.670744148674,49.60034925442843,11,1,13,22
1524391200,7255.44,7269.537881576188,50.856018238713894,11,1,13,23
1524387600,7296.3,7274.403721289608,45.24737466829629,11,2,14,0
1524384000,7223.99,7265.237590146043,50.67297672621494,11,2,14,1
1524380400,7252.49,7262.919846483125,42.62335763715381,11,2,14,2
1524376800,7201.96,7251.836238031647,46.247683825828105,11,2,14,3
1524373200,7204.48,7243.226012934983,41.270118334786915,11,2,14,4
