,Prix,ema,rsi,month,weekday,day,hour
1525330800,7675.63,7750.035348657069,27.334325022966738,5,6,20,10
1525327200,7657.28,7733.170739810329,27.19032236908319,5,6,20,11
1525323600,7702.16,7727.532423481178,26.13961374811234,5,6,20,12
1525320000,7684.18,7719.650164666417,32.9627720817881,5,6,20,13
1525316400,7701.48,7716.346498363431,31.69935757786186,5,6,20,14
1525312800,7691.04,7711.745316842807,34.308353365273774,5,6,20,15
1525309200,7678.95,7705.782531962297,33.477282858983216,5,6,20,16
1525305600,7691.23,7703.13661706006,32.49559597745194,5,6,20,17
1525302000,7722.85,7706.720868503686,34.59356940938996,5,6,20,18
1525298400,7695.79,7704.733437866652,39.783170151404214,5,6,20,19
1525294800,7673.57,7699.067358254533,37.07227136370601,5,6,20,20
1525291200,7611.63,7683.169656753709,34.96532979903496,5,6,20,21
1525287600,7609.78,7669.826082798489,29.869217692622826,5,6,20,22
1525284000,7618.71,7660.5322495624,29.729844517836,5,6,20,23
1525280400,7623.12,7653.7300223692355,31.39395494894289,5,0,21,0
1525276800,7632.97,7649.955472847556,32.247270845253226,5,0,21,1
1525273200,7592.16,7639.447205057091,34.21540184761436,5,0,21,2
1525269600,7591.83,7630.789531410347,30.28954062689354,5,0,21,3
1525266000,7567.65,7619.309616608465,30.259306022513258,5,0,21,4
1525262400,7630.53,7621.349686316016,28.049926280484996,5,0,21,5
1525258800,7636.41,7624.087925167649,40.26465206246433,5,0,21,6
1525255200,7600.8,7619.853756955348,41.26873891602844,5,0,21,7
1525251600,7602.31,7616.663982963467,37.19152751343146,5,0,21,8
1525248000,7604.36,7614.426895151926,37.473622234605465,5,0,21,9
1525244400,7632.02,7617.625641487939,37.88152729608701,5,0,21,10
1525240800,7546.52,7604.697343035586,43.26010389999733,5,0,21,11
1525237200,7556.77,7595.9832806654795,33.580936258063545,5,0,21,12
1525233600,7505.84,7579.593593271756,35.44567599417694,5,0,21,13
1525230000,7522.69,7569.247485404163,30.816133108673327,5,0,21,14
1525226400,7512.57,7558.942488057952,33.892488937114805,5,0,21,15
1525222800,7527.89,7553.296581138324,32.944973725868735,5,0,21,16
1525219200,7546.13,7551.993566385901,35.86792100962599,5,0,21,17
1525215600,7534.67,7548.843827043011,39.26258432338843,5,0,21,18
1525212000,7560.67,7550.994040307917,37.90501345420073,5,0,21,19
1525208400,7526.37,7546.516942070114,42.742188321169344,5,0,21,20
1525204800,7490.52,7536.335679875548,38.483152015982625,5,0,21,21
1525201200,7490.39,7527.981919898175,34.60220200197587,5,0,21,22
1525197600,7494.66,7521.9233890075975,34.58858006012319,5,0,21,23
1525194000,7484.24,7515.0718637334885,35.48694358166033,5,1,22,0
1525190400,7429.2,7499.458797600127,34.25073170076659,5,1,22,1
1525186800,7433.7,7487.502652581921,28.58606802833681,5,1,22,2
1525183200,7428.93,7476.853079385208,29.61107630518933,5,1,22,3
1525179600,7393.61,7461.717974042443,29.133732702303107,5,1,22,4
1525176000,7465.07,7462.327433307453,25.815245331346873,5,1,22,5
1525172400,7499.81,7469.14244543337,40.56577572982597,5,1,22,6
1525168800,7508.84,7476.3601826273025,46.16945458284172,5,1,22,7
1525165200,7522.44,7484.73833124052,47.553641058774645,5,1,22,8
1525161600,7455.57,7479.434998287697,49.653411003939354,5,1,22,9
1525158000,7443.74,7472.944998599025,40.968200337799885,5,1,22,10
1525154400,7409.45,7461.400453399202,39.64696753149347,5,1,22,11
1525150800,7445.76,7458.556734599347,36.02075922498434,5,1,22,12
1525147200,7417.46,7451.084601035829,42.06355684923691,5,1,22,13
1525143600,7477.21,7455.834673574769,38.97385084777353,5,1,22,14
1525140000,7454.81,7455.648369288447,47.70734464000734,5,1,22,15
1525136400,7441.3,7453.039574872365,45.101447198933435,5,1,22,16
1525132800,7647.18,7488.337833986479,43.556144652525134,5,1,22,17
1525129200,7603.78,7509.32731871621,63.8712617881824,5,1,22,18
1525125600,7647.47,7534.444169858717,59.046693099671366,5,1,22,19
1525122000,7684.57,7561.7397753389505,62.14650921851862,5,1,22,20
1525118400,7720.2,7590.550725277323,64.59705539301561,5,1,22,21
1525114800,7719.72,7614.036047954173,66.81871132013364,5,1,22,22
1525111200,7713.12,7632.051311962505,66.75793276210246,5,1,22,23
1525107600,7671.78,7639.2747097875035,65.87071131510855,5,2,23,0
1525104000,7690.55,7648.597489826139,60.45136982338377,5,2,23,1
1525100400,7687.91,7655.7452189486585,61.98082020483202,5,2,23,2
1525096800,7688.66,7661.729724594356,61.619868538134185,5,2,23,3
1525093200,7701.5,7668.960683759018,61.688128669200154,5,2,23,4
1525089600,7667.1,7668.6223776210145,62.90451127399466,5,2,23,5
1525086000,7656.54,7666.42558168992,57.62575549697911,5,2,23,6
1525082400,7605.36,7655.322748655389,56.07024693845832,5,2,23,7
1525078800,7596.62,7644.649521627136,49.14610553467948,5,2,23,8
1525075200,7614.62,7639.18960860402,48.05475157003302,5,2,23,9
1525071600,7678.92,7646.413316130561,50.49305850652789,5,2,23,10
1525068000,7690.18,7654.3708950159125,58.06551831797265,5,2,23,11
1525064400,7661.8,7655.7216413766555,59.24123846619872,5,2,23,12
1525060800,7649.33,7654.559524762717,55.051736596771235,5,2,23,13
1525057200,7772.74,7676.046883896768,53.26914151899023,5,2,23,14
1525053600,7743.73,7688.352905006446,65.25855914520758,5,2,23,15
1525050000,7751.89,7699.905104096183,61.27854312485929,5,2,23,16
1525046400,7750.51,7709.105994260513,61.980929292271185,5,2,23,17
1525042800,7764.65,7719.204904394965,61.77683843465774,5,2,23,18
1525039200,7691.58,7714.1821945049705,63.11696889485547,5,2,23,19
1525035600,7686.74,7709.192704594976,52.812381529328235,5,2,23,20
1525032000,7681.77,7704.206758304979,52.20441088743232,5,2,23,21
1525028400,7685.7,7700.841893158618,51.548181141200374,5,2,23,22
1525024800,7674.61,7696.07245803887,52.0613442298108,5,2,23,23
1525021200,7687.39,7694.493829304529,50.43794118739228,5,3,24,0
1525017600,7694.07,7694.416769430978,52.28446440282905,5,3,24,1
1525014000,7666.83,7689.400993170801,53.26459011284906,5,3,24,2
1525010400,7674.8,7686.746267139746,48.857345366758935,5,3,24,3
1525006800,7637.2,7677.7378549325185,50.15682704920306,5,3,24,4
1525003200,7636.86,7670.305517672061,44.42224694006794,5,3,24,5
1524999600,7616.32,7660.489969004413,44.37284265984929,5,3,24,6
1524996000,7670.91,7662.384520094519,41.37886320943166,5,3,24,7
1524992400,7674.31,7664.552789168242,50.8673890614467,5,3,24,8
1524988800,7776.67,7684.937736592197,51.39507472475801,5,3,24,9
1524985200,7796.88,7705.290875393616,63.94855558320775,5,3,24,10
1524981600,7757.98,7714.87071623114,65.82531713485987,5,3,24,11
1524978000,7799.27,7730.216040552751,59.41405421264916,5,3,24,12
1524974400,7794.15,7741.840396815887,63.47999812406274,5,3,24,13
1524970800,7818.82,7755.836688303907,62.6419656444097,5,3,24,14
1524967200,7778.07,7759.879108612287,65.03702456864175,5,3,24,15
1524963600,7740.5,7756.355634319143,58.3791845293962,5,3,24,16
1524960000,7692.67,7744.776428079298,52.99290728106602,5,3,24,17
1524956400,7704.71,7737.49162297397,47.042278021888734,5,3,24,18
1524952800,7656.78,7722.816782433248,48.606729829261795,5,3,24,19
1524949200,7702.84,7719.184640172656,43.1427806371842,5,3,24,20
1524945600,7736.81,7722.389251050355,49.067972303608286,5,3,24,21
1524942000,7742.63,7726.069387223017,52.96136155786179,5,3,24,22
1524938400,7663.14,7714.627680455194,53.61557751693556,5,3,24,23
1524934800,7675.26,7707.469920372432,44.510162117076376,5,4,25,0
1524931200,7693.86,7704.995389395626,46.015562971656735,5,4,25,1
1524927600,7678.54,7700.185318596421,48.33217797628201,5,4,25,2
1524924000,7720.5,7703.878897033435,46.559915760477345,5,4,25,3
1524920400,7718.96,7706.620915754629,51.77569268171443,5,4,25,4
1524916800,7593.96,7686.137112890151,51.57672818494847,5,4,25,5
1524913200,7648.27,7679.252183273759,38.607920373149106,5,4,25,6
1524909600,7646.26,7673.253604496712,45.07050635588876,5,4,25,7
1524906000,7641.19,7667.423858224583,44.88219823623427,5,4,25,8
1524902400,7529.93,7642.424974911022,44.3785282291563,5,4,25,9
1524898800,7561.74,7627.754979472654,35.076053925220506,5,4,25,10
1524895200,7547.97,7613.248619568534,39.012256540389316,5,4,25,11
1524891600,7527.01,7597.568870556073,37.939937295112166,5,4,25,12
1524888000,7546.21,7588.230894091332,36.30416984914069,5,4,25,13
1524884400,7470.02,7566.738004256544,38.9027794549359,5,4,25,14
1524880800,7496.72,7554.007458028081,33.12719283821998,5,4,25,15
1524877200,7426.59,7530.84064747752,36.6752215099681,5,4,25,16
1524873600,7366.2,7500.9059842997885,31.889355174956933,5,4,25,17
1524870000,7463.61,7494.124896245281,28.44689755576026,5,4,25,18
1524866400,7413.49,7479.464006018867,39.74573706888761,5,4,25,19
1524862800,7398.92,7464.819641288163,36.54787515808721,5,4,25,20
1524859200,7498.34,7470.914251963042,35.64990742716067,5,4,25,21
1524855600,7619.1,7497.857115242488,45.49142968753729,5,4,25,22
1524852000,7666.63,7528.543094289309,54.57823351491982,5,4,25,23
1524848400,7664.1,7553.1898044185255,57.57593274897056,5,5,26,0
1524844800,7627.89,7566.771658160611,57.35893137752046,5,5,26,1
1524841200,7656.0,7582.994993040499,54.20979171450873,5,5,26,2
1524837600,7625.36,7590.69772157859,56.219303425523364,5,5,26,3
1524834000,7695.17,7609.6926812915735,53.46507050423956,5,5,26,4
1524830400,7707.78,7627.5267392385595,58.458623345839236,5,5,26,5
1524826800,7761.5,7651.885513922457,59.308041070492834,5,5,26,6
1524823200,7753.11,7670.289965936555,62.79794128182264,5,5,26,7
1524819600,7666.72,7669.640881220817,61.90496376279523,5,5,26,8
1524816000,7634.08,7663.175266453395,53.473215766079626,5,5,26,9
1524812400,7632.92,7657.674308916414,50.6653609708574,5,5,26,10
1524808800,7573.51,7642.371707295248,50.56374310231064,5,5,26,11
1524805200,7605.91,7635.742305968839,45.52737152736642,5,5,26,12
1524801600,7552.66,7620.636432156322,48.53785713495654,5,5,26,13
1524798000,7645.77,7625.206171764264,44.21303875862898,5,5,26,14
1524794400,7629.17,7625.926867807125,52.22832666174337,5,5,26,15
1524790800,7609.94,7623.020164569465,50.826252596502876,5,5,26,16
1524787200,7659.94,7629.732861920471,49.17921939131693,5,5,26,17
1524783600,7609.05,7625.972341571294,53.40698125605166,5,5,26,18
1524780000,7512.15,7605.277370376512,48.94408746880887,5,5,26,19
1524776400,7522.17,7590.166939398964,41.78419402082024,5,5,26,20
1524772800,7326.08,7542.151132235515,42.717358053625986,5,5,26,21
1524769200,7301.95,7498.478199101784,31.930495533462462,5,5,26,22
1524765600,7305.01,7463.30216290146,30.896573857563283,5,5,26,23
1524762000,7332.64,7439.545406010285,31.200812293989415,5,6,27,0
1524758400,7267.42,7408.249877644777,34.02527740714851,5,6,27,1
1524754800,7277.49,7384.475354436636,30.809927955954365,5,6,27,2
1524751200,7248.49,7359.750744539066,31.88029474337607,5,6,27,3
1524747600,7302.63,7349.365154622871,30.420767455969823,5,6,27,4
1524744000,7276.24,7336.069671964167,36.28531322965656,5,6,27,5
1524740400,7271.86,7324.3951861525,34.74790502597838,5,6,27,6
1524736800,7173.12,7296.890606852045,34.48673113897556,5,6,27,7
1524733200,7161.69,7272.308678333491,29.164856227538166,5,6,27,8
1524729600,7276.16,7273.008918636492,28.614384733410205,5,6,27,9
