,Prix,ema,rsi,month,weekday,day,hour
1525050000,7751.89,7699.905104096183,61.27854312485929,5,2,23,16
1525046400,7750.51,7709.105994260513,61.980929292271185,5,2,23,17
1525042800,7764.65,7719.204904394965,61.77683843465774,5,2,23,18
1525039200,7691.58,7714.1821945049705,63.11696889485547,5,2,23,19
1525035600,7686.74,7709.192704594976,52.812381529328235,5,2,23,20
1525032000,7681.77,7704.206758304979,52.20441088743232,5,2,23,21
1525028400,7685.7,7700.841893158618,51.548181141200374,5,2,23,22
1525024800,7674.61,7696.07245803887,52.0613442298108,5,2,23,23
1525021200,7687.39,7694.493829304529,50.43794118739228,5,3,24,0
1525017600,7694.07,7694.416769430978,52.28446440282905,5,3,24,1
1525014000,7666.83,7689.400993170801,53.26459011284906,5,3,24,2
1525010400,7674.8,7686.746267139746,48.857345366758935,5,3,24,3
1525006800,7637.2,7677.7378549325185,50.15682704920306,5,3,24,4
1525003200,7636.86,7670.305517672061,44.42224694006794,5,3,24,5
1524999600,7616.32,7660.489969004413,44.37284265984929,5,3,24,6
1524996000,7670.91,7662.384520094519,41.37886320943166,5,3,24,7
1524992400,7674.31,7664.552789168242,50.8673890614467,5,3,24,8
1524988800,7776.67,7684.937736592197,51.39507472475801,5,3,24,9
1524985200,7796.88,7705.290875393616,63.94855558320775,5,3,24,10
1524981600,7757.98,7714.87071623114,65.82531713485987,5,3,24,11
1524978000,7799.27,7730.216040552751,59.41405421264916,5,3,24,12
1524974400,7794.15,7741.840396815887,63.47999812406274,5,3,24,13
1524970800,7818.82,7755.836688303907,62.6419656444097,5,3,24,14
1524967200,7778.07,7759.879108612287,65.03702456864175,5,3,24,15
1524963600,7740.5,7756.355634319143,58.3791845293962,5,3,24,16
1524960000,7692.67,7744.776428079298,52.99290728106602,5,3,24,17
1524956400,7704.71,7737.49162297397,47.042278021888734,5,3,24,18
1524952800,7656.78,7722.816782433248,48.606729829261795,5,3,24,19
1524949200,7702.84,7719.184640172656,43.1427806371842,5,3,24,20
1524945600,7736.81,7722.389251050355,49.067972303608286,5,3,24,21
1524942000,7742.63,7726.069387223017,52.96136155786179,5,3,24,22
1524938400,7663.14,7714.627680455194,53.61557751693556,5,3,24,23
1524934800,7675.26,7707.469920372432,44.510162117076376,5,4,25,0
1524931200,7693.86,7704.995389395626,46.015562971656735,5,4,25,1
1524927600,7678.54,7700.185318596421,48.33217797628201,5,4,25,2
1524924000,7720.5,7703.878897033435,46.559915760477345,5,4,25,3
1524920400,7718.96,7706.620915754629,51.77569268171443,5,4,25,4
1524916800,7593.96,7686.137112890151,51.57672818494847,5,4,25,5
1524913200,7648.27,7679.252183273759,38.607920373149106,5,4,25,6
1524909600,7646.26,7673.253604496712,45.07050635588876,5,4,25,7
1524906000,7641.19,7667.423858224583,44.88219823623427,5,4,25,8
1524902400,7529.93,7642.424974911022,44.3785282291563,5,4,25,9
1524898800,7561.74,7627.754979472654,35.076053925220506,5,4,25,10
1524895200,7547.97,7613.248619568534,39.012256540389316,5,4,25,11
1524891600,7527.01,7597.568870556073,37.939937295112166,5,4,25,12
1524888000,7546.21,7588.230894091332,36.30416984914069,5,4,25,13
1524884400,7470.02,7566.738004256544,38.9027794549359,5,4,25,14
1524880800,7496.72,7554.007458028081,33.12719283821998,5,4,25,15
1524877200,7426.59,7530.84064747752,36.6752215099681,5,4,25,16
1524873600,7366.2,7500.9059842997885,31.889355174956933,5,4,25,17
1524870000,7463.61,7494.124896245281,28.44689755576026,5,4,25,18
1524866400,7413.49,7479.464006018867,39.74573706888761,5,4,25,19
1524862800,7398.92,7464.819641288163,36.54787515808721,5,4,25,20
1524859200,7498.34,7470.914251963042,35.64990742716067,5,4,25,21
1524855600,7619.1,7497.857115242488,45.49142968753729,5,4,25,22
1524852000,7666.63,7528.543094289309,54.57823351491982,5,4,25,23
1524848400,7664.1,7553.1898044185255,57.57593274897056,5,5,26,0
1524844800,7627.89,7566.771658160611,57.35893137752046,5,5,26,1
1524841200,7656.0,7582.994993040499,54.20979171450873,5,5,26,2
1524837600,7625.36,7590.69772157859,56.219303425523364,5,5,26,3
1524834000,7695.17,7609.6926812915735,53.46507050423956,5,5,26,4
1524830400,7707.78,7627.5267392385595,58.458623345839236,5,5,26,5
1524826800,7761.5,7651.885513922457,59.308041070492834,5,5,26,6
1524823200,7753.11,7670.289965936555,62.79794128182264,5,5,26,7
1524819600,7666.72,7669.640881220817,61.90496376279523,5,5,26,8
1524816000,7634.08,7663.175266453395,53.473215766079626,5,5,26,9
1524812400,7632.92,7657.674308916414,50.6653609708574,5,5,26,10
1524808800,7573.51,7642.371707295248,50.56374310231064,5,5,26,11
1524805200,7605.91,7635.742305968839,45.52737152736642,5,5,26,12
1524801600,7552.66,7620.636432156322,48.53785713495654,5,5,26,13
1524798000,7645.77,7625.206171764264,44.21303875862898,5,5,26,14
1524794400,7629.17,7625.926867807125,52.22832666174337,5,5,26,15
1524790800,7609.94,7623.020164569465,50.826252596502876,5,5,26,16
1524787200,7659.94,7629.732861920471,49.17921939131693,5,5,26,17
1524783600,7609.05,7625.972341571294,53.40698125605166,5,5,26,18
1524780000,7512.15,7605.277370376512,48.94408746880887,5,5,26,19
1524776400,7522.17,7590.166939398964,41.78419402082024,5,5,26,20
1524772800,7326.08,7542.151132235515,42.717358053625986,5,5,26,21
1524769200,7301.95,7498.478199101784,31.930495533462462,5,5,26,22
1524765600,7305.01,7463.30216290146,30.896573857563283,5,5,26,23
1524762000,7332.64,7439.545406010285,31.200812293989415,5,6,27,0
1524758400,7267.42,7408.249877644777,34.02527740714851,5,6,27,1
1524754800,7277.49,7384.475354436636,30.809927955954365,5,6,27,2
1524751200,7248.49,7359.750744539066,31.88029474337607,5,6,27,3
1524747600,7302.63,7349.365154622871,30.420767455969823,5,6,27,4
1524744000,7276.24,7336.069671964167,36.28531322965656,5,6,27,5
1524740400,7271.86,7324.3951861525,34.74790502597838,5,6,27,6
1524736800,7173.12,7296.890606852045,34.48673113897556,5,6,27,7
1524733200,7161.69,7272.308678333491,29.164856227538166,5,6,27,8
1524729600,7276.16,7273.008918636492,28.614384733410205,5,6,27,9
1524726000,7252.65,7269.307297066221,40.68823944483043,5,6,27,10
1524722400,7285.56,7272.262333963271,39.221004765210395,5,6,27,11
1524718800,7327.3,7282.2691823335845,42.35468472441302,5,6,27,12
1524715200,7227.26,7272.267512818386,46.14712918626933,5,6,27,13
1524711600,7275.57,7272.867965033224,39.44842498628535,5,6,27,14
1524708000,7198.45,7259.337425936274,43.69865942193683,5,6,27,15
1524704400,7241.97,7256.179712129678,38.99330680154597,5,6,27,16
1524700800,7275.89,7259.763400833372,42.74027387516389,5,6,27,17
1539097200,5753.82,6985.955509772758,45.54746593767008,5,6,27,18
1539093600,5748.44,6760.952689814074,13.519114768771772,5,6,27,19
1539090000,5769.95,6580.7703825751505,13.48302450811083,5,6,27,20
1539086400,5779.33,6435.053949379668,14.466180538778303,5,6,27,21
1539082800,5784.65,6316.798685856091,14.920221028195044,5,6,27,22
1539079200,5772.99,6217.924379336801,15.195181789961808,5,6,27,23
1539075600,5764.84,6135.5454012755645,15.08014901305718,5,0,28,0
1539072000,5773.71,6069.757146498188,14.994701922011842,5,0,28,1
1539068400,5773.42,6015.8776653167,15.555509230523455,5,0,28,2
1539064800,5765.92,5970.4308170773,15.551896711898536,5,0,28,3
1539061200,5769.55,5933.907032154155,15.451952608036066,5,0,28,4
1539057600,5762.03,5902.656662671581,15.734216369033419,5,0,28,5
1539054000,5747.86,5874.511814913111,15.617892225855286,5,0,28,6
1539050400,5760.29,5853.744212201636,15.387049188824363,5,0,28,7
1539046800,5772.79,5839.025264528611,16.552234580534204,5,0,28,8
1539043200,5769.09,5826.309761887045,17.778451792875643,5,0,28,9
1539039600,5765.61,5815.273441543946,17.695563444418028,5,0,28,10
1539036000,5781.63,5809.156452172319,17.612390884850115,5,0,28,11
1539032400,5783.89,5804.5625517773515,19.4884301217475,5,0,28,12
1539028800,5788.72,5801.682087817833,19.765997922013767,5,0,28,13
1539025200,5754.43,5793.090799123682,20.397624205055152,5,0,28,14
1539021600,5782.61,5791.1851992830125,19.23963727956813,5,0,28,15
1539018000,5772.22,5787.736981231556,23.103221660099976,5,0,28,16
1539014400,5787.11,5787.622984644,22.67254468946149,5,0,28,17
1539010800,5778.75,5786.009714708727,24.835055462093692,5,0,28,18
1539007200,5776.09,5784.206130216231,24.42209942554213,5,0,28,19
1539003600,5791.09,5785.457742904189,24.283738241393678,5,0,28,20
1539000000,5755.57,5780.0236078307,26.802134121444922,5,0,28,21
1538996400,5736.23,5772.061133679663,24.70651342061666,5,0,28,22
1538992800,5723.76,5763.27910937427,23.623447772060587,5,0,28,23
1538989200,5716.68,5754.806544033494,22.92560311735079,5,1,29,0
1538985600,5701.72,5745.154445118314,22.518866301515118,5,1,29,1
1538982000,5699.86,5736.919091460438,21.645022566716918,5,1,29,2
1538978400,5703.43,5730.830165740357,21.53314045326357,5,1,29,3
1538974800,5704.31,5726.008317423929,22.362634670757245,5,1,29,4
1538971200,5700.1,5721.297714255941,22.57989477729558,5,1,29,5
1538967600,5703.1,5717.989038936679,22.258973553415444,5,1,29,6
1538964000,5707.62,5716.10375913001,23.0977369858999,5,1,29,7
1538960400,5710.41,5715.068530197281,24.420838452798677,5,1,29,8
1538956800,5707.69,5713.72697925232,25.27544812161156,5,1,29,9
1538953200,5685.27,5708.552983024625,24.978904556097376,5,1,29,10
1538949600,5682.63,5703.839713383784,22.622835251270416,5,1,29,11
1538946000,5683.69,5700.176129132187,22.355441699632053,5,1,29,12
1538942400,5675.01,5695.600469289971,22.750251199970066,5,1,29,13
1538938800,5688.64,5694.334929419067,21.773888652499593,5,1,29,14
1538935200,5682.93,5692.261305888327,27.066986109145233,5,1,29,15
1538931600,5679.8,5689.995613908632,26.265190561402747,5,1,29,16
1538928000,5684.64,5689.021865925244,25.813783532932973,5,1,29,17
1538924400,5679.59,5687.306981211563,27.877935270708022,5,1,29,18
1538920800,5681.18,5686.192984627642,27.032773767549884,5,1,29,19
1538917200,5685.73,5686.108805604434,27.775204349340214,5,1,29,20
1538913600,5673.88,5683.885386403627,29.971063610093807,5,1,29,21
1538910000,5675.29,5682.322588875695,27.616160142466,5,1,29,22
1538906400,5676.12,5681.194845443751,28.337678314457136,5,1,29,23
1538902800,5655.62,5676.544873544886,28.787670025642328,5,2,30,0
1538899200,5675.74,5676.398532900361,24.66762932891811,5,2,30,1
1538895600,5698.22,5680.366072373022,34.56587221358953,5,2,30,2
1538892000,5695.37,5683.094059214291,43.49868160893562,5,2,30,3
1538888400,5697.49,5685.71150299351,42.70275525778123,5,2,30,4
1538884800,5710.58,5690.233047903781,43.53048118778137,5,2,30,5
1538881200,5713.82,5694.521584648548,48.47952344945093,5,2,30,6
1538877600,5718.63,5698.904932894266,49.655633609748605,5,2,30,7
1538874000,5708.2,5700.594945095308,51.42833612469134,5,2,30,8
1538870400,5705.45,5701.477682350706,47.52088614339511,5,2,30,9
1538866800,5698.79,5700.989012832396,46.517336496939656,5,2,30,10
1538863200,5694.99,5699.898283226506,44.08898976226521,5,2,30,11
1538859600,5697.59,5699.47859536714,42.71871368357275,5,2,30,12
1538856000,5678.41,5695.647941664023,44.0011374816716,5,2,30,13
1538852400,5669.59,5690.910134088746,37.35684248621103,5,2,30,14
1538848800,5686.77,5690.157382436248,34.75764091805206,5,2,30,15
