,Prix,ema,rsi,month,weekday,day,hour
1524909600,7646.26,7673.253604496712,45.07050635588876,5,4,25,7
1524906000,7641.19,7667.423858224583,44.88219823623427,5,4,25,8
1524902400,7529.93,7642.424974911022,44.3785282291563,5,4,25,9
1524898800,7561.74,7627.754979472654,35.076053925220506,5,4,25,10
1524895200,7547.97,7613.248619568534,39.012256540389316,5,4,25,11
1524891600,7527.01,7597.568870556073,37.939937295112166,5,4,25,12
1524888000,7546.21,7588.230894091332,36.30416984914069,5,4,25,13
1524884400,7470.02,7566.738004256544,38.9027794549359,5,4,25,14
1524880800,7496.72,7554.007458028081,33.12719283821998,5,4,25,15
1524877200,7426.59,7530.84064747752,36.6752215099681,5,4,25,16
1524873600,7366.2,7500.9059842997885,31.889355174956933,5,4,25,17
1524870000,7463.61,7494.124896245281,28.44689755576026,5,4,25,18
1524866400,7413.49,7479.464006018867,39.74573706888761,5,4,25,19
1524862800,7398.92,7464.819641288163,36.54787515808721,5,4,25,20
1524859200,7498.34,7470.914251963042,35.64990742716067,5,4,25,21
1524855600,7619.1,7497.857115242488,45.49142968753729,5,4,25,22
1524852000,7666.63,7528.543094289309,54.57823351491982,5,4,25,23
1524848400,7664.1,7553.1898044185255,57.57593274897056,5,5,26,0
1524844800,7627.89,7566.771658160611,57.35893137752046,5,5,26,1
1524841200,7656.0,7582.994993040499,54.20979171450873,5,5,26,2
1524837600,7625.36,7590.69772157859,56.219303425523364,5,5,26,3
1524834000,7695.17,7609.6926812915735,53.46507050423956,5,5,26,4
1524830400,7707.78,7627.5267392385595,58.458623345839236,5,5,26,5
1524826800,7761.5,7651.885513922457,59.308041070492834,5,5,26,6
1524823200,7753.11,7670.289965936555,62.79794128182264,5,5,26,7
1524819600,7666.72,7669.640881220817,61.90496376279523,5,5,26,8
1524816000,7634.08,7663.175266453395,53.473215766079626,5,5,26,9
1524812400,7632.92,7657.674308916414,50.6653609708574,5,5,26,10
1524808800,7573.51,7642.371707295248,50.56374310231064,5,5,26,11
1524805200,7605.91,7635.742305968839,45.52737152736642,5,5,26,12
1524801600,7552.66,7620.636432156322,48.53785713495654,5,5,26,13
1524798000,7645.77,7625.206171764264,44.21303875862898,5,5,26,14
1524794400,7629.17,7625.926867807125,52.22832666174337,5,5,26,15
1524790800,7609.94,7623.020164569465,50.826252596502876,5,5,26,16
1524787200,7659.94,7629.732861920471,49.17921939131693,5,5,26,17
1524783600,7609.05,7625.972341571294,53.40698125605166,5,5,26,18
1524780000,7512.15,7605.277370376512,48.94408746880887,5,5,26,19
1524776400,7522.17,7590.166939398964,41.78419402082024,5,5,26,20
1524772800,7326.08,7542.151132235515,42.717358053625986,5,5,26,21
1524769200,7301.95,7498.478199101784,31.930495533462462,5,5,26,22
1524765600,7305.01,7463.30216290146,30.896573857563283,5,5,26,23
1524762000,7332.64,7439.545406010285,31.200812293989415,5,6,27,0
1524758400,7267.42,7408.249877644777,34.02527740714851,5,6,27,1
1524754800,7277.49,7384.475354436636,30.809927955954365,5,6,27,2
1524751200,7248.49,7359.750744539066,31.88029474337607,5,6,27,3
1524747600,7302.63,7349.365154622871,30.420767455969823,5,6,27,4
1524744000,7276.24,7336.069671964167,36.28531322965656,5,6,27,5
1524740400,7271.86,7324.3951861525,34.74790502597838,5,6,27,6
1524736800,7173.12,7296.890606852045,34.48673113897556,5,6,27,7
1524733200,7161.69,7272.308678333491,29.164856227538166,5,6,27,8
1524729600,7276.16,7273.008918636492,28.614384733410205,5,6,27,9
1524726000,7252.65,7269.307297066221,40.68823944483043,5,6,27,10
1524722400,7285.56,7272.262333963271,39.221004765210395,5,6,27,11
1524718800,7327.3,7282.2691823335845,42.35468472441302,5,6,27,12
1524715200,7227.26,7272.267512818386,46.14712918626933,5,6,27,13
1524711600,7275.57,7272.867965033224,39.44842498628535,5,6,27,14
1524708000,7198.45,7259.337425936274,43.69865942193683,5,6,27,15
1524704400,7241.97,7256.179712129678,38.99330680154597,5,6,27,16
1524700800,7275.89,7259.763400833372,42.74027387516389,5,6,27,17
1539097200,5753.82,6985.955509772758,45.54746593767008,5,6,27,18
1539093600,5748.44,6760.952689814074,13.519114768771772,5,6,27,19
1539090000,5769.95,6580.7703825751505,13.48302450811083,5,6,27,20
1539086400,5779.33,6435.053949379668,14.466180538778303,5,6,27,21
1539082800,5784.65,6316.798685856091,14.920221028195044,5,6,27,22
1539079200,5772.99,6217.924379336801,15.195181789961808,5,6,27,23
1539075600,5764.84,6135.5454012755645,15.08014901305718,5,0,28,0
1539072000,5773.71,6069.757146498188,14.994701922011842,5,0,28,1
1539068400,5773.42,6015.8776653167,15.555509230523455,5,0,28,2
1539064800,5765.92,5970.4308170773,15.551896711898536,5,0,28,3
1539061200,5769.55,5933.907032154155,15.451952608036066,5,0,28,4
1539057600,5762.03,5902.656662671581,15.734216369033419,5,0,28,5
1539054000,5747.86,5874.511814913111,15.617892225855286,5,0,28,6
1539050400,5760.29,5853.744212201636,15.387049188824363,5,0,28,7
1539046800,5772.79,5839.025264528611,16.552234580534204,5,0,28,8
1539043200,5769.09,5826.309761887045,17.778451792875643,5,0,28,9
1539039600,5765.61,5815.273441543946,17.695563444418028,5,0,28,10
1539036000,5781.63,5809.156452172319,17.612390884850115,5,0,28,11
1539032400,5783.89,5804.5625517773515,19.4884301217475,5,0,28,12
1539028800,5788.72,5801.682087817833,19.765997922013767,5,0,28,13
1539025200,5754.43,5793.090799123682,20.397624205055152,5,0,28,14
1539021600,5782.61,5791.1851992830125,19.23963727956813,5,0,28,15
1539018000,5772.22,5787.736981231556,23.103221660099976,5,0,28,16
1539014400,5787.11,5787.622984644,22.67254468946149,5,0,28,17
1539010800,5778.75,5786.009714708727,24.835055462093692,5,0,28,18
1539007200,5776.09,5784.206130216231,24.42209942554213,5,0,28,19
1539003600,5791.09,5785.457742904189,24.283738241393678,5,0,28,20
1539000000,5755.57,5780.0236078307,26.802134121444922,5,0,28,21
1538996400,5736.23,5772.061133679663,24.70651342061666,5,0,28,22
1538992800,5723.76,5763.27910937427,23.623447772060587,5,0,28,23
1538989200,5716.68,5754.806544033494,22.92560311735079,5,1,29,0
1538985600,5701.72,5745.154445118314,22.518866301515118,5,1,29,1
1538982000,5699.86,5736.919091460438,21.645022566716918,5,1,29,2
1538978400,5703.43,5730.830165740357,21.53314045326357,5,1,29,3
1538974800,5704.31,5726.008317423929,22.362634670757245,5,1,29,4
1538971200,5700.1,5721.297714255941,22.57989477729558,5,1,29,5
1538967600,5703.1,5717.989038936679,22.258973553415444,5,1,29,6
1538964000,5707.62,5716.10375913001,23.0977369858999,5,1,29,7
1538960400,5710.41,5715.068530197281,24.420838452798677,5,1,29,8
1538956800,5707.69,5713.72697925232,25.27544812161156,5,1,29,9
1538953200,5685.27,5708.552983024625,24.978904556097376,5,1,29,10
1538949600,5682.63,5703.839713383784,22.622835251270416,5,1,29,11
1538946000,5683.69,5700.176129132187,22.355441699632053,5,1,29,12
1538942400,5675.01,5695.600469289971,22.750251199970066,5,1,29,13
1538938800,5688.64,5694.334929419067,21.773888652499593,5,1,29,14
1538935200,5682.93,5692.261305888327,27.066986109145233,5,1,29,15
1538931600,5679.8,5689.995613908632,26.265190561402747,5,1,29,16
1538928000,5684.64,5689.021865925244,25.813783532932973,5,1,29,17
1538924400,5679.59,5687.306981211563,27.877935270708022,5,1,29,18
1538920800,5681.18,5686.192984627642,27.032773767549884,5,1,29,19
1538917200,5685.73,5686.108805604434,27.775204349340214,5,1,29,20
1538913600,5673.88,5683.885386403627,29.971063610093807,5,1,29,21
1538910000,5675.29,5682.322588875695,27.616160142466,5,1,29,22
1538906400,5676.12,5681.194845443751,28.337678314457136,5,1,29,23
1538902800,5655.62,5676.544873544886,28.787670025642328,5,2,30,0
1538899200,5675.74,5676.398532900361,24.66762932891811,5,2,30,1
1538895600,5698.22,5680.366072373022,34.56587221358953,5,2,30,2
1538892000,5695.37,5683.094059214291,43.49868160893562,5,2,30,3
1538888400,5697.49,5685.71150299351,42.70275525778123,5,2,30,4
1538884800,5710.58,5690.233047903781,43.53048118778137,5,2,30,5
1538881200,5713.82,5694.521584648548,48.47952344945093,5,2,30,6
1538877600,5718.63,5698.904932894266,49.655633609748605,5,2,30,7
1538874000,5708.2,5700.594945095308,51.42833612469134,5,2,30,8
1538870400,5705.45,5701.477682350706,47.52088614339511,5,2,30,9
1538866800,5698.79,5700.989012832396,46.517336496939656,5,2,30,10
1538863200,5694.99,5699.898283226506,44.08898976226521,5,2,30,11
1538859600,5697.59,5699.47859536714,42.71871368357275,5,2,30,12
1538856000,5678.41,5695.647941664023,44.0011374816716,5,2,30,13
1538852400,5669.59,5690.910134088746,37.35684248621103,5,2,30,14
1538848800,5686.77,5690.157382436248,34.75764091805206,5,2,30,15
1538845200,5665.89,5685.7451310842025,43.06709347821389,5,2,30,16
1538841600,5697.37,5687.858743614348,36.91360689891171,5,2,30,17
1538838000,5690.06,5688.258972048103,48.79299304587656,5,2,30,18
1538834400,5693.04,5689.128249857538,46.59867677704777,5,2,30,19
1538830800,5701.98,5691.464931701622,47.63259546187008,5,2,30,20
1538827200,5696.7,5692.416762301327,50.715437077248446,5,2,30,21
1538823600,5719.07,5697.262805519267,48.885032234187385,5,2,30,22
1538820000,5715.03,5700.493204515764,56.112191475700165,5,2,30,23
1538816400,5716.77,5703.452621876534,54.61044940480599,5,3,31,0
1538812800,5717.61,5706.026690626255,55.16697953596384,5,3,31,1
1538809200,5717.49,5708.110928694208,55.45095831461536,5,3,31,2
1538805600,5718.21,5709.947123477079,55.396974871498,5,3,31,3
1538802000,5714.14,5710.709464663064,55.675797737187594,5,3,31,4
1538798400,5706.82,5710.00228926978,53.63473295020918,5,3,31,5
1538794800,5707.15,5709.483691220728,50.07886079854384,5,3,31,6
1538791200,5726.94,5712.657565544232,50.23902903856247,5,3,31,7
1538787600,5726.63,5715.198008172553,58.78014980906939,5,3,31,8
1538784000,5741.71,5720.018370322998,58.61044208975574,5,3,31,9
1538780400,5730.68,5721.956848446089,64.04815660313363,5,3,31,10
1538776800,5707.52,5719.331966910436,58.04162166609112,5,3,31,11
1538773200,5697.91,5715.4370638358105,47.886633813140364,5,3,31,12
1538769600,5693.91,5711.5230522292995,44.414220366807676,5,3,31,13
1538766000,5689.58,5707.533406369426,43.0160224303962,5,3,31,14
1538762400,5693.63,5705.005514302258,41.49324442101418,5,3,31,15
1538758800,5698.59,5703.839057156393,43.50765395179508,5,3,31,16
1538755200,5704.4,5703.941046764321,45.96154897849308,5,3,31,17
1538751600,5703.53,5703.866310988989,48.76879257876865,5,3,31,18
1538748000,5695.54,5702.352436263718,48.36363501844143,5,3,31,19
1538744400,5697.22,5701.419266033951,44.691496529483615,5,3,31,20
1538740800,5703.21,5701.744854027778,45.6263335890706,5,3,31,21
1538737200,5695.25,5700.563971477272,48.94013085061587,5,3,31,22
1538733600,5698.17,5700.12870393595,45.014074153620136,5,3,31,23
1538730000,5694.06,5699.025303220324,46.70314358406224,6,4,1,0
1538726400,5696.69,5698.60070263481,44.62526383510608,6,4,1,1
1538722800,5704.28,5699.633302155753,46.27255031033026,6,4,1,2
1538719200,5701.1,5699.899974491071,50.819509241639224,6,4,1,3
1538715600,5695.71,5699.138160947239,48.95033204131971,6,4,1,4
1538712000,5694.68,5698.3275862295595,45.87068089624639,6,4,1,5
1538708400,5682.91,5695.524388733276,45.28437081411099,6,4,1,6
