,Prix,ema,rsi,month,weekday,day,hour
1539028800,5788.72,5801.682087817833,19.765997922013767,5,0,28,13
1539025200,5754.43,5793.090799123682,20.397624205055152,5,0,28,14
1539021600,5782.61,5791.1851992830125,19.23963727956813,5,0,28,15
1539018000,5772.22,5787.736981231556,23.103221660099976,5,0,28,16
1539014400,5787.11,5787.622984644,22.67254468946149,5,0,28,17
1539010800,5778.75,5786.009714708727,24.835055462093692,5,0,28,18
1539007200,5776.09,5784.206130216231,24.42209942554213,5,0,28,19
1539003600,5791.09,5785.457742904189,24.283738241393678,5,0,28,20
1539000000,5755.57,5780.0236078307,26.802134121444922,5,0,28,21
1538996400,5736.23,5772.061133679663,24.70651342061666,5,0,28,22
1538992800,5723.76,5763.27910937427,23.623447772060587,5,0,28,23
1538989200,5716.68,5754.806544033494,22.92560311735079,5,1,29,0
1538985600,5701.72,5745.154445118314,22.518866301515118,5,1,29,1
1538982000,5699.86,5736.919091460438,21.645022566716918,5,1,29,2
1538978400,5703.43,5730.830165740357,21.53314045326357,5,1,29,3
1538974800,5704.31,5726.008317423929,22.362634670757245,5,1,29,4
1538971200,5700.1,5721.297714255941,22.57989477729558,5,1,29,5
1538967600,5703.1,5717.989038936679,22.258973553415444,5,1,29,6
1538964000,5707.62,5716.10375913001,23.0977369858999,5,1,29,7
1538960400,5710.41,5715.068530197281,24.420838452798677,5,1,29,8
1538956800,5707.69,5713.72697925232,25.27544812161156,5,1,29,9
1538953200,5685.27,5708.552983024625,24.978904556097376,5,1,29,10
1538949600,5682.63,5703.839713383784,22.622835251270416,5,1,29,11
1538946000,5683.69,5700.176129132187,22.355441699632053,5,1,29,12
1538942400,5675.01,5695.600469289971,22.750251199970066,5,1,29,13
1538938800,5688.64,5694.334929419067,21.773888652499593,5,1,29,14
1538935200,5682.93,5692.261305888327,27.066986109145233,5,1,29,15
1538931600,5679.8,5689.995613908632,26.265190561402747,5,1,29,16
1538928000,5684.64,5689.021865925244,25.813783532932973,5,1,29,17
1538924400,5679.59,5687.306981211563,27.877935270708022,5,1,29,18
1538920800,5681.18,5686.192984627642,27.032773767549884,5,1,29,19
1538917200,5685.73,5686.108805604434,27.775204349340214,5,1,29,20
1538913600,5673.88,5683.885386403627,29.971063610093807,5,1,29,21
1538910000,5675.29,5682.322588875695,27.616160142466,5,1,29,22
1538906400,5676.12,5681.194845443751,28.337678314457136,5,1,29,23
1538902800,5655.62,5676.544873544886,28.787670025642328,5,2,30,0
1538899200,5675.74,5676.398532900361,24.66762932891811,5,2,30,1
1538895600,5698.22,5680.366072373022,34.56587221358953,5,2,30,2
1538892000,5695.37,5683.094059214291,43.49868160893562,5,2,30,3
1538888400,5697.49,5685.71150299351,42.70275525778123,5,2,30,4
1538884800,5710.58,5690.233047903781,43.53048118778137,5,2,30,5
1538881200,5713.82,5694.521584648548,48.47952344945093,5,2,30,6
1538877600,5718.63,5698.904932894266,49.655633609748605,5,2,30,7
1538874000,5708.2,5700.594945095308,51.42833612469134,5,2,30,8
1538870400,5705.45,5701.477682350706,47.52088614339511,5,2,30,9
1538866800,5698.79,5700.989012832396,46.517336496939656,5,2,30,10
1538863200,5694.99,5699.898283226506,44.08898976226521,5,2,30,11
1538859600,5697.59,5699.47859536714,42.71871368357275,5,2,30,12
1538856000,5678.41,5695.647941664023,44.0011374816716,5,2,30,13
1538852400,5669.59,5690.910134088746,37.35684248621103,5,2,30,14
1538848800,5686.77,5690.157382436248,34.75764091805206,5,2,30,15
1538845200,5665.89,5685.7451310842025,43.06709347821389,5,2,30,16
1538841600,5697.37,5687.858743614348,36.91360689891171,5,2,30,17
1538838000,5690.06,5688.258972048103,48.79299304587656,5,2,30,18
1538834400,5693.04,5689.128249857538,46.59867677704777,5,2,30,19
1538830800,5701.98,5691.464931701622,47.63259546187008,5,2,30,20
1538827200,5696.7,5692.416762301327,50.715437077248446,5,2,30,21
1538823600,5719.07,5697.262805519267,48.885032234187385,5,2,30,22
1538820000,5715.03,5700.493204515764,56.112191475700165,5,2,30,23
1538816400,5716.77,5703.452621876534,54.61044940480599,5,3,31,0
1538812800,5717.61,5706.026690626255,55.16697953596384,5,3,31,1
1538809200,5717.49,5708.110928694208,55.45095831461536,5,3,31,2
1538805600,5718.21,5709.947123477079,55.396974871498,5,3,31,3
1538802000,5714.14,5710.709464663064,55.675797737187594,5,3,31,4
1538798400,5706.82,5710.00228926978,53.63473295020918,5,3,31,5
1538794800,5707.15,5709.483691220728,50.07886079854384,5,3,31,6
1538791200,5726.94,5712.657565544232,50.23902903856247,5,3,31,7
1538787600,5726.63,5715.198008172553,58.78014980906939,5,3,31,8
1538784000,5741.71,5720.018370322998,58.61044208975574,5,3,31,9
1538780400,5730.68,5721.956848446089,64.04815660313363,5,3,31,10
1538776800,5707.52,5719.331966910436,58.04162166609112,5,3,31,11
1538773200,5697.91,5715.4370638358105,47.886633813140364,5,3,31,12
1538769600,5693.91,5711.5230522292995,44.414220366807676,5,3,31,13
1538766000,5689.58,5707.533406369426,43.0160224303962,5,3,31,14
1538762400,5693.63,5705.005514302258,41.49324442101418,5,3,31,15
1538758800,5698.59,5703.839057156393,43.50765395179508,5,3,31,16
1538755200,5704.4,5703.941046764321,45.96154897849308,5,3,31,17
1538751600,5703.53,5703.866310988989,48.76879257876865,5,3,31,18
1538748000,5695.54,5702.352436263718,48.36363501844143,5,3,31,19
1538744400,5697.22,5701.419266033951,44.691496529483615,5,3,31,20
1538740800,5703.21,5701.744854027778,45.6263335890706,5,3,31,21
1538737200,5695.25,5700.563971477272,48.94013085061587,5,3,31,22
1538733600,5698.17,5700.12870393595,45.014074153620136,5,3,31,23
1538730000,5694.06,5699.025303220324,46.70314358406224,6,4,1,0
1538726400,5696.69,5698.60070263481,44.62526383510608,6,4,1,1
1538722800,5704.28,5699.633302155753,46.27255031033026,6,4,1,2
1538719200,5701.1,5699.899974491071,50.819509241639224,6,4,1,3
1538715600,5695.71,5699.138160947239,48.95033204131971,6,4,1,4
1538712000,5694.68,5698.3275862295595,45.87068089624639,6,4,1,5
1538708400,5682.91,5695.524388733276,45.28437081411099,6,4,1,6
1538704800,5716.28,5699.298136236316,39.129482198133466,6,4,1,7
1538701200,5725.38,5704.040293284258,56.98162314341822,6,4,1,8
1538697600,5703.83,5704.002058141665,60.39296694568238,6,4,1,9
1538694000,5705.79,5704.3271384795435,50.23380055559312,6,4,1,10
1538690400,5701.34,5703.784022392354,51.040482464327475,6,4,1,11
1538686800,5702.02,5703.46329104829,49.09471383390768,6,4,1,12
1538683200,5712.33,5705.0754199486,49.412077247148574,6,4,1,13
1538679600,5712.21,5706.3726163215815,54.085921961478434,6,4,1,14
1538676000,5705.83,5706.273958808566,54.023359146482434,6,4,1,15
1538672400,5706.44,5706.3041481161,50.6676310817803,6,4,1,16
1538668800,5700.03,5705.1633939131725,50.98114883876951,6,4,1,17
1538665200,5687.49,5701.950049565323,47.56063982545977,6,4,1,18
1538661600,5689.99,5699.7754950989,41.670399962144174,6,4,1,19
1538658000,5687.11,5697.472677808191,43.181191588991105,6,4,1,20
1538654400,5688.55,5695.8503727521565,41.836843771425265,6,4,1,21
1538650800,5688.38,5694.492123160855,42.795801832221,6,4,1,22
1538647200,5697.99,5695.128100767972,42.70628297393328,6,4,1,23
1538643600,5702.75,5696.513900628341,49.178062770425115,6,5,2,0
1538640000,5702.98,5697.689555059551,52.066256552596506,6,5,2,1
1538636400,5704.69,5698.962363230542,52.20758826683601,6,5,2,2
1538632800,5711.3,5701.205569915897,53.3098296087199,6,5,2,3
1538629200,5727.17,5705.926375385734,57.39979360613187,6,5,2,4
1538625600,5723.34,5709.092488951964,65.26664449299453,6,5,2,5
1538622000,5723.2,5711.657490960697,62.277631301272784,6,5,2,6
1538618400,5714.58,5712.18885624057,62.16555847319281,6,5,2,7
1538614800,5654.86,5701.765427833193,55.53842499091055,6,5,2,8
1538611200,5636.31,5689.86444095443,30.93412759586434,6,5,2,9
1538607600,5607.4,5674.870906235443,26.941586678190845,6,5,2,10
1538604000,5602.04,5661.628923283544,22.144602797575686,6,5,2,11
1538600400,5611.54,5652.521846322899,21.38437620430257,6,5,2,12
1538596800,5597.4,5642.499692446008,26.21900536471462,6,5,2,13
1538593200,5613.64,5637.252475637643,23.86638707069102,6,5,2,14
1538589600,5630.83,5636.084752794435,31.471848581706922,6,5,2,15
1538586000,5629.3,5634.851161377265,38.47763206156542,6,5,2,16
1538582400,5629.86,5633.94367749049,38.10424327353002,6,5,2,17
1538578800,5636.74,5634.452099764946,38.34009392163077,6,5,2,18
1538575200,5608.32,5629.700808898592,41.299490468395724,6,5,2,19
1538571600,5596.67,5623.695207280666,34.03305310947546,6,5,2,20
1538568000,5606.07,5620.490624138727,31.580164830199266,6,5,2,21
1538564400,5595.65,5615.9741470225945,35.61257346054447,6,5,2,22
1538560800,5574.04,5608.34975665485,33.271679281227435,6,5,2,23
1538557200,5562.86,5600.078891808514,29.012419722601322,6,6,3,0
1538553600,5564.49,5593.608184206965,27.080920540358306,6,6,3,1
1538550000,5570.28,5589.366696169335,27.835258772627483,6,6,3,2
1538546400,5571.81,5586.174569593092,30.582334242929235,6,6,3,3
1538542800,5570.66,5583.3537387579845,31.326267095357636,6,6,3,4
1538539200,5566.2,5580.234877165623,31.056857946193475,6,6,3,5
1538535600,5595.3,5582.973990408237,29.98000333431648,6,6,3,6
1538532000,5631.01,5591.707810334012,43.697377744426824,6,6,3,7
1538528400,5649.18,5602.157299364191,55.27630083001861,6,6,3,8
1538524800,5645.47,5610.032335843429,59.805823546074734,6,6,3,9
1538521200,5670.96,5621.110092962805,58.50296793081766,6,6,3,10
1538517600,5676.02,5631.093712424113,64.26330399103384,6,6,3,11
1538514000,5663.26,5636.942128347001,65.29323995313787,6,6,3,12
1538510400,5667.65,5642.525377738455,60.55385017434781,6,6,3,13
1538506800,5673.55,5648.166218149645,61.586925076174936,6,6,3,14
1538503200,5648.47,5648.221451213345,62.98980574255028,6,6,3,15
1538499600,5640.95,5646.8993691745545,53.967204164315774,6,6,3,16
1538496000,5671.15,5651.308574779181,51.58142711408084,6,6,3,17
1538492400,5665.64,5653.914288455693,59.352899288968324,6,6,3,18
1538488800,5691.19,5660.691690554658,57.53831239094769,6,6,3,19
1538485200,5684.47,5665.0150195447195,63.1623895735989,6,6,3,20
1538481600,5686.53,5668.926834172951,60.87847002084709,6,6,3,21
1538478000,5687.03,5672.218318868778,61.339965150859484,6,6,3,22
1538474400,5692.66,5675.934988165363,61.458805502801546,6,6,3,23
1538470800,5702.46,5680.757717589842,62.84382461436922,6,0,4,0
1538467200,5693.47,5683.0690416644165,65.1888691328075,6,0,4,1
1538463600,5704.41,5686.94921590725,61.36287677046482,6,0,4,2
1538460000,5704.69,5690.174813015023,64.12241353820978,6,0,4,3
1538456400,5697.53,5691.512119739564,64.19290327744345,6,0,4,4
1538452800,5687.9,5690.8553706960065,60.89798043663113,6,0,4,5
1538449200,5689.43,5690.596212387642,56.68378185160205,6,0,4,6
1538445600,5698.88,5692.102355589888,57.19065642059875,6,0,4,7
1538442000,5671.45,5688.347381846273,60.28209989656727,6,0,4,8
1538438400,5682.7,5687.32058514695,49.18031663039043,6,0,4,9
1538434800,5683.63,5686.649569665687,53.00314309822117,6,0,4,10
1538431200,5690.74,5687.393284271925,53.31577828927163,6,0,4,11
1538427600,5675.06,5685.150868949757,55.739891285337876,6,0,4,12
