,Prix,ema,rsi,month,weekday,day,hour
1538600400,5611.54,5652.521846322899,21.38437620430257,6,5,2,12
1538596800,5597.4,5642.499692446008,26.21900536471462,6,5,2,13
1538593200,5613.64,5637.252475637643,23.86638707069102,6,5,2,14
1538589600,5630.83,5636.084752794435,31.471848581706922,6,5,2,15
1538586000,5629.3,5634.851161377265,38.47763206156542,6,5,2,16
1538582400,5629.86,5633.94367749049,38.10424327353002,6,5,2,17
1538578800,5636.74,5634.452099764946,38.34009392163077,6,5,2,18
1538575200,5608.32,5629.700808898592,41.299490468395724,6,5,2,19
1538571600,5596.67,5623.695207280666,34.03305310947546,6,5,2,20
1538568000,5606.07,5620.490624138727,31.580164830199266,6,5,2,21
1538564400,5595.65,5615.9741470225945,35.61257346054447,6,5,2,22
1538560800,5574.04,5608.34975665485,33.271679281227435,6,5,2,23
1538557200,5562.86,5600.078891808514,29.012419722601322,6,6,3,0
1538553600,5564.49,5593.608184206965,27.080920540358306,6,6,3,1
1538550000,5570.28,5589.366696169335,27.835258772627483,6,6,3,2
1538546400,5571.81,5586.174569593092,30.582334242929235,6,6,3,3
1538542800,5570.66,5583.3537387579845,31.326267095357636,6,6,3,4
1538539200,5566.2,5580.234877165623,31.056857946193475,6,6,3,5
1538535600,5595.3,5582.973990408237,29.98000333431648,6,6,3,6
1538532000,5631.01,5591.707810334012,43.697377744426824,6,6,3,7
1538528400,5649.18,5602.157299364191,55.27630083001861,6,6,3,8
1538524800,5645.47,5610.032335843429,59.805823546074734,6,6,3,9
1538521200,5670.96,5621.110092962805,58.50296793081766,6,6,3,10
1538517600,5676.02,5631.093712424113,64.26330399103384,6,6,3,11
1538514000,5663.26,5636.942128347001,65.29323995313787,6,6,3,12
1538510400,5667.65,5642.525377738455,60.55385017434781,6,6,3,13
1538506800,5673.55,5648.166218149645,61.586925076174936,6,6,3,14
1538503200,5648.47,5648.221451213345,62.98980574255028,6,6,3,15
1538499600,5640.95,5646.8993691745545,53.967204164315774,6,6,3,16
1538496000,5671.15,5651.308574779181,51.58142711408084,6,6,3,17
1538492400,5665.64,5653.914288455693,59.352899288968324,6,6,3,18
1538488800,5691.19,5660.691690554658,57.53831239094769,6,6,3,19
1538485200,5684.47,5665.0150195447195,63.1623895735989,6,6,3,20
1538481600,5686.53,5668.926834172951,60.87847002084709,6,6,3,21
1538478000,5687.03,5672.218318868778,61.339965150859484,6,6,3,22
1538474400,5692.66,5675.934988165363,61.458805502801546,6,6,3,23
1538470800,5702.46,5680.757717589842,62.84382461436922,6,0,4,0
1538467200,5693.47,5683.0690416644165,65.1888691328075,6,0,4,1
1538463600,5704.41,5686.94921590725,61.36287677046482,6,0,4,2
1538460000,5704.69,5690.174813015023,64.12241353820978,6,0,4,3
1538456400,5697.53,5691.512119739564,64.19290327744345,6,0,4,4
1538452800,5687.9,5690.8553706960065,60.89798043663113,6,0,4,5
1538449200,5689.43,5690.596212387642,56.68378185160205,6,0,4,6
1538445600,5698.88,5692.102355589888,57.19065642059875,6,0,4,7
1538442000,5671.45,5688.347381846273,60.28209989656727,6,0,4,8
1538438400,5682.7,5687.32058514695,49.18031663039043,6,0,4,9
1538434800,5683.63,5686.649569665687,53.00314309822117,6,0,4,10
1538431200,5690.74,5687.393284271925,53.31577828927163,6,0,4,11
1538427600,5675.06,5685.150868949757,55.739891285337876,6,0,4,12
1538424000,5677.62,5683.7816200498,49.62054025965072,6,0,4,13
1538420400,5686.06,5684.195870949836,50.57458375513266,6,0,4,14
1538416800,5677.41,5682.962076231684,53.68839085793806,6,0,4,15
1538413200,5677.68,5682.001698735014,50.19790933403203,6,0,4,16
1538409600,5653.62,5676.841389874102,50.30651107445398,6,0,4,17
1538406000,5656.02,5673.055682624265,41.60074719490844,6,0,4,18
1538402400,5654.59,5669.698285783489,42.6665842233891,6,0,4,19
1538398800,5682.73,5672.067688368309,42.17270084765407,6,0,4,20
1538395200,5672.11,5672.075381392253,53.56380657276258,6,0,4,21
1538391600,5668.51,5671.427130230025,49.593340890118725,6,0,4,22
1538388000,5695.26,5675.760379279111,48.28668839355767,6,0,4,23
1538384400,5699.73,5680.118492137454,57.29119850395783,6,1,5,0
1538380800,5689.09,5681.749675385189,58.5888076430875,6,1,5,1
1538377200,5712.35,5687.3133707697,54.355418936858385,6,1,5,2
1538373600,5706.75,5690.847303357026,60.99115814743576,6,1,5,3
1538370000,5704.27,5693.287793655749,58.77571305570483,6,1,5,4
1538366400,5714.42,5697.130012991067,57.77483501299288,6,1,5,5
1538362800,5705.46,5698.6445560836,60.72280315092808,6,1,5,6
1538359200,5712.99,5701.252818613854,56.943414242804806,6,1,5,7
1538355600,5713.01,5703.390487956789,59.23946406682186,6,1,5,8
1538352000,5698.86,5702.566762873736,59.245680411242816,6,1,5,9
1538348400,5704.58,5702.932805987602,53.07801273617122,6,1,5,10
1538344800,5662.15,5695.5177503534915,55.11231621677164,6,1,5,11
1538341200,5649.1,5687.078159380129,40.93495636092328,6,1,5,12
1538337600,5686.96,5687.056675856469,37.72091758984769,6,1,5,13
1538334000,5691.7,5687.9009166098385,49.989009411453836,6,1,5,14
1538330400,5684.88,5687.351659044413,51.282903198440266,6,1,5,15
1538326800,5680.41,5686.089539218156,49.3062702133176,6,1,5,16
1538323200,5685.12,5685.913259360309,48.00038212124242,6,1,5,17
1538319600,5716.71,5691.512666749343,49.51757937775431,6,1,5,18
1538316000,5707.86,5694.484909158554,58.304630038999214,6,1,5,19
1538312400,5703.31,5696.089471129726,55.39554684534913,6,1,5,20
1538308800,5703.56,5697.447749106139,53.90637093547001,6,1,5,21
1538305200,5716.23,5700.862703814113,53.979574978702615,6,1,5,22
1538301600,5670.89,5695.413121302457,57.65040844136569,6,1,5,23
1538298000,5669.11,5690.6307356111,44.09546839165237,6,2,6,0
1538294400,5669.55,5686.7978745909,43.661441684116895,6,2,6,1
1538290800,5671.74,5684.060079210736,43.808676025096666,6,2,6,2
1538287200,5660.87,5679.84370117242,44.58493627220894,6,2,6,3
1538283600,5660.1,5676.253937322888,41.519052887543786,6,2,6,4
1538280000,5667.46,5674.655039627818,41.302388013660085,6,2,6,5
1538276400,5673.13,5674.377759695487,44.29471626928154,6,2,6,6
1538272800,5681.72,5675.7127124781255,46.55511410377871,6,2,6,7
1538269200,5670.76,5674.812219300284,49.873670373104694,6,2,6,8
1538265600,5676.01,5675.029997609323,45.95301128190333,6,2,6,9
1538262000,5682.35,5676.3609071349,48.05935164320834,6,2,6,10
1538258400,5674.61,5676.0425603831,50.56492368666167,6,2,6,11
1538254800,5675.34,5675.914822131627,47.54928108822214,6,2,6,12
1538251200,5680.41,5676.732127198604,47.86509097081502,6,2,6,13
1538247600,5675.88,5676.577194980676,50.11177553324783,6,2,6,14
1538244000,5676.16,5676.5013413478255,48.116590169804525,6,2,6,15
1538240400,5649.52,5671.595642920947,48.25373107553694,6,2,6,16
1538236800,5675.79,5672.358253298957,37.97020008926645,6,2,6,17
1538233200,5647.06,5667.758570880965,49.41791110589365,6,2,6,18
1538229600,5657.99,5665.9824670844255,40.59434652609336,6,2,6,19
1538226000,5656.87,5664.325654887257,44.64378922938259,6,2,6,20
1538222400,5674.98,5666.262808544119,44.31047303757847,6,2,6,21
1538218800,5650.39,5663.376843354279,50.7177174046858,6,2,6,22
1538215200,5648.37,5660.648326380773,43.413879628957005,6,2,6,23
1538211600,5631.01,5655.259539766086,42.86774516524311,6,3,7,0
1538208000,5640.71,5652.614168899525,38.39726371630504,6,3,7,1
1538204400,5618.48,5646.407956372339,42.03472401197277,6,3,7,2
1538200800,5608.7,5639.551964304641,36.68814032870135,6,3,7,3
1538197200,5607.78,5633.775243521979,34.60286093701623,6,3,7,4
1538193600,5605.99,5628.723381063437,34.40475808992629,6,3,7,5
1538190000,5613.93,5626.033675415539,33.99693820048971,6,3,7,6
1538186400,5592.56,5619.9475526127135,37.53402387798028,6,3,7,7
1538182800,5702.95,5635.0389066831285,32.4877598812477,6,3,7,8
1538179200,5714.75,5649.53183274074,61.37565365270005,6,3,7,9
1538175600,5713.43,5661.149681333332,63.188869365986335,6,3,7,10
1538172000,5722.4,5672.286102909089,62.8335193624497,6,3,7,11
1538168400,5736.29,5683.923175107437,64.3026321182943,6,3,7,12
1538164800,5751.07,5696.131688724266,66.5101840909967,6,3,7,13
1538161200,5727.81,5701.89138168349,68.72638771870356,6,3,7,14
1538157600,5731.48,5707.27113046831,61.795717418890746,6,3,7,15
1538154000,5731.14,5711.610924928616,62.43933227934242,6,3,7,16
1538150400,5732.24,5715.361665850685,62.334561431425335,6,3,7,17
1538146800,5733.42,5718.644999332379,62.553484773047316,6,3,7,18
1538143200,5733.81,5721.402272181037,62.803247753072206,6,3,7,19
1538139600,5694.02,5716.42367723903,62.89134435626642,6,3,7,20
1538136000,5747.18,5722.015735922842,49.904874197982075,6,3,7,21
1538132400,5735.44,5724.456511209598,61.37899730315559,6,3,7,22
1538128800,5733.26,5726.0571455351255,58.20814785606804,6,3,7,23
1538125200,5791.42,5737.941300892375,57.61296672813416,6,4,8,0
1538121600,5825.57,5753.873791639216,67.23776233643554,6,4,8,1
1538118000,5785.03,5759.538556795721,71.35129113768797,6,4,8,2
1538114400,5760.92,5759.789728287407,61.482377297989245,6,4,8,3
1538110800,5760.53,5759.924323144242,56.47911201707619,6,4,8,4
1538107200,5746.33,5757.452628027107,56.399160336488244,6,4,8,5
1538103600,5751.55,5756.379422931269,53.43323880304813,6,4,8,6
1538100000,5764.83,5757.91589148922,54.38292750521577,6,4,8,7
1538096400,5758.53,5758.027547582089,56.796900457395715,6,4,8,8
1538092800,5743.61,5755.406175294436,55.301796515172825,6,4,8,9
1538089200,5733.8,5751.477779786357,51.82260040241343,6,4,8,10
1538085600,5762.74,5753.525456188838,49.612482239698565,6,4,8,11
1538082000,5747.02,5752.342645972685,55.62490841877926,6,4,8,12
1538078400,5715.51,5745.645801250379,51.99553587351163,6,4,8,13
1538074800,5592.35,5717.773837386673,45.57631921863962,6,4,8,14
1538071200,5577.56,5692.280412407277,29.991066577910587,6,4,8,15
1538067600,5569.53,5669.962155605954,28.72091361318553,6,4,8,16
1538064000,5566.73,5651.192672768508,28.026894940235806,6,4,8,17
1538060400,5577.82,5637.852186810596,27.77486506064639,6,4,8,18
1538056800,5574.57,5626.346334663215,30.4428124315981,6,4,8,19
1538053200,5568.1,5615.756091997177,30.09199882401461,6,4,8,20
1538049600,5547.15,5603.282257088598,29.366479233594433,6,4,8,21
1538046000,5522.2,5588.540028527034,27.08899475122415,6,4,8,22
1538042400,5517.8,5575.678205158482,24.638319148218784,6,4,8,23
1538038800,5519.24,5565.416713311486,24.22214759222645,6,5,9,0
1538035200,5525.08,5558.08276543667,24.670604069948453,6,5,9,1
1538031600,5530.76,5553.1149899027305,26.56859820426635,6,5,9,2
1538028000,5528.41,5548.62317355678,28.456675078356426,6,5,9,3
1538024400,5522.28,5543.833505637365,28.134361114375693,6,5,9,4
1538020800,5528.64,5541.071050066935,27.26678769331103,6,5,9,5
1538017200,5534.02,5539.789040963855,29.689332004585367,6,5,9,6
1538013600,5532.63,5538.487397152245,31.759895195928664,6,5,9,7
1538010000,5526.24,5536.260597670018,31.50177646651018,6,5,9,8
1538006400,5502.38,5530.100489002742,30.283307410401306,6,5,9,9
1538002800,5506.66,5525.838581911334,26.20712911725822,6,5,9,10
1537999200,5514.37,5523.753385200182,28.07726882140929,6,5,9,11
