,Prix,ema,rsi,month,weekday,day,hour
1538233200,5647.06,5667.758570880965,49.41791110589365,6,2,6,18
1538229600,5657.99,5665.9824670844255,40.59434652609336,6,2,6,19
1538226000,5656.87,5664.325654887257,44.64378922938259,6,2,6,20
1538222400,5674.98,5666.262808544119,44.31047303757847,6,2,6,21
1538218800,5650.39,5663.376843354279,50.7177174046858,6,2,6,22
1538215200,5648.37,5660.648326380773,43.413879628957005,6,2,6,23
1538211600,5631.01,5655.259539766086,42.86774516524311,6,3,7,0
1538208000,5640.71,5652.614168899525,38.39726371630504,6,3,7,1
1538204400,5618.48,5646.407956372339,42.03472401197277,6,3,7,2
1538200800,5608.7,5639.551964304641,36.68814032870135,6,3,7,3
1538197200,5607.78,5633.775243521979,34.60286093701623,6,3,7,4
1538193600,5605.99,5628.723381063437,34.40475808992629,6,3,7,5
1538190000,5613.93,5626.033675415539,33.99693820048971,6,3,7,6
1538186400,5592.56,5619.9475526127135,37.53402387798028,6,3,7,7
1538182800,5702.95,5635.0389066831285,32.4877598812477,6,3,7,8
1538179200,5714.75,5649.53183274074,61.37565365270005,6,3,7,9
1538175600,5713.43,5661.149681333332,63.188869365986335,6,3,7,10
1538172000,5722.4,5672.286102909089,62.8335193624497,6,3,7,11
1538168400,5736.29,5683.923175107437,64.3026321182943,6,3,7,12
1538164800,5751.07,5696.131688724266,66.5101840909967,6,3,7,13
1538161200,5727.81,5701.89138168349,68.72638771870356,6,3,7,14
1538157600,5731.48,5707.27113046831,61.795717418890746,6,3,7,15
1538154000,5731.14,5711.610924928616,62.43933227934242,6,3,7,16
1538150400,5732.24,5715.361665850685,62.334561431425335,6,3,7,17
1538146800,5733.42,5718.644999332379,62.553484773047316,6,3,7,18
1538143200,5733.81,5721.402272181037,62.803247753072206,6,3,7,19
1538139600,5694.02,5716.42367723903,62.89134435626642,6,3,7,20
1538136000,5747.18,5722.015735922842,49.904874197982075,6,3,7,21
1538132400,5735.44,5724.456511209598,61.37899730315559,6,3,7,22
1538128800,5733.26,5726.0571455351255,58.20814785606804,6,3,7,23
1538125200,5791.42,5737.941300892375,57.61296672813416,6,4,8,0
1538121600,5825.57,5753.873791639216,67.23776233643554,6,4,8,1
1538118000,5785.03,5759.538556795721,71.35129113768797,6,4,8,2
1538114400,5760.92,5759.789728287407,61.482377297989245,6,4,8,3
1538110800,5760.53,5759.924323144242,56.47911201707619,6,4,8,4
1538107200,5746.33,5757.452628027107,56.399160336488244,6,4,8,5
1538103600,5751.55,5756.379422931269,53.43323880304813,6,4,8,6
1538100000,5764.83,5757.91589148922,54.38292750521577,6,4,8,7
1538096400,5758.53,5758.027547582089,56.796900457395715,6,4,8,8
1538092800,5743.61,5755.406175294436,55.301796515172825,6,4,8,9
1538089200,5733.8,5751.477779786357,51.82260040241343,6,4,8,10
1538085600,5762.74,5753.525456188838,49.612482239698565,6,4,8,11
1538082000,5747.02,5752.342645972685,55.62490841877926,6,4,8,12
1538078400,5715.51,5745.645801250379,51.99553587351163,6,4,8,13
1538074800,5592.35,5717.773837386673,45.57631921863962,6,4,8,14
1538071200,5577.56,5692.280412407277,29.991066577910587,6,4,8,15
1538067600,5569.53,5669.962155605954,28.72091361318553,6,4,8,16
1538064000,5566.73,5651.192672768508,28.026894940235806,6,4,8,17
1538060400,5577.82,5637.852186810596,27.77486506064639,6,4,8,18
1538056800,5574.57,5626.346334663215,30.4428124315981,6,4,8,19
1538053200,5568.1,5615.756091997177,30.09199882401461,6,4,8,20
1538049600,5547.15,5603.282257088598,29.366479233594433,6,4,8,21
1538046000,5522.2,5588.540028527034,27.08899475122415,6,4,8,22
1538042400,5517.8,5575.678205158482,24.638319148218784,6,4,8,23
1538038800,5519.24,5565.416713311486,24.22214759222645,6,5,9,0
1538035200,5525.08,5558.08276543667,24.670604069948453,6,5,9,1
1538031600,5530.76,5553.1149899027305,26.56859820426635,6,5,9,2
1538028000,5528.41,5548.62317355678,28.456675078356426,6,5,9,3
1538024400,5522.28,5543.833505637365,28.134361114375693,6,5,9,4
1538020800,5528.64,5541.071050066935,27.26678769331103,6,5,9,5
1538017200,5534.02,5539.789040963855,29.689332004585367,6,5,9,6
1538013600,5532.63,5538.487397152245,31.759895195928664,6,5,9,7
1538010000,5526.24,5536.260597670018,31.50177646651018,6,5,9,8
1538006400,5502.38,5530.100489002742,30.283307410401306,6,5,9,9
1538002800,5506.66,5525.838581911334,26.20712911725822,6,5,9,10
1537999200,5514.37,5523.753385200182,28.07726882140929,6,5,9,11
1537995600,5540.35,5526.770951527421,31.447637148661926,6,5,9,12
1537992000,5529.54,5527.274414886071,41.41081931386951,6,5,9,13
1537988400,5544.77,5530.455430361331,38.87883989877775,6,5,9,14
1537984800,5555.81,5535.0653521138165,44.06765579502363,6,5,9,15
1537981200,5555.21,5538.72801536585,47.544021967844095,6,5,9,16
1537977600,5559.09,5542.430194390241,47.371696964137,6,5,9,17
1537974000,5551.45,5544.070159046561,48.66741548924554,6,5,9,18
1537970400,5535.62,5542.533766492641,46.252653818359484,6,5,9,19
1537966800,5540.9,5542.236718039433,41.64221701755043,6,5,9,20
1537963200,5560.98,5545.644587486809,43.659486457418424,6,5,9,21
1537959600,5509.95,5539.154662489206,50.64658407821768,6,5,9,22
1537956000,5491.11,5530.41926930935,37.81265300780121,6,5,9,23
1537952400,5484.86,5522.135765798558,34.35168487958826,6,6,10,0
1537948800,5489.39,5516.18199019882,33.26396208503573,6,6,10,1
1537945200,5473.77,5508.47071925358,34.87360699396055,6,6,10,2
1537941600,5480.59,5503.401497571111,32.006915272996594,6,6,10,3
1537938000,5443.57,5492.523043467272,34.53718504992112,6,6,10,4
1537934400,5433.77,5481.840671927768,28.366369536726395,6,6,10,5
1537930800,5445.17,5475.17327703181,26.991513553138475,6,6,10,6
1537927200,5439.57,5468.699953935116,31.170686544190843,6,6,10,7
1537923600,5451.72,5465.612689583277,30.254518564614585,6,6,10,8
1537920000,5475.79,5467.463109659044,34.736519147903365,6,6,10,9
1537916400,5441.99,5462.831635175581,42.605374378989445,6,6,10,10
1537912800,5441.11,5458.882246961839,36.034986877950004,6,6,10,11
1537909200,5436.96,5454.896383877868,35.87984543852312,6,6,10,12
1537905600,5414.94,5447.631586809164,35.11211190873766,6,6,10,13
1537902000,5404.09,5439.714934662043,31.28673611654081,6,6,10,14
1537898400,5445.58,5440.781310178035,29.57685374850257,6,6,10,15
1537894800,5435.68,5439.853799236574,42.514679843671836,6,6,10,16
1537891200,5446.17,5441.002199375378,40.5980952757622,6,6,10,17
1537887600,5450.06,5442.649072216218,43.504320624415215,6,6,10,18
1537884000,5452.62,5444.4619681769045,44.58699880507411,6,6,10,19
1537880400,5471.42,5449.363428508376,45.32952544567365,6,6,10,20
1537876800,5435.93,5446.920986961399,50.568068475023246,6,6,10,21
1537873200,5453.36,5448.09171660478,42.323434045379635,6,6,10,22
1537869600,5453.01,5448.985949949365,46.902192154834665,6,6,10,23
1537866000,5457.17,5450.47395904948,46.82181144105432,6,0,11,0
1537862400,5427.22,5446.245966495029,47.963317671256895,6,0,11,1
1537858800,5464.9,5449.637608950478,41.11973884732643,6,0,11,2
1537855200,5506.53,5459.981680050391,50.65837451563605,6,0,11,3
1537851600,5505.65,5468.28501095032,58.632083508857946,6,0,11,4
1537848000,5503.0,5474.596827141171,58.41717755683473,6,0,11,5
1537844400,5475.97,5474.846494933685,57.73094757666514,6,0,11,6
1537840800,5484.67,5476.632586763924,51.132914070281,6,0,11,7
1537837200,5549.45,5489.87211644321,52.99503323972758,6,0,11,8
1537833600,5598.54,5509.629913453535,63.99633574597988,6,0,11,9
1537830000,5616.96,5529.144474643801,69.77026511644672,6,0,11,10
1537826400,5638.76,5549.0745701631095,71.6100644121965,6,0,11,11
1537822800,5648.96,5567.23555740618,73.65371675529462,6,0,11,12
1537819200,5637.96,5580.094546968692,74.57589863276122,6,0,11,13
1537815600,5650.72,5592.93553842893,71.66271616034368,6,0,11,14
1537812000,5647.66,5602.885440532761,72.98120900553201,6,0,11,15
1537808400,5615.43,5605.166269526805,72.11464930454628,6,0,11,16
1537804800,5606.04,5605.32512961284,63.55491751562156,6,0,11,17
1537801200,5610.01,5606.176924228687,61.273021106292134,6,0,11,18
1537797600,5603.51,5605.69202891438,61.895934513302336,6,0,11,19
1537794000,5637.21,5611.4225691117645,60.1889164461333,6,0,11,20
1537790400,5594.16,5608.283920182353,65.5011995926027,6,0,11,21
1537786800,5619.53,5610.328661967379,55.34198987177401,6,0,11,22
1537783200,5602.52,5608.908905246038,59.34390881972373,6,0,11,23
1537779600,5648.43,5616.094558837667,55.73742216669115,6,1,12,0
1537776000,5684.1,5628.459184503545,62.38231405589115,6,1,12,1
1537772400,5661.62,5634.488423684717,66.58024231689548,6,1,12,2
1537768800,5694.04,5645.315983014768,61.89254904774083,6,1,12,3
1537765200,5691.18,5653.654895193901,65.64881961428733,6,1,12,4
1537761600,5711.73,5664.214005158646,65.03975471916313,6,1,12,5
1537758000,5708.83,5672.326004220709,67.3814570127993,6,1,12,6
1537754400,5715.72,5680.215821635125,66.70245682282116,6,1,12,7
1537750800,5694.16,5682.751126792375,67.53939243875905,6,1,12,8
1537747200,5707.03,5687.165467375578,62.26538481273645,6,1,12,9
1537743600,5715.74,5692.360836943654,64.06909292576847,6,1,12,10
1537740000,5688.03,5691.573412044808,65.27870614698264,6,1,12,11
1537736400,5683.98,5690.192791673024,58.528057446076396,6,1,12,12
1537732800,5687.59,5689.719556823383,57.5906484444485,6,1,12,13
1537729200,5698.53,5691.321455582767,58.232799555212964,6,1,12,14
1537725600,5687.24,5690.579372749537,60.19958942053593,6,1,12,15
1537722000,5687.29,5689.981304976893,57.2057822307366,6,1,12,16
1537718400,5683.48,5688.799249526548,57.2159300597073,6,1,12,17
1537714800,5688.08,5688.6684768853565,56.123798991058045,6,1,12,18
1537711200,5724.41,5695.166935633473,57.18636863553428,6,1,12,19
1537707600,5730.56,5701.602038245569,64.49882607145409,6,1,12,20
1537704000,5739.93,5708.570758564556,65.57084403585985,6,1,12,21
1537700400,5743.6,5714.939711552819,67.196143566373,6,1,12,22
1537696800,5758.93,5722.937945815943,67.83658633597949,6,1,12,23
1537693200,5721.32,5722.643773849407,70.43327246257844,6,2,13,0
1537689600,5707.74,5719.933996785879,58.05070549724836,6,2,13,1
1537686000,5698.82,5716.095088279355,54.33618242273639,6,2,13,2
1537682400,5716.27,5716.126890410381,51.98325362762098,6,2,13,3
1537678800,5713.05,5715.567455790311,55.99756988724536,6,2,13,4
1537675200,5707.0,5714.009736555709,55.08245158585513,6,2,13,5
1537671600,5696.22,5710.775239000126,53.31935095453091,6,2,13,6
1537668000,5687.53,5706.548831909193,50.23396587280069,6,2,13,7
1537664400,5703.85,5706.05813519843,47.83114709945412,6,2,13,8
1537660800,5713.89,5707.4821106168965,52.432822629871204,6,2,13,9
1537657200,5698.63,5705.872635959279,55.0591235451958,6,2,13,10
1537653600,5692.72,5703.4812476030465,50.49563999927982,6,2,13,11
1537650000,5711.42,5704.9246571297645,48.808390483089426,6,2,13,12
1537646400,5710.23,5705.889264924353,54.041178310720525,6,2,13,13
1537642800,5727.48,5709.814853119924,53.6652392521152,6,2,13,14
1537639200,5679.7,5704.339425279938,58.20415923974689,6,2,13,15
1537635600,5671.2,5698.31407522904,45.042519320162725,6,2,13,16
1537632000,5682.74,5695.482425187396,43.172192286355916,6,2,13,17
