,Prix,ema,rsi,month,weekday,day,hour
1537873200,5453.36,5448.09171660478,42.323434045379635,6,6,10,22
1537869600,5453.01,5448.985949949365,46.902192154834665,6,6,10,23
1537866000,5457.17,5450.47395904948,46.82181144105432,6,0,11,0
1537862400,5427.22,5446.245966495029,47.963317671256895,6,0,11,1
1537858800,5464.9,5449.637608950478,41.11973884732643,6,0,11,2
1537855200,5506.53,5459.981680050391,50.65837451563605,6,0,11,3
1537851600,5505.65,5468.28501095032,58.632083508857946,6,0,11,4
1537848000,5503.0,5474.596827141171,58.41717755683473,6,0,11,5
1537844400,5475.97,5474.846494933685,57.73094757666514,6,0,11,6
1537840800,5484.67,5476.632586763924,51.132914070281,6,0,11,7
1537837200,5549.45,5489.87211644321,52.99503323972758,6,0,11,8
1537833600,5598.54,5509.629913453535,63.99633574597988,6,0,11,9
1537830000,5616.96,5529.144474643801,69.77026511644672,6,0,11,10
1537826400,5638.76,5549.0745701631095,71.6100644121965,6,0,11,11
1537822800,5648.96,5567.23555740618,73.65371675529462,6,0,11,12
1537819200,5637.96,5580.094546968692,74.57589863276122,6,0,11,13
1537815600,5650.72,5592.93553842893,71.66271616034368,6,0,11,14
1537812000,5647.66,5602.885440532761,72.98120900553201,6,0,11,15
1537808400,5615.43,5605.166269526805,72.11464930454628,6,0,11,16
1537804800,5606.04,5605.32512961284,63.55491751562156,6,0,11,17
1537801200,5610.01,5606.176924228687,61.273021106292134,6,0,11,18
1537797600,5603.51,5605.69202891438,61.895934513302336,6,0,11,19
1537794000,5637.21,5611.4225691117645,60.1889164461333,6,0,11,20
1537790400,5594.16,5608.283920182353,65.5011995926027,6,0,11,21
1537786800,5619.53,5610.328661967379,55.34198987177401,6,0,11,22
1537783200,5602.52,5608.908905246038,59.34390881972373,6,0,11,23
1537779600,5648.43,5616.094558837667,55.73742216669115,6,1,12,0
1537776000,5684.1,5628.459184503545,62.38231405589115,6,1,12,1
1537772400,5661.62,5634.488423684717,66.58024231689548,6,1,12,2
1537768800,5694.04,5645.315983014768,61.89254904774083,6,1,12,3
1537765200,5691.18,5653.654895193901,65.64881961428733,6,1,12,4
1537761600,5711.73,5664.214005158646,65.03975471916313,6,1,12,5
1537758000,5708.83,5672.326004220709,67.3814570127993,6,1,12,6
1537754400,5715.72,5680.215821635125,66.70245682282116,6,1,12,7
1537750800,5694.16,5682.751126792375,67.53939243875905,6,1,12,8
1537747200,5707.03,5687.165467375578,62.26538481273645,6,1,12,9
1537743600,5715.74,5692.360836943654,64.06909292576847,6,1,12,10
1537740000,5688.03,5691.573412044808,65.27870614698264,6,1,12,11
1537736400,5683.98,5690.192791673024,58.528057446076396,6,1,12,12
1537732800,5687.59,5689.719556823383,57.5906484444485,6,1,12,13
1537729200,5698.53,5691.321455582767,58.232799555212964,6,1,12,14
1537725600,5687.24,5690.579372749537,60.19958942053593,6,1,12,15
1537722000,5687.29,5689.981304976893,57.2057822307366,6,1,12,16
1537718400,5683.48,5688.799249526548,57.2159300597073,6,1,12,17
1537714800,5688.08,5688.6684768853565,56.123798991058045,6,1,12,18
1537711200,5724.41,5695.166935633473,57.18636863553428,6,1,12,19
1537707600,5730.56,5701.602038245569,64.49882607145409,6,1,12,20
1537704000,5739.93,5708.570758564556,65.57084403585985,6,1,12,21
1537700400,5743.6,5714.939711552819,67.196143566373,6,1,12,22
1537696800,5758.93,5722.937945815943,67.83658633597949,6,1,12,23
1537693200,5721.32,5722.643773849407,70.43327246257844,6,2,13,0
1537689600,5707.74,5719.933996785879,58.05070549724836,6,2,13,1
1537686000,5698.82,5716.095088279355,54.33618242273639,6,2,13,2
1537682400,5716.27,5716.126890410381,51.98325362762098,6,2,13,3
1537678800,5713.05,5715.567455790311,55.99756988724536,6,2,13,4
1537675200,5707.0,5714.009736555709,55.08245158585513,6,2,13,5
1537671600,5696.22,5710.775239000126,53.31935095453091,6,2,13,6
1537668000,5687.53,5706.548831909193,50.23396587280069,6,2,13,7
1537664400,5703.85,5706.05813519843,47.83114709945412,6,2,13,8
1537660800,5713.89,5707.4821106168965,52.432822629871204,6,2,13,9
1537657200,5698.63,5705.872635959279,55.0591235451958,6,2,13,10
1537653600,5692.72,5703.4812476030465,50.49563999927982,6,2,13,11
1537650000,5711.42,5704.9246571297645,48.808390483089426,6,2,13,12
1537646400,5710.23,5705.889264924353,54.041178310720525,6,2,13,13
1537642800,5727.48,5709.814853119924,53.6652392521152,6,2,13,14
1537639200,5679.7,5704.339425279938,58.20415923974689,6,2,13,15
1537635600,5671.2,5698.31407522904,45.042519320162725,6,2,13,16
1537632000,5682.74,5695.482425187396,43.172192286355916,6,2,13,17
1537628400,5668.11,5690.505620607869,46.42478981531821,6,2,13,18
1537624800,5689.16,5690.2609623155295,43.05993740212665,6,2,13,19
1537621200,5678.71,5688.160787349069,48.80906078538374,6,2,13,20
1537617600,5670.98,5685.037007831056,46.309287285747466,6,2,13,21
1537614000,5685.92,5685.197551861773,44.493983211315445,6,2,13,22
1537610400,5684.59,5685.087087886905,48.681094085993614,6,2,13,23
1537606800,5652.32,5679.129435543831,48.33155887765467,6,3,14,0
1537603200,5711.65,5685.042265444952,40.69639229348246,6,3,14,1
1537599600,5719.45,5691.298217182233,54.82615423615975,6,3,14,2
1537596000,5723.76,5697.200359512736,56.30028914834471,6,3,14,3
1537592400,5734.66,5704.011203237693,57.1327111213465,6,3,14,4
1537588800,5725.07,5707.840075376294,59.24697289007706,6,3,14,5
1537585200,5732.99,5712.412788944241,56.60188314315964,6,3,14,6
1537581600,5741.77,5717.750463681652,58.25927606975668,6,3,14,7
1537578000,5777.19,5728.55765210317,60.07941889589775,6,3,14,8
1537574400,5746.66,5731.848988084412,66.43765330395877,6,3,14,9
1537570800,5730.39,5731.58371752361,57.880404337791454,6,3,14,10
1537567200,5719.21,5729.333950701135,53.896354978275276,6,3,14,11
1537563600,5717.73,5727.224141482747,51.284104230213174,6,3,14,12
1537560000,5750.78,5731.507024849519,50.932177458021144,6,3,14,13
1537556400,5738.07,5732.700293058698,57.88279657176733,6,3,14,14
1537552800,5707.9,5728.191148866207,54.67522710926173,6,3,14,15
1537549200,5721.64,5727.000030890533,47.89107477579766,6,3,14,16
1537545600,5695.09,5721.198207092254,50.880288118463696,6,3,14,17
1537542000,5717.42,5720.511260348207,45.45426196138654,6,3,14,18
1537538400,5735.99,5723.325576648533,50.25885875874498,6,3,14,19
1537534800,5726.06,5723.8227445306175,53.89586361075484,6,3,14,20
1537531200,5743.01,5727.311336434142,51.71818666931056,6,3,14,21
1537527600,5697.56,5721.902002537025,55.05637799254734,6,3,14,22
1537524000,5702.76,5718.421638439384,45.89357394027376,6,3,14,23
1537520400,5675.79,5710.670431450404,46.9807710993305,6,4,15,0
1537516800,5652.87,5700.161262095785,42.24003268265667,6,4,15,1
1537513200,5561.4,5674.931941714733,38.66889974517088,6,4,15,2
1537509600,5552.36,5652.646134130235,28.363056175862212,6,4,15,3
1537506000,5563.01,5636.348655197465,27.580705369306244,6,4,15,4
1537502400,5561.84,5622.801626979744,30.029374609796477,6,4,15,5
1537498800,5563.22,5611.968603892517,29.909725574587128,6,4,15,6
1537495200,5525.27,5596.205221366605,30.26266984658865,6,4,15,7
1537491600,5526.57,5583.544272027221,26.33528250224171,6,4,15,8
1537488000,5522.46,5572.438040749545,26.686275164262483,6,4,15,9
1537484400,5550.56,5568.460215158718,26.260264222454992,6,4,15,10
1537480800,5536.28,5562.609266948042,34.01596180175416,6,4,15,11
1537477200,5432.72,5538.993036593853,32.16454874279191,6,4,15,12
1537473600,5462.7,5525.12157539497,22.570370641938467,6,4,15,13
1537470000,5452.4,5511.899470777702,29.15822539455634,6,4,15,14
1537466400,5450.16,5500.674112454483,28.268353226253126,6,4,15,15
1537462800,5472.77,5495.60063746276,28.067735461690205,6,4,15,16
1537459200,5473.44,5491.571430651348,33.21949742179133,6,4,15,17
1537455600,5472.49,5488.10207962383,33.37177963932352,6,4,15,18
1537452000,5473.84,5485.508974237679,33.25598118539729,6,4,15,19
1537448400,5472.74,5483.187342558101,33.60853909745734,6,4,15,20
1537444800,5476.63,5481.995098456628,33.4534779519733,6,4,15,21
1537441200,5472.51,5480.270535100877,34.60257211916067,6,4,15,22
1537437600,5462.12,5476.970437809809,33.93422739922913,6,4,15,23
1537434000,5473.18,5476.281267298934,32.24289420641384,6,5,16,0
1537430400,5485.09,5477.882855062764,35.905069672551434,6,5,16,1
1537426800,5482.19,5478.665972324079,39.68555007457868,6,5,16,2
1537423200,5476.68,5478.304886446974,39.08109921237591,6,5,16,3
1537419600,5475.44,5477.783998002069,37.89994801212926,6,5,16,4
1537416000,5482.52,5478.64508927442,37.6243585549205,6,5,16,5
1537412400,5477.48,5478.433254860888,40.293913399514764,6,5,16,6
1537408800,5489.49,5480.443572158909,39.01386964904823,6,5,16,7
1537405200,5501.93,5484.350195402743,43.610903045747,6,5,16,8
1537401600,5478.59,5483.302887147699,47.98452467801793,6,5,16,9
1537398000,5475.85,5481.947816757208,41.48343787596371,6,5,16,10
1537394400,5481.03,5481.78094098317,40.784854764480926,6,5,16,11
1537390800,5510.78,5487.053497168048,42.74776162374931,6,5,16,12
1537387200,5499.21,5489.263770410221,52.488791304486085,6,5,16,13
1537383600,5286.88,5452.466721244726,48.99726508707419,6,5,16,14
1537380000,5427.03,5447.8418628365935,21.168290439146176,6,5,16,15
1537376400,5421.87,5443.119705957212,43.841287585442586,6,5,16,16
1537372800,5428.25,5440.4161230559,43.346967799015616,6,5,16,17
1537369200,5429.03,5438.345918863918,44.18494406594988,6,5,16,18
1537365600,5404.82,5432.250297252296,44.29343003812346,6,5,16,19
1537362000,5394.33,5425.355697751878,41.59128048185608,6,5,16,20
1537358400,5390.98,5419.1055708879,40.440089033970736,6,5,16,21
1537354800,5413.99,5418.1754670901,40.058762701427256,6,5,16,22
1537351200,5409.77,5416.647200346445,43.967034814672814,6,5,16,23
1537347600,5430.78,5419.216800283454,43.408037454081104,6,6,17,0
1537344000,5431.03,5421.3646547773715,47.019607452020665,6,6,17,1
1537340400,5443.14,5425.323808454213,47.0628986972434,6,6,17,2
1537336800,5432.04,5426.54493418981,49.22713842602204,6,6,17,3
1537333200,5429.88,5427.151309791662,47.31758717836818,6,6,17,4
1537329600,5448.95,5431.11470801136,46.93603966695885,6,6,17,5
1537326000,5446.56,5433.922942918384,50.714596639573905,6,6,17,6
1537322400,5444.62,5435.867862387769,50.23183004937915,6,6,17,7
1537318800,5418.34,5432.680978317265,49.81728399088398,6,6,17,8
1537315200,5431.97,5432.5517095323075,44.464106166098,6,6,17,9
1537311600,5447.25,5435.224125980979,47.60857307804846,6,6,17,10
1537308000,5428.96,5434.085193984437,50.96076685194449,6,6,17,11
1537304400,5423.25,5432.11515871454,47.07782974073215,6,6,17,12
1537300800,5411.73,5428.408766220986,45.90195075015776,6,6,17,13
1537297200,5429.49,5428.605354180807,43.53914949775245,6,6,17,14
1537293600,5430.79,5429.002562511569,47.98448098476934,6,6,17,15
1537290000,5448.13,5432.480278418556,48.30532035734244,6,6,17,16
1537286400,5436.3,5433.174773251545,52.512797204184686,6,6,17,17
1537282800,5441.94,5434.768450842173,49.54975567347874,6,6,17,18
1537279200,5444.31,5436.503277961778,50.970160376466495,6,6,17,19
1537275600,5409.07,5431.515409241454,51.58698946069011,6,6,17,20
1537272000,5374.81,5421.205334833917,42.93712058129299,6,6,17,21
