,Prix,ema,rsi,month,weekday,day,hour
1537570800,5730.39,5731.58371752361,57.880404337791454,6,3,14,10
1537567200,5719.21,5729.333950701135,53.896354978275276,6,3,14,11
1537563600,5717.73,5727.224141482747,51.284104230213174,6,3,14,12
1537560000,5750.78,5731.507024849519,50.932177458021144,6,3,14,13
1537556400,5738.07,5732.700293058698,57.88279657176733,6,3,14,14
1537552800,5707.9,5728.191148866207,54.67522710926173,6,3,14,15
1537549200,5721.64,5727.000030890533,47.89107477579766,6,3,14,16
1537545600,5695.09,5721.198207092254,50.880288118463696,6,3,14,17
1537542000,5717.42,5720.511260348207,45.45426196138654,6,3,14,18
1537538400,5735.99,5723.325576648533,50.25885875874498,6,3,14,19
1537534800,5726.06,5723.8227445306175,53.89586361075484,6,3,14,20
1537531200,5743.01,5727.311336434142,51.71818666931056,6,3,14,21
1537527600,5697.56,5721.902002537025,55.05637799254734,6,3,14,22
1537524000,5702.76,5718.421638439384,45.89357394027376,6,3,14,23
1537520400,5675.79,5710.670431450404,46.9807710993305,6,4,15,0
1537516800,5652.87,5700.161262095785,42.24003268265667,6,4,15,1
1537513200,5561.4,5674.931941714733,38.66889974517088,6,4,15,2
1537509600,5552.36,5652.646134130235,28.363056175862212,6,4,15,3
1537506000,5563.01,5636.348655197465,27.580705369306244,6,4,15,4
1537502400,5561.84,5622.801626979744,30.029374609796477,6,4,15,5
1537498800,5563.22,5611.968603892517,29.909725574587128,6,4,15,6
1537495200,5525.27,5596.205221366605,30.26266984658865,6,4,15,7
1537491600,5526.57,5583.544272027221,26.33528250224171,6,4,15,8
1537488000,5522.46,5572.438040749545,26.686275164262483,6,4,15,9
1537484400,5550.56,5568.460215158718,26.260264222454992,6,4,15,10
1537480800,5536.28,5562.609266948042,34.01596180175416,6,4,15,11
1537477200,5432.72,5538.993036593853,32.16454874279191,6,4,15,12
1537473600,5462.7,5525.12157539497,22.570370641938467,6,4,15,13
1537470000,5452.4,5511.899470777702,29.15822539455634,6,4,15,14
1537466400,5450.16,5500.674112454483,28.268353226253126,6,4,15,15
1537462800,5472.77,5495.60063746276,28.067735461690205,6,4,15,16
1537459200,5473.44,5491.571430651348,33.21949742179133,6,4,15,17
1537455600,5472.49,5488.10207962383,33.37177963932352,6,4,15,18
1537452000,5473.84,5485.508974237679,33.25598118539729,6,4,15,19
1537448400,5472.74,5483.187342558101,33.60853909745734,6,4,15,20
1537444800,5476.63,5481.995098456628,33.4534779519733,6,4,15,21
1537441200,5472.51,5480.270535100877,34.60257211916067,6,4,15,22
1537437600,5462.12,5476.970437809809,33.93422739922913,6,4,15,23
1537434000,5473.18,5476.281267298934,32.24289420641384,6,5,16,0
1537430400,5485.09,5477.882855062764,35.905069672551434,6,5,16,1
1537426800,5482.19,5478.665972324079,39.68555007457868,6,5,16,2
1537423200,5476.68,5478.304886446974,39.08109921237591,6,5,16,3
1537419600,5475.44,5477.783998002069,37.89994801212926,6,5,16,4
1537416000,5482.52,5478.64508927442,37.6243585549205,6,5,16,5
1537412400,5477.48,5478.433254860888,40.293913399514764,6,5,16,6
1537408800,5489.49,5480.443572158909,39.01386964904823,6,5,16,7
1537405200,5501.93,5484.350195402743,43.610903045747,6,5,16,8
1537401600,5478.59,5483.302887147699,47.98452467801793,6,5,16,9
1537398000,5475.85,5481.947816757208,41.48343787596371,6,5,16,10
1537394400,5481.03,5481.78094098317,40.784854764480926,6,5,16,11
1537390800,5510.78,5487.053497168048,42.74776162374931,6,5,16,12
1537387200,5499.21,5489.263770410221,52.488791304486085,6,5,16,13
1537383600,5286.88,5452.466721244726,48.99726508707419,6,5,16,14
1537380000,5427.03,5447.8418628365935,21.168290439146176,6,5,16,15
1537376400,5421.87,5443.119705957212,43.841287585442586,6,5,16,16
1537372800,5428.25,5440.4161230559,43.346967799015616,6,5,16,17
1537369200,5429.03,5438.345918863918,44.18494406594988,6,5,16,18
1537365600,5404.82,5432.250297252296,44.29343003812346,6,5,16,19
1537362000,5394.33,5425.355697751878,41.59128048185608,6,5,16,20
1537358400,5390.98,5419.1055708879,40.440089033970736,6,5,16,21
1537354800,5413.99,5418.1754670901,40.058762701427256,6,5,16,22
1537351200,5409.77,5416.647200346445,43.967034814672814,6,5,16,23
1537347600,5430.78,5419.216800283454,43.408037454081104,6,6,17,0
1537344000,5431.03,5421.3646547773715,47.019607452020665,6,6,17,1
1537340400,5443.14,5425.323808454213,47.0628986972434,6,6,17,2
1537336800,5432.04,5426.54493418981,49.22713842602204,6,6,17,3
1537333200,5429.88,5427.151309791662,47.31758717836818,6,6,17,4
1537329600,5448.95,5431.11470801136,46.93603966695885,6,6,17,5
1537326000,5446.56,5433.922942918384,50.714596639573905,6,6,17,6
1537322400,5444.62,5435.867862387769,50.23183004937915,6,6,17,7
1537318800,5418.34,5432.680978317265,49.81728399088398,6,6,17,8
1537315200,5431.97,5432.5517095323075,44.464106166098,6,6,17,9
1537311600,5447.25,5435.224125980979,47.60857307804846,6,6,17,10
1537308000,5428.96,5434.085193984437,50.96076685194449,6,6,17,11
1537304400,5423.25,5432.11515871454,47.07782974073215,6,6,17,12
1537300800,5411.73,5428.408766220986,45.90195075015776,6,6,17,13
1537297200,5429.49,5428.605354180807,43.53914949775245,6,6,17,14
1537293600,5430.79,5429.002562511569,47.98448098476934,6,6,17,15
1537290000,5448.13,5432.480278418556,48.30532035734244,6,6,17,16
1537286400,5436.3,5433.174773251545,52.512797204184686,6,6,17,17
1537282800,5441.94,5434.768450842173,49.54975567347874,6,6,17,18
1537279200,5444.31,5436.503277961778,50.970160376466495,6,6,17,19
1537275600,5409.07,5431.515409241454,51.58698946069011,6,6,17,20
1537272000,5374.81,5421.205334833917,42.93712058129299,6,6,17,21
1537268400,5356.73,5409.482546682295,36.525075024805304,6,6,17,22
1537264800,5366.41,5401.651174558241,33.667665809112904,6,6,17,23
1537261200,5360.44,5394.15823372947,36.5305745585698,6,0,18,0
1537257600,5388.45,5393.120373051384,35.51257395827517,6,0,18,1
1537254000,5366.64,5388.305759769314,43.47194956610753,6,0,18,2
1537250400,5369.57,5384.8992579930755,39.39468554097823,6,0,18,3
1537246800,5362.22,5380.775756539789,40.206045613511286,6,0,18,4
1537243200,5345.13,5374.29470989619,38.80268556191847,6,0,18,5
1537239600,5357.64,5371.266580824155,35.68387388595346,6,0,18,6
1537236000,5358.44,5368.934475219763,39.516232425831014,6,0,18,7
1537232400,5360.88,5367.470025179806,39.76341846188555,6,0,18,8
1537228800,5365.37,5367.088202419841,40.5613009174219,6,0,18,9
1537225200,5359.48,5365.70489288896,42.08162496485791,6,0,18,10
1537221600,5356.56,5364.042185090967,40.61406137866757,6,0,18,11
1537218000,5331.24,5358.078151438063,39.87168984889462,6,0,18,12
1537214400,5374.1,5360.991214812961,34.058254957384094,6,0,18,13
1537210800,5397.88,5367.698266665149,47.904739702837,6,0,18,14
1537207200,5391.55,5372.034945453303,53.71224459178595,6,0,18,15
1537203600,5367.11,5371.139500825429,52.048910243604205,6,0,18,16
1537200000,5364.51,5369.9341370389875,46.111492468846905,6,0,18,17
1537196400,5436.26,5381.9933848500805,45.51663496512969,6,0,18,18
1537192800,5498.69,5403.210951240974,60.61595336142491,6,0,18,19
1537189200,5525.58,5425.4598691971605,68.73504348325825,6,0,18,20
1537185600,5553.13,5448.672620252221,71.46380303928326,6,0,18,21
1537182000,5569.65,5470.668507479089,73.970431117033,6,0,18,22
1537178400,5576.4,5489.892415210164,75.36767536043787,6,0,18,23
1537174800,5561.96,5502.995612444679,75.93607044644955,6,1,19,0
1537171200,5573.04,5515.730955636555,72.10300375002467,6,1,19,1
1537167600,5580.78,5527.558054611727,73.22003546730397,6,1,19,2
1537164000,5580.65,5537.211135591413,74.00313142647985,6,1,19,3
1537160400,5583.17,5545.567292756611,73.9640101956322,6,1,19,4
1537156800,5600.69,5555.5896031645,74.24820218934131,6,1,19,5
1537153200,5607.64,5565.053311680045,76.19377100746681,6,1,19,6
1537149600,5606.11,5572.518164101855,76.93810760161804,6,1,19,7
1537146000,5614.47,5580.14577062879,76.37199320549254,6,1,19,8
1537142400,5602.45,5584.201085059919,77.35256901220761,6,1,19,9
1537138800,5587.3,5584.764524139933,72.68206026424832,6,1,19,10
1537135200,5598.09,5587.187337932672,67.17652169565505,6,1,19,11
1537131600,5601.84,5589.85145830855,68.97881103724889,6,1,19,12
1537128000,5598.43,5591.411193161541,69.60349177802942,6,1,19,13
1537124400,5589.45,5591.054612586715,68.2574530634014,6,1,19,14
1537120800,5568.39,5586.933773934585,64.70854460675199,6,1,19,15
1537117200,5582.68,5586.160360491933,57.19768134885229,6,1,19,16
1537113600,5572.79,5583.729385857036,60.54423105767879,6,1,19,17
1537110000,5585.52,5584.054952064847,57.21032654278933,6,1,19,18
1537106400,5591.81,5585.464960780329,60.24485053409106,6,1,19,19
1537102800,5596.62,5587.49314972936,61.6905064539677,6,1,19,20
1537099200,5602.18,5590.1634861422035,62.80439637348796,6,1,19,21
1537095600,5592.41,5590.5719432072565,64.10366909852709,6,1,19,22
1537092000,5597.96,5591.915226260482,60.129032887774684,6,1,19,23
1537088400,5592.49,5592.019730576758,61.586120834416654,6,2,20,0
1537084800,5561.08,5586.394325017347,59.28646126056811,6,2,20,1
1537081200,5578.43,5584.946265923284,48.16467325128518,6,2,20,2
1537077600,5576.44,5583.399672119051,53.36841233058167,6,2,20,3
1537074000,5550.66,5577.447004461041,52.71474011976897,6,2,20,4
1537070400,5592.93,5580.262094559033,45.02148589846863,6,2,20,5
1537066800,5598.09,5583.503531911936,56.28641488381064,6,2,20,6
1537063200,5596.64,5585.89198065522,57.43301115993888,6,2,20,7
1537059600,5605.38,5589.435256899726,56.98071285204921,6,2,20,8
1537056000,5623.46,5595.6215738270475,59.072908858810536,6,2,20,9
1537052400,5619.98,5600.050378585766,63.073706232965876,6,2,20,10
1537048800,5609.76,5601.815764297445,61.82103402016905,6,2,20,11
1537045200,5629.18,5606.7910798797275,58.16739970348646,6,2,20,12
1537041600,5628.78,5610.78906535614,62.68080276557823,6,2,20,13
1537038000,5613.01,5611.192871655023,62.53115124574788,6,2,20,14
1537034400,5639.53,5616.345076808655,56.77586742834889,6,2,20,15
1537030800,5639.49,5620.553244661626,62.95132949809174,6,2,20,16
1537027200,5627.29,5621.778109268604,62.9367239298015,6,2,20,17
1537023600,5636.38,5624.432998492493,58.480098145629675,6,2,20,18
1537020000,5632.99,5625.988816948404,60.71236766274989,6,2,20,19
1537016400,5615.28,5624.041759321421,59.42912108055169,6,2,20,20
1537012800,5618.23,5622.985075808435,53.11317054903522,6,2,20,21
1537009200,5618.54,5622.176880206901,53.990326277726304,6,2,20,22
1537005600,5625.77,5622.830174714736,54.08752954455569,6,2,20,23
1537002000,5616.1,5621.606506584783,56.40102815108132,6,3,21,0
1536998400,5598.27,5617.36350538755,52.58449410759381,6,3,21,1
1536994800,5580.33,5610.630140771631,46.355815810246824,6,3,21,2
1536991200,5596.82,5608.11920608588,41.08285443335075,6,3,21,3
1536987600,5609.81,5608.426623161175,47.045464696322604,6,3,21,4
1536984000,5594.99,5605.983600768233,51.2324269653525,6,3,21,5
1536980400,5594.8,5603.9502188103725,46.69613919974712,6,3,21,6
1536976800,5610.33,5605.110179026668,46.63912328113168,6,3,21,7
1536973200,5587.38,5601.8865101127285,51.81764403297242,6,3,21,8
1536969600,5581.98,5598.267144637687,44.885262572882944,6,3,21,9
