,Prix,ema,rsi,month,weekday,day,hour
1514775600,11484.34,11552.148238794798,48.24110142730732,11,5,10,5
1514772000,11416.29,11527.446740832107,47.7433645507881,11,5,10,6
1514768400,11642.54,11548.372787953542,45.43312478424101,11,5,10,7
1514764800,11850.31,11603.270462871078,53.49108918927914,11,5,10,8
1514761200,11845.83,11647.37219689452,59.41776481910568,11,5,10,9
1524697200,7360.62,10867.96270655006,59.242462384006686,11,5,10,10
1524693600,7538.18,10262.547668995505,14.169512103453926,11,5,10,11
1524690000,7456.15,9752.29354735996,16.866060887160288,11,5,10,12
1524686400,7372.47,9319.598356930876,16.606489514046586,11,5,10,13
1524682800,7386.97,8968.211382943444,16.330385193380124,11,5,10,14
1524679200,7436.71,8689.756586044636,16.589175969473274,11,5,10,15
1524675600,7316.92,8440.149934036519,17.53148136738612,11,5,10,16
1524672000,7363.49,8244.393582393515,17.032429891181252,11,5,10,17
1524668400,7316.47,8075.680203776512,18.009577582839327,11,5,10,18
1524664800,7419.14,7956.309257635327,17.781863349011843,11,5,10,19
1524661200,7505.96,7874.427574428904,20.155834613373628,11,5,10,20
1524657600,7494.84,7805.411651805467,22.201524589034435,11,5,10,21
1524654000,7488.27,7747.749533295381,22.123340743278817,11,5,10,22
1524650400,7636.16,7727.460527241676,22.07388028013341,11,5,10,23
1524646800,7628.69,7709.50224956137,26.080031742593036,11,6,11,0
1524643200,7731.66,7713.530931459302,26.007302995310525,11,6,11,1
1524639600,7734.75,7717.388943921247,28.94864256356672,11,6,11,2
1524636000,7700.25,7714.272772299202,29.039802407718696,11,6,11,3
1524632400,7616.72,7696.535904608438,28.598616614364687,11,6,11,4
1524628800,7699.49,7697.073012861449,27.50891065797032,11,6,11,5
1524625200,7934.59,7740.257919613912,30.341311718681354,11,6,11,6
1524621600,7880.47,7765.751025138656,37.77798268965153,11,6,11,7
1524618000,7834.37,7778.227202386172,36.803919374092715,11,6,11,8
1524614400,7899.74,7800.320438315958,35.953530082067985,11,6,11,9
1524610800,7835.81,7806.773085894874,38.136367416294206,11,6,11,10
1524607200,7758.84,7798.057979368534,36.81488753230877,11,6,11,11
1524603600,7734.09,7786.427437665164,35.2319653359596,11,6,11,12
1524600000,7739.24,7777.847903544224,34.715081817691,11,6,11,13
1524596400,7701.85,7764.030102899819,34.92900604102378,11,6,11,14
1524592800,7700.93,7752.557356918033,34.05647729691228,11,6,11,15
1524589200,7659.75,7735.683292023845,34.033949282845626,11,6,11,16
1524585600,7662.08,7722.300875292236,32.98226153531715,11,6,11,17
1524582000,7627.04,7704.980716148193,33.108212509353606,11,6,11,18
1524578400,7593.23,7684.662404121248,32.130257603906415,11,6,11,19
1524574800,7686.52,7685.000148826475,31.17343054254674,11,6,11,20
1524571200,7624.57,7674.012849039843,36.76875861874605,11,6,11,21
1524567600,7634.46,7666.821421941689,34.74854647910409,11,6,11,22
1524564000,7603.81,7655.364799770472,35.359157559649205,11,6,11,23
1524560400,7607.88,7646.731199812204,34.28828180878652,11,0,12,0
1524556800,7566.43,7632.13098166453,34.5716504281783,11,0,12,1
1524553200,7584.33,7623.439894089161,33.01039328366066,11,0,12,2
1524549600,7590.12,7617.381731527495,34.38839005387912,11,0,12,3
1524546000,7583.45,7611.212325795222,34.85519001298344,11,0,12,4
1524542400,7522.54,7595.090084741545,34.55023688120511,11,0,12,5
1524538800,7530.81,7583.402796606719,31.812969041128923,11,0,12,6
1524535200,7511.03,7570.244106314587,32.59381898139611,11,0,12,7
1524531600,7513.74,7559.970632439207,31.659959323672396,11,0,12,8
1524528000,7314.15,7515.275971995714,31.947644321834247,11,0,12,9
1524524400,7313.78,7478.640340723766,23.950834015770255,11,0,12,10
1524520800,7320.91,7449.962096955807,23.93887131463518,11,0,12,11
1524517200,7313.21,7425.098079327478,24.719178223647944,11,0,12,12
1524513600,7242.13,7391.831155813391,24.427723193338096,11,0,12,13
1524510000,7295.86,7374.38185475641,21.86485904480456,11,0,12,14
1524506400,7272.99,7355.946972073426,28.013090776088802,11,0,12,15
1524502800,7303.84,7346.472977150985,27.03785403481625,11,0,12,16
1524499200,7292.62,7336.681526759896,30.550172481678445,11,0,12,17
1524495600,7301.11,7330.213976439914,29.984818976869846,11,0,12,18
1524492000,7303.47,7325.35143526902,31.024973389220662,11,0,12,19
1524488400,7316.28,7323.702083401925,31.330366562661283,11,0,12,20
1524484800,7294.2,7318.338068237938,33.062800943815745,11,0,12,21
1524481200,7289.37,7313.071146740132,31.583726420007153,11,0,12,22
1524477600,7286.0,7308.149120060108,31.25434915516999,11,0,12,23
1524474000,7291.21,7305.069280049179,31.011342442801265,11,1,13,0
1524470400,7281.27,7300.742138222055,31.892984232483357,11,1,13,1
1524466800,7268.83,7294.93993127259,31.07699059186531,11,1,13,2
1524463200,7221.51,7281.589034677574,30.04107178335623,11,1,13,3
1524459600,7229.01,7272.029210190743,26.431778398191568,11,1,13,4
1524456000,7226.27,7263.709353792425,27.910144941977876,11,1,13,5
1524452400,7221.09,7255.96038037562,27.691213649426018,11,1,13,6
1524448800,7232.93,7251.773038489144,27.255931696138774,11,1,13,7
1524445200,7200.48,7242.447031491117,29.965783685590097,11,1,13,8
1524441600,7171.25,7229.50211667455,26.99741495105573,11,1,13,9
1524438000,7216.47,7227.132640915541,24.630591580656926,11,1,13,10
1524434400,7263.19,7233.688524385442,34.23604782639866,11,1,13,11
1524430800,7247.35,7236.172429042634,42.40332449408094,11,1,13,12
1524427200,7237.63,7236.437441943972,40.56396430998687,11,1,13,13
1524423600,7303.42,7248.616088863249,39.43357309057703,11,1,13,14
1524420000,7285.09,7255.247709069931,49.659138513353945,11,1,13,15
1524416400,7276.38,7259.089943784489,47.264826690827654,11,1,13,16
1524412800,7280.22,7262.931772187309,46.12674173992566,11,1,13,17
1524409200,7315.82,7272.547813607798,46.73567651845306,11,1,13,18
1524405600,7236.57,7266.006392951835,52.137008068590646,11,1,13,19
1524402000,7241.3,7261.514321506046,41.94086802404952,11,1,13,20
1524398400,7290.01,7266.6953539594915,42.66161314381022,11,1,13,21
1524394800,7299.56,7272.670744148674,49.60034925442843,11,1,13,22
1524391200,7255.44,7269.537881576188,50.856018238713894,11,1,13,23
1524387600,7296.3,7274.403721289608,45.24737466829629,11,2,14,0
1524384000,7223.99,7265.237590146043,50.67297672621494,11,2,14,1
1524380400,7252.49,7262.919846483125,42.62335763715381,11,2,14,2
1524376800,7201.96,7251.836238031647,46.247683825828105,11,2,14,3
1524373200,7204.48,7243.226012934983,41.270118334786915,11,2,14,4
1524369600,7192.99,7234.092192401349,41.607653363893846,11,2,14,5
1524366000,7213.9,7230.420884692012,40.46569338932778,11,2,14,6
1524362400,7188.3,7222.762542020737,43.504547417754594,11,2,14,7
1524358800,7190.99,7216.985716198785,40.76132247327925,11,2,14,8
1524355200,7255.54,7223.995585980823,41.18102464741722,11,2,14,9
1524351600,7173.48,7214.8109339843095,50.28359831907771,11,2,14,10
1524348000,7152.99,7203.57076416898,41.492614203668104,11,2,14,11
1524344400,7144.83,7192.890625229165,39.62955985234175,11,2,14,12
1524340800,7159.73,7186.861420642043,38.88083340172852,11,2,14,13
1524337200,7157.32,7181.49025325258,41.07020582892929,11,2,14,14
1524333600,7132.14,7172.517479933929,40.815532686560815,11,2,14,15
1524330000,7144.35,7167.396119945941,38.15349636495708,11,2,14,16
1524326400,7181.55,7169.969552683042,40.190552150953245,11,2,14,17
1524322800,7132.68,7163.189634013398,46.02369825187241,11,2,14,18
1524319200,7129.69,7157.098791465507,40.44331654677309,11,2,14,19
1524315600,7133.41,7152.791738471778,40.12277312596793,11,2,14,20
1524312000,7073.74,7138.418695113272,40.75194691728066,11,2,14,21
1524308400,7091.35,7129.860750547223,34.49133564627367,11,2,14,22
1524304800,7085.29,7121.756977720454,37.54099572516384,11,2,14,23
1524301200,7176.61,7131.730254498553,36.904306226432304,11,3,15,0
1524297600,7255.81,7154.290208226089,50.522207376007486,11,3,15,1
1524294000,7298.19,7180.453806730437,58.822833899106016,11,3,15,2
1524290400,7242.25,7191.689478233993,62.45276950319795,11,3,15,3
1524286800,7219.94,7196.825936736904,55.49823834629779,11,3,15,4
1524283200,7224.15,7201.793948239285,52.96505082517628,11,3,15,5
1524279600,7206.07,7202.571412195778,53.39733181141735,11,3,15,6
1524276000,7179.9,7198.4493372510915,51.2201855039572,11,3,15,7
1524272400,7184.57,7195.925821387256,48.15935884640414,11,3,15,8
1524268800,7215.5,7199.48476295321,48.74794054051953,11,3,15,9
1524265200,7214.02,7202.127533325353,52.58746374918575,11,3,15,10
1524261600,6924.73,7151.6916181752895,52.385235716496936,11,3,15,11
1524258000,6947.87,7114.633142143419,28.950156180700233,11,3,15,12
1524254400,6926.43,7080.414389026433,31.58656959882387,11,3,15,13
1524250800,6936.9,7054.320863748899,30.45882779094738,11,3,15,14
1524247200,6917.95,7029.526161249099,31.74049981922815,11,3,15,15
1524243600,6940.35,7013.312313749262,30.639802088970185,11,3,15,16
1524240000,6893.57,6991.540983976669,33.57223081343582,11,3,15,17
1524236400,6939.06,6981.998986890002,30.657179398945942,11,3,15,18
1524232800,6924.34,6971.515534728183,36.436956685742594,11,3,15,19
1524229200,6940.26,6965.83271023215,35.40848232402202,11,3,15,20
1524225600,6917.07,6956.966762917213,37.46436750915653,11,3,15,21
1524222000,6924.24,6951.01644238681,35.682712562033075,11,3,15,22
1524218400,6750.81,6914.615271043754,36.685278588448384,11,3,15,23
1524214800,6761.61,6886.79613085398,26.091097999153504,11,4,16,0
1524211200,6754.03,6862.656834335074,27.495288382717817,11,4,16,1
1524207600,6747.9,6841.79195536506,27.10604120549108,11,4,16,2
1524204000,6718.94,6819.455236207776,26.775909394184424,11,4,16,3
1524200400,6717.15,6800.854284169998,25.213559819525486,11,4,16,4
1524196800,6759.94,6793.415323411817,25.116010600174135,11,4,16,5
1524193200,6759.6,6787.267082791486,31.89894206787072,11,4,16,6
1524189600,6769.4,6784.018522283943,31.874236800139087,11,4,16,7
1524186000,6772.99,6782.013336414135,33.47357141247636,11,4,16,8
1524182400,6718.63,6770.489093429746,34.08405152060567,11,4,16,9
1524178800,6708.14,6759.152894624338,29.64759294977617,11,4,16,10
1524175200,6695.65,6747.606913783549,28.86674975788077,11,4,16,11
1524171600,6687.61,6736.698384004721,27.923732813884257,11,4,16,12
1524168000,6696.3,6729.35322327659,27.305363590482273,11,4,16,13
1524164400,6716.09,6726.941728135392,29.1320855756006,11,4,16,14
1524160800,6703.1,6722.606868474411,33.24602524247106,11,4,16,15
1524157200,6679.7,6714.805619660881,31.935544533899943,11,4,16,16
1524153600,6673.85,6707.359143358903,29.66695820137086,11,4,16,17
1524150000,6660.71,6698.87748093001,29.110219819915002,11,4,16,18
1524146400,6651.51,6690.265211670008,27.84615996464936,11,4,16,19
1524142800,6658.0,6684.398809548187,26.96333834346825,11,4,16,20
1524139200,6634.01,6675.237207812153,28.6810649770746,11,4,16,21
1524135600,6658.04,6672.110442755398,26.22572894078384,11,4,16,22
1524132000,6646.85,6667.517634981689,32.46261896636,11,4,16,23
1524128400,6613.53,6657.701701348655,31.14231172323929,11,5,17,0
1524124800,6593.22,6645.977755648899,27.54927822464508,11,5,17,1
1524121200,6612.63,6639.9145273490985,25.60971152448522,11,5,17,2
1524117600,6617.77,6635.888249649262,30.635800453026746,11,5,17,3
1524114000,6614.35,6631.972204258487,31.947043475633407,11,5,17,4
