,Prix,ema,rsi,month,weekday,day,hour
1516532400,9825.51,9769.863794634048,65.8831006545338,10,5,20,22
1516528800,9741.53,9764.712195609674,57.39501257372157,10,5,20,23
1516525200,9914.2,9791.891796407916,55.034669690683934,10,6,21,0
1516521600,9960.88,9822.616924333748,58.78747367525774,10,6,21,1
1516518000,10026.12,9859.617483545793,59.765114886322166,10,6,21,2
1516514400,10076.43,9899.037941082921,61.15214254881998,10,6,21,3
1516510800,10200.81,9953.905588158754,62.233366552068254,10,6,21,4
1516507200,10332.65,10022.768208493526,64.8388738943798,10,6,21,5
1516503600,10406.43,10092.524897858339,67.40575788137454,10,6,21,6
1516500000,10326.27,10135.024007338641,68.77936137657743,10,6,21,7
1516496400,10227.51,10151.839642367979,65.54730391027266,10,6,21,8
1516492800,10538.09,10222.066980119254,61.700353039014146,10,6,21,9
1516489200,10578.15,10286.809347370297,68.05073400508569,10,6,21,10
1516485600,10633.57,10349.856738757515,68.77001555380997,10,6,21,11
1516482000,10537.18,10383.915513528875,69.78351211319132,10,6,21,12
1516478400,10504.61,10405.859965614532,65.78474728433821,10,6,21,13
1516474800,10679.82,10455.670880957343,64.44103584349844,10,6,21,14
1516471200,10573.28,10477.054357146915,68.20360508611267,10,6,21,15
1516467600,10585.37,10496.748110392931,63.783979326556185,10,6,21,16
1516464000,10334.43,10467.235726685125,64.06852468532162,10,6,21,17
1516460400,10375.07,10450.478321833283,54.49755255071966,10,6,21,18
1516456800,10295.74,10422.34408149996,55.65298409213183,10,6,21,19
1516453200,10299.45,10399.999703045421,52.83277491128547,10,6,21,20
1516449600,10174.62,10359.021575218982,52.952848458029514,10,6,21,21
1516446000,10352.44,10357.824925179166,48.480799685897935,10,6,21,22
1516442400,10313.24,10349.71857514659,54.389938365511114,10,6,21,23
1516438800,10501.77,10377.3642887563,52.948167815363256,10,0,22,0
1516435200,10388.02,10379.301690800608,58.62831830640824,10,0,22,1
1516431600,10223.54,10350.981383382315,54.36399350866783,10,0,22,2
1516428000,10387.71,10357.659313676439,48.83300605300735,10,0,22,3
1516424400,10095.49,10309.992165735268,53.87699682379517,10,0,22,4
1516420800,9740.57,10206.46086287431,45.31413566266396,10,0,22,5
1516417200,9690.61,10112.669796897162,37.515308958815574,10,0,22,6
1516413600,9663.18,10030.944379279495,36.561425473981714,10,0,22,7
1516410000,9588.28,9950.459946683224,36.01990187325145,10,0,22,8
1516406400,9558.05,9879.11268364991,34.51654436108062,10,0,22,9
1516402800,9375.99,9787.635832077198,33.90153723092162,10,0,22,10
1516399200,9451.29,9726.482044426799,30.389656870800962,10,0,22,11
1516395600,9487.43,9683.018036349198,33.45987380222884,10,0,22,12
1516392000,9395.53,9630.747484285708,34.9429635047277,10,0,22,13
1516388400,9402.97,9589.33339623376,32.932830018666664,10,0,22,14
1516384800,9407.96,9556.356415100348,33.267521398622605,10,0,22,15
1516381200,9700.24,9582.517066900284,33.50719571048539,10,0,22,16
1516377600,9597.49,9585.23941837296,45.78883204916771,10,0,22,17
1516374000,9553.14,9579.403160486965,42.796194298037705,10,0,22,18
1516370400,9731.12,9606.988040398426,41.53437055694332,10,0,22,19
1516366800,9731.12,9629.557487598711,48.142349384461994,10,0,22,20
1516363200,9731.12,9648.0233989444,48.14234938446199,10,0,22,21
1516359600,9731.12,9663.1318718636,48.14234938446199,10,0,22,22
1516356000,9708.59,9671.396986070216,48.142349384461994,10,0,22,23
1516352400,9764.16,9688.262988602904,47.233387177279354,10,1,23,0
1516348800,9439.47,9643.027899766012,49.75332465600565,10,1,23,1
1516345200,9555.33,9627.082827081282,38.25708875132189,10,1,23,2
1516341600,9432.61,9591.72413124832,43.29237658373633,10,1,23,3
1516338000,9422.28,9560.916107384988,39.60782455484177,10,1,23,4
1516334400,9244.42,9503.371360587716,39.30458479981048,10,1,23,5
1516330800,9168.77,9442.534749571767,34.41851244660509,10,1,23,6
1516327200,9456.06,9444.993886013264,32.564242381555985,10,1,23,7
1516323600,9522.19,9459.029543101762,44.739817076694564,10,1,23,8
1516320000,9325.4,9434.733262537804,47.10714768133527,10,1,23,9
1516316400,9351.7,9419.63630571275,41.420559917717306,10,1,23,10
1516312800,9627.77,9457.478795583158,42.420944251917916,10,1,23,11
1516309200,9856.09,9529.953560022583,51.73793593546688,10,1,23,12
1516305600,9815.05,9581.789276382113,57.81726103791652,10,1,23,13
1516302000,9828.55,9626.654862494455,56.44102647651385,10,1,23,14
1516298400,9556.75,9613.944887495463,56.805257500759225,10,1,23,15
1516294800,9794.42,9646.758544314469,48.087039817104845,10,1,23,16
1516291200,10031.87,9716.778808984565,54.64243007932271,10,1,23,17
1516287600,9957.16,9760.48448007828,60.067790444749605,10,1,23,18
1516284000,9816.9,9770.741847336772,57.728105592119086,10,1,23,19
1516280400,9840.0,9783.334238730087,53.51384268563604,10,1,23,20
1516276800,9684.34,9765.335286233707,54.108044146879074,10,1,23,21
1516273200,9449.08,9707.834325100306,49.51503908849395,10,1,23,22
1516269600,9377.26,9647.729902354797,43.504359020935865,10,1,23,23
1516266000,9023.48,9534.22992010847,41.83478374120031,10,2,24,0
1516262400,8888.22,9416.773570997837,34.7584786208175,10,2,24,1
1516258800,9346.34,9403.967467180048,32.49534126304083,10,2,24,2
1516255200,9116.68,9351.73338223822,45.45032505205923,10,2,24,3
1516251600,9218.15,9327.445494558544,41.1833901799614,10,2,24,4
1516248000,9401.31,9340.875404638808,43.698383678289495,10,2,24,5
1516244400,9739.97,9413.438058340842,48.01912367473164,10,2,24,6
1516240800,9487.92,9426.980229551598,54.90946328063102,10,2,24,7
1516237200,9334.03,9410.080187814943,49.635941150223424,10,2,24,8
1516233600,9206.16,9373.003790030407,46.68769085963079,10,2,24,9
1516230000,9177.71,9337.495828206695,44.33143304277576,10,2,24,10
1516226400,9491.29,9365.458404896386,43.8017571157649,10,2,24,11
1516222800,9042.01,9306.649604006134,50.78203745326874,10,2,24,12
1516219200,8617.21,9181.296948732292,42.61497653178141,10,2,24,13
1516215600,7991.45,8964.961139871875,36.6183553570304,10,2,24,14
1516212000,8232.27,8831.74456898608,29.935791976203944,10,2,24,15
1516208400,8498.39,8771.134647352246,34.86237291207175,10,2,24,16
1516204800,7741.46,8583.921075106382,39.892166100136,10,2,24,17
1516201200,7675.0,8418.662697814312,32.261454706675735,10,2,24,18
1516197600,8227.74,8383.949480029893,31.688308050824887,10,2,24,19
1516194000,8489.08,8403.064120024457,41.0659443648028,10,2,24,20
1516190400,8339.75,8391.552461838191,44.916219450068326,10,2,24,21
1516186800,8141.57,8346.101105140338,43.180271648520375,10,2,24,22
1516183200,8579.06,8388.457267842094,40.919970915584315,10,2,24,23
1516179600,8964.44,8493.181400961712,47.45844982851851,10,3,25,0
1516176000,9195.88,8620.944782605036,52.45059118200014,10,3,25,1
1516172400,9266.98,8738.405731222301,55.20332192680667,10,3,25,2
1516168800,9104.97,8805.053780090973,56.04518399441256,10,3,25,3
1516165200,9127.41,8863.664001892614,53.57453827763131,10,3,25,4
1516161600,8919.23,8873.766910639411,53.87782102437757,10,3,25,5
1516158000,8979.66,8893.020199614064,50.5768330668079,10,3,25,6
1516154400,9227.15,8953.771072411506,51.50563574782812,10,3,25,7
1516150800,9093.66,8979.20542288214,55.21749119137011,10,3,25,8
1516147200,9306.21,9038.660800539932,52.8669917940379,10,3,25,9
1516143600,9113.62,9052.289745896307,56.073326454136904,10,3,25,10
1516140000,8760.12,8999.167973915159,52.58284693598162,10,3,25,11
1516136400,9094.69,9016.535615021494,46.82161297078221,10,3,25,12
1516132800,9512.26,9106.667321381221,52.16370331893582,10,3,25,13
1516129200,9535.4,9184.618717493726,57.85428279993542,10,3,25,14
1516125600,9448.16,9232.535314313047,58.15138018587931,10,3,25,15
1516122000,9925.49,9358.527075347038,56.53334830020903,10,3,25,16
1516118400,10145.24,9501.565788920303,62.65595259094358,10,3,25,17
1516114800,9890.13,9572.213827298428,65.09364729416855,10,3,25,18
1516111200,9682.81,9592.322222335079,60.18220227877814,10,3,25,19
1516107600,10003.73,9667.123636455974,56.45428721247425,10,3,25,20
1516104000,10234.83,9770.34297528216,60.53001492231338,10,3,25,21
1516100400,9724.07,9761.92970704904,63.201069719912105,10,3,25,22
1516096800,9385.05,9693.406123949213,54.43342204347108,10,3,25,23
1516093200,10075.91,9762.952283231174,49.522589443562666,10,4,26,0
1516089600,10302.2,9860.997322643687,57.86484516809543,10,4,26,1
1516086000,10888.24,10047.768718526651,60.18588955136474,10,4,26,2
1516082400,10858.27,10195.132587885442,65.48807184747115,10,4,26,3
1516078800,10748.99,10295.833935542634,65.01125634834779,10,4,26,4
1516075200,10692.58,10367.969583625792,63.2041958315208,10,4,26,5
1516071600,10885.38,10462.04420478474,62.24242688042168,10,4,26,6
1516068000,10829.16,10528.792531187511,64.24503866946269,10,4,26,7
1516064400,10966.03,10608.290252789782,63.19252701326652,10,4,26,8
1516060800,11192.51,10714.51202500982,64.7083931832932,10,4,26,9
1516057200,11369.0,10833.509838644397,67.12132701099571,10,4,26,10
1516053600,11451.07,10945.793504345416,68.90548262330267,10,4,26,11
1516050000,11313.14,11012.583776282612,69.72811708388585,10,4,26,12
1516046400,11468.65,11095.504907867591,66.54188670102045,10,4,26,13
1516042800,11499.73,11169.000379164392,68.30063644823625,10,4,26,14
1516039200,11481.39,11225.798492043592,68.65526570787189,10,4,26,15
1516035600,11663.89,11305.45149349021,68.1706201105687,10,4,26,16
1516032000,11582.13,11355.75667649199,70.40911733512476,10,4,26,17
1516028400,11684.31,11415.493644402537,68.09849691984525,10,4,26,18
1516024800,11743.25,11475.08570905662,69.44792611158822,10,4,26,19
1516021200,11729.19,11521.286489228143,70.23017359335594,10,4,26,20
1516017600,11426.25,11504.007127550298,69.77125055756869,10,4,26,21
1516014000,11415.68,11487.94764981388,60.58501974215468,10,4,26,22
1516010400,11375.32,11467.469895302263,60.28676601247372,10,4,26,23
1516006800,11310.07,11438.851732520034,59.090577256535724,10,5,27,0
1516003200,11372.33,11426.756872061846,57.117425914608326,10,5,27,1
1515999600,11456.39,11432.144713505146,58.54003120413708,10,5,27,2
1515996000,11269.66,11402.602038322391,60.44785627876678,10,5,27,3
1515992400,11281.25,11380.538031354683,54.45347235018994,10,5,27,4
1515988800,11263.39,11359.238389290194,54.75339116329117,10,5,27,5
1515985200,11260.85,11341.349591237431,54.16152700942961,10,5,27,6
1515981600,11373.35,11347.16784737608,54.07200693185014,10,5,27,7
1515978000,11399.56,11356.693693307701,57.42825813717164,10,5,27,8
1515974400,11300.11,11346.405749069936,58.19474904466727,10,5,27,9
1515970800,11270.36,11332.57924923904,54.20669558928615,10,5,27,10
1515967200,11108.25,11291.792113013758,53.03581321200653,10,5,27,11
1515963600,11232.77,11281.06081973853,47.069483037084936,10,5,27,12
1515960000,11127.01,11253.05157978607,51.57573126895052,10,5,27,13
1515956400,11257.81,11253.916747097694,47.84963064234765,10,5,27,14
1515952800,11244.38,11252.182793079932,52.42723798254219,10,5,27,15
1515949200,11138.19,11231.456830701762,51.923277827188556,10,5,27,16
1515945600,11066.8,11201.519225119622,47.994788342796355,10,5,27,17
1515942000,11240.36,11208.58118418878,45.50228828950356,10,5,27,18
1515938400,11314.54,11227.846423427183,52.02532839850341,10,5,27,19
1515934800,11110.68,11206.543437349514,54.530370712037204,10,5,27,20
1515931200,11271.21,11218.300994195057,47.231369028688455,10,5,27,21
