,Prix,ema,rsi,month,weekday,day,hour
1537120800,5568.39,5586.933773934585,64.70854460675199,6,1,19,15
1537117200,5582.68,5586.160360491933,57.19768134885229,6,1,19,16
1537113600,5572.79,5583.729385857036,60.54423105767879,6,1,19,17
1537110000,5585.52,5584.054952064847,57.21032654278933,6,1,19,18
1537106400,5591.81,5585.464960780329,60.24485053409106,6,1,19,19
1537102800,5596.62,5587.49314972936,61.6905064539677,6,1,19,20
1537099200,5602.18,5590.1634861422035,62.80439637348796,6,1,19,21
1537095600,5592.41,5590.5719432072565,64.10366909852709,6,1,19,22
1537092000,5597.96,5591.915226260482,60.129032887774684,6,1,19,23
1537088400,5592.49,5592.019730576758,61.586120834416654,6,2,20,0
1537084800,5561.08,5586.394325017347,59.28646126056811,6,2,20,1
1537081200,5578.43,5584.946265923284,48.16467325128518,6,2,20,2
1537077600,5576.44,5583.399672119051,53.36841233058167,6,2,20,3
1537074000,5550.66,5577.447004461041,52.71474011976897,6,2,20,4
1537070400,5592.93,5580.262094559033,45.02148589846863,6,2,20,5
1537066800,5598.09,5583.503531911936,56.28641488381064,6,2,20,6
1537063200,5596.64,5585.89198065522,57.43301115993888,6,2,20,7
1537059600,5605.38,5589.435256899726,56.98071285204921,6,2,20,8
1537056000,5623.46,5595.6215738270475,59.072908858810536,6,2,20,9
1537052400,5619.98,5600.050378585766,63.073706232965876,6,2,20,10
1537048800,5609.76,5601.815764297445,61.82103402016905,6,2,20,11
1537045200,5629.18,5606.7910798797275,58.16739970348646,6,2,20,12
1537041600,5628.78,5610.78906535614,62.68080276557823,6,2,20,13
1537038000,5613.01,5611.192871655023,62.53115124574788,6,2,20,14
1537034400,5639.53,5616.345076808655,56.77586742834889,6,2,20,15
1537030800,5639.49,5620.553244661626,62.95132949809174,6,2,20,16
1537027200,5627.29,5621.778109268604,62.9367239298015,6,2,20,17
1537023600,5636.38,5624.432998492493,58.480098145629675,6,2,20,18
1537020000,5632.99,5625.988816948404,60.71236766274989,6,2,20,19
1537016400,5615.28,5624.041759321421,59.42912108055169,6,2,20,20
1537012800,5618.23,5622.985075808435,53.11317054903522,6,2,20,21
1537009200,5618.54,5622.176880206901,53.990326277726304,6,2,20,22
1537005600,5625.77,5622.830174714736,54.08752954455569,6,2,20,23
1537002000,5616.1,5621.606506584783,56.40102815108132,6,3,21,0
1536998400,5598.27,5617.36350538755,52.58449410759381,6,3,21,1
1536994800,5580.33,5610.630140771631,46.355815810246824,6,3,21,2
1536991200,5596.82,5608.11920608588,41.08285443335075,6,3,21,3
1536987600,5609.81,5608.426623161175,47.045464696322604,6,3,21,4
1536984000,5594.99,5605.983600768233,51.2324269653525,6,3,21,5
1536980400,5594.8,5603.9502188103725,46.69613919974712,6,3,21,6
1536976800,5610.33,5605.110179026668,46.63912328113168,6,3,21,7
1536973200,5587.38,5601.8865101127285,51.81764403297242,6,3,21,8
1536969600,5581.98,5598.267144637687,44.885262572882944,6,3,21,9
1536966000,5608.52,5600.1313001581075,43.41354068363695,6,3,21,10
1536962400,5607.53,5601.476518311179,51.78163064793628,6,3,21,11
1536958800,5629.94,5606.651696800055,51.47583158455609,6,3,21,12
1536955200,5626.48,5610.256842836408,57.5824078521916,6,3,21,13
1536951600,5574.77,5603.804689593425,56.402210236706786,6,3,21,14
1536948000,5563.6,5596.494746030984,42.411696098011355,6,3,21,15
1536944400,5602.99,5597.675701298077,40.09791302343447,6,3,21,16
1536940800,5563.31,5591.427391971153,50.37862680984857,6,3,21,17
1536937200,5543.84,5582.775138885489,42.471030655385434,6,3,21,18
1536933600,5540.02,5575.001477269944,39.21817696798638,6,3,21,19
1536930000,5545.74,5569.681208675408,38.59362384628108,6,3,21,20
1536926400,5540.32,5564.342807098061,40.13107315049379,6,3,21,21
1536922800,5524.45,5557.089569443868,39.131304301989445,6,3,21,22
1536919200,5501.7,5547.018738635891,36.28118758746396,6,3,21,23
1536915600,5493.11,5537.217149793001,32.61401199466117,6,4,22,0
1536912000,5602.54,5549.0940316488195,31.326479357607866,6,4,22,1
1536908400,5612.19,5560.566025894488,55.45320559439462,6,4,22,2
1536904800,5610.11,5569.5740211863995,56.891499363484456,6,4,22,3
1536901200,5602.96,5575.644199152509,56.468288824852195,6,4,22,4
1536897600,5608.64,5581.643435670235,54.954925829552636,6,4,22,5
1536894000,5601.81,5585.310083730192,55.964568544965566,6,4,22,6
1536890400,5556.13,5580.004613961066,54.3859959914172,6,4,22,7
1536886800,5536.82,5572.152865968144,45.2025724693259,6,4,22,8
1536883200,5554.67,5568.974163064846,41.97587569939036,6,4,22,9
1536879600,5550.59,5565.631587962147,45.82560095041388,6,4,22,10
1536876000,5538.26,5560.654935605393,45.089223429656535,6,4,22,11
1536872400,5543.19,5557.479492768048,42.84836605351615,6,4,22,12
1536868800,5527.96,5552.112312264766,44.04577600578896,6,4,22,13
1536865200,5559.78,5553.506437307536,41.17570325728388,6,4,22,14
1536861600,5573.21,5557.08890325162,48.69735695783686,6,4,22,15
1536858000,5591.28,5563.30546629678,51.51523630914106,6,4,22,16
1536854400,5568.64,5564.275381515547,55.08958217135166,6,4,22,17
1536850800,5580.17,5567.165312149084,50.1055579292946,6,4,22,18
1536847200,5566.17,5566.984346303796,52.4642362315653,6,4,22,19
1536843600,5544.24,5562.849010612196,49.40991931349061,6,4,22,20
1536840000,5567.74,5563.738281409978,44.99141137651864,6,4,22,21
1536836400,5547.87,5560.853139335436,50.13720138032956,6,4,22,22
1536832800,5550.21,5558.9180230926295,46.20174900317139,6,4,22,23
1536829200,5525.56,5552.852927984879,46.732026771070785,6,5,23,0
1536825600,5501.3,5543.479668351264,42.03199283505837,6,5,23,1
1536822000,5500.53,5535.670637741943,37.98310793660848,6,5,23,2
1536818400,5495.86,5528.43233997068,37.85845487591997,6,5,23,3
1536814800,5503.74,5523.942823612375,37.06398864560134,6,5,23,4
1536811200,5491.32,5518.011401137397,39.37580105246583,6,5,23,5
1536807600,5496.37,5514.076600930597,37.06482527451768,6,5,23,6
1536804000,5505.79,5512.569946215943,38.641687905364,6,5,23,7
1536800400,5516.14,5513.219046903953,41.58198634138842,6,5,23,8
1536796800,5453.19,5502.304674739597,44.71661955145878,6,5,23,9
1536793200,5461.67,5494.916552059671,33.087556832208875,6,5,23,10
1536789600,5432.87,5483.635360776094,35.52023142522832,6,5,23,11
1536786000,5437.71,5475.28529518044,31.351391054393645,6,5,23,12
1536782400,5441.84,5469.204332420359,32.77923417161577,6,5,23,13
1536778800,5434.9,5462.9671810712025,34.03995539820646,6,5,23,14
1536775200,5414.92,5454.231329967348,32.92256888215819,6,5,23,15
1536771600,5403.16,5444.945633609647,29.881428322309844,6,5,23,16
1536768000,5401.32,5437.013700226074,28.22859678822161,6,5,23,17
1536764400,5415.92,5433.178482003152,27.967931757189646,6,5,23,18
1536760800,5424.72,5431.640576184396,33.236046717658866,6,5,23,19
1536757200,5403.51,5426.525925969051,36.26186744517817,6,5,23,20
1536753600,5391.86,5420.223030338314,32.4451216518805,6,5,23,21
1536750000,5394.81,5415.602479367712,30.543468269156904,6,5,23,22
1536746400,5396.46,5412.122028573582,31.63613900005278,6,5,23,23
1536742800,5390.91,5408.265296105657,32.27787061208548,6,6,24,0
1536739200,5388.11,5404.600696813719,31.2164108366712,6,6,24,1
1536735600,5409.65,5405.518751938497,30.6684615240399,6,6,24,2
1536732000,5424.9,5409.042615222406,39.47074053098548,6,6,24,3
1536728400,5418.26,5410.718503363786,44.81283098446533,6,6,24,4
1536724800,5407.96,5410.216957297643,43.03200935686884,6,6,24,5
1536721200,5405.79,5409.412055970798,40.35315348252862,6,6,24,6
1536717600,5404.28,5408.478954885199,39.79113417745562,6,6,24,7
1536714000,5409.82,5408.722781269708,39.380123855326694,6,6,24,8
1536710400,5420.77,5410.913184675215,41.757110934752646,6,6,24,9
1536706800,5430.1,5414.401696552448,46.24383243817295,6,6,24,10
1536703200,5447.99,5420.508660815639,49.79281819323543,6,6,24,11
1536699600,5399.32,5416.656177030977,55.81634657517611,6,6,24,12
1536696000,5417.83,5416.869599388981,41.299665401210916,6,6,24,13
1536692400,5396.65,5413.193308590985,46.95055159020714,6,6,24,14
1536688800,5393.15,5409.549070665351,41.97162228358517,6,6,24,15
1536685200,5406.32,5408.961966908014,41.194198029754645,6,6,24,16
1536681600,5400.05,5407.3416092883745,45.299947862833754,6,6,24,17
1536678000,5374.05,5401.288589417761,43.73441538553845,6,6,24,18
1536674400,5436.13,5407.623391341804,37.88721995832827,6,6,24,19
1536670800,5432.85,5412.210047461475,53.777750703844035,6,6,24,20
1536667200,5423.3,5414.226402468479,53.006153677400455,6,6,24,21
1536663600,5465.74,5423.5925111105735,50.72414717808381,6,6,24,22
1536660000,5469.01,5431.850236363196,59.142370433206246,6,6,24,23
1536656400,5454.35,5435.941102478978,59.71345882559019,6,0,25,0
1536652800,5438.33,5436.375447482799,55.93850272840781,6,0,25,1
1536649200,5459.18,5440.521729758654,52.06504226576324,6,0,25,2
1536645600,5468.09,5445.5341425298075,56.305771962668736,6,0,25,3
1536642000,5459.11,5448.00248025166,58.01514643377836,6,0,25,4
1536638400,5491.27,5455.869302024085,55.652069935639155,6,0,25,5
1536634800,5488.22,5461.751247110615,61.67302419007466,6,0,25,6
1536631200,5476.84,5464.494656726866,60.829543751268766,6,0,25,7
1536627600,5460.49,5463.766537321981,57.6607970967363,6,0,25,8
1536624000,5449.36,5461.147166899802,53.35999995930293,6,0,25,9
1536620400,5434.87,5456.369500190747,50.59353344100585,6,0,25,10
1536616800,5439.22,5453.251409246975,47.165154904595276,6,0,25,11
1536613200,5450.78,5452.802062111161,48.29783696893113,6,0,25,12
1536609600,5438.18,5450.143505363677,51.286585771824335,6,0,25,13
1536606000,5431.34,5446.724686206645,48.02769474485653,6,0,25,14
1536602400,5412.63,5440.5256523508915,46.30746177530552,6,0,25,15
1536598800,5406.56,5434.350079196183,41.887833042693956,6,0,25,16
1536595200,5437.26,5434.8791557059685,40.536143882013704,6,0,25,17
1536591600,5444.1,5436.555672850338,49.42523187633788,6,0,25,18
1536588000,5444.22,5437.949186877549,51.17643309400727,6,0,25,19
1536584400,5445.03,5439.2366074452675,51.20835269537545,6,0,25,20
1536580800,5465.74,5444.055406091582,51.43913516860191,6,0,25,21
1536577200,5451.77,5445.4580595294765,57.03482565061556,6,0,25,22
1536573600,5444.61,5445.3038668877525,52.62931758314898,6,0,25,23
1536570000,5450.71,5446.286800180888,50.47726443412379,6,1,26,0
1536566400,5474.71,5451.454654693453,52.26801956462094,6,1,26,1
1536562800,5487.75,5458.053808385553,58.609597287944396,6,1,26,2
1536559200,5463.1,5458.971297769997,61.5951514578498,6,1,26,3
1536555600,5451.96,5457.69651635727,53.70850483980114,6,1,26,4
1536552000,5470.39,5460.00442247413,50.557941687620314,6,1,26,5
1536548400,5473.9,5462.530891115196,55.23632389549856,6,1,26,6
1536544800,5489.38,5467.412547276069,56.088527991574146,6,1,26,7
1536541200,5421.65,5459.092084134965,59.72977739260778,6,1,26,8
1536537600,5406.43,5449.51715974679,42.94877180739787,6,1,26,9
1536534000,5420.72,5444.281312520101,40.214580556482005,6,1,26,10
1536530400,5522.96,5458.586528425537,43.83020441424171,6,1,26,11
1536526800,5540.69,5473.514432348166,61.68430468265608,6,1,26,12
1536523200,5533.11,5484.349990103045,63.831344362846025,6,1,26,13
1536519600,5527.88,5492.264537357036,62.225956071534604,6,1,26,14
