,Prix,ema,rsi,month,weekday,day,hour
1536940800,5563.31,5591.427391971153,50.37862680984857,6,3,21,17
1536937200,5543.84,5582.775138885489,42.471030655385434,6,3,21,18
1536933600,5540.02,5575.001477269944,39.21817696798638,6,3,21,19
1536930000,5545.74,5569.681208675408,38.59362384628108,6,3,21,20
1536926400,5540.32,5564.342807098061,40.13107315049379,6,3,21,21
1536922800,5524.45,5557.089569443868,39.131304301989445,6,3,21,22
1536919200,5501.7,5547.018738635891,36.28118758746396,6,3,21,23
1536915600,5493.11,5537.217149793001,32.61401199466117,6,4,22,0
1536912000,5602.54,5549.0940316488195,31.326479357607866,6,4,22,1
1536908400,5612.19,5560.566025894488,55.45320559439462,6,4,22,2
1536904800,5610.11,5569.5740211863995,56.891499363484456,6,4,22,3
1536901200,5602.96,5575.644199152509,56.468288824852195,6,4,22,4
1536897600,5608.64,5581.643435670235,54.954925829552636,6,4,22,5
1536894000,5601.81,5585.310083730192,55.964568544965566,6,4,22,6
1536890400,5556.13,5580.004613961066,54.3859959914172,6,4,22,7
1536886800,5536.82,5572.152865968144,45.2025724693259,6,4,22,8
1536883200,5554.67,5568.974163064846,41.97587569939036,6,4,22,9
1536879600,5550.59,5565.631587962147,45.82560095041388,6,4,22,10
1536876000,5538.26,5560.654935605393,45.089223429656535,6,4,22,11
1536872400,5543.19,5557.479492768048,42.84836605351615,6,4,22,12
1536868800,5527.96,5552.112312264766,44.04577600578896,6,4,22,13
1536865200,5559.78,5553.506437307536,41.17570325728388,6,4,22,14
1536861600,5573.21,5557.08890325162,48.69735695783686,6,4,22,15
1536858000,5591.28,5563.30546629678,51.51523630914106,6,4,22,16
1536854400,5568.64,5564.275381515547,55.08958217135166,6,4,22,17
1536850800,5580.17,5567.165312149084,50.1055579292946,6,4,22,18
1536847200,5566.17,5566.984346303796,52.4642362315653,6,4,22,19
1536843600,5544.24,5562.849010612196,49.40991931349061,6,4,22,20
1536840000,5567.74,5563.738281409978,44.99141137651864,6,4,22,21
1536836400,5547.87,5560.853139335436,50.13720138032956,6,4,22,22
1536832800,5550.21,5558.9180230926295,46.20174900317139,6,4,22,23
1536829200,5525.56,5552.852927984879,46.732026771070785,6,5,23,0
1536825600,5501.3,5543.479668351264,42.03199283505837,6,5,23,1
1536822000,5500.53,5535.670637741943,37.98310793660848,6,5,23,2
1536818400,5495.86,5528.43233997068,37.85845487591997,6,5,23,3
1536814800,5503.74,5523.942823612375,37.06398864560134,6,5,23,4
1536811200,5491.32,5518.011401137397,39.37580105246583,6,5,23,5
1536807600,5496.37,5514.076600930597,37.06482527451768,6,5,23,6
1536804000,5505.79,5512.569946215943,38.641687905364,6,5,23,7
1536800400,5516.14,5513.219046903953,41.58198634138842,6,5,23,8
1536796800,5453.19,5502.304674739597,44.71661955145878,6,5,23,9
1536793200,5461.67,5494.916552059671,33.087556832208875,6,5,23,10
1536789600,5432.87,5483.635360776094,35.52023142522832,6,5,23,11
1536786000,5437.71,5475.28529518044,31.351391054393645,6,5,23,12
1536782400,5441.84,5469.204332420359,32.77923417161577,6,5,23,13
1536778800,5434.9,5462.9671810712025,34.03995539820646,6,5,23,14
1536775200,5414.92,5454.231329967348,32.92256888215819,6,5,23,15
1536771600,5403.16,5444.945633609647,29.881428322309844,6,5,23,16
1536768000,5401.32,5437.013700226074,28.22859678822161,6,5,23,17
1536764400,5415.92,5433.178482003152,27.967931757189646,6,5,23,18
1536760800,5424.72,5431.640576184396,33.236046717658866,6,5,23,19
1536757200,5403.51,5426.525925969051,36.26186744517817,6,5,23,20
1536753600,5391.86,5420.223030338314,32.4451216518805,6,5,23,21
1536750000,5394.81,5415.602479367712,30.543468269156904,6,5,23,22
1536746400,5396.46,5412.122028573582,31.63613900005278,6,5,23,23
1536742800,5390.91,5408.265296105657,32.27787061208548,6,6,24,0
1536739200,5388.11,5404.600696813719,31.2164108366712,6,6,24,1
1536735600,5409.65,5405.518751938497,30.6684615240399,6,6,24,2
1536732000,5424.9,5409.042615222406,39.47074053098548,6,6,24,3
1536728400,5418.26,5410.718503363786,44.81283098446533,6,6,24,4
1536724800,5407.96,5410.216957297643,43.03200935686884,6,6,24,5
1536721200,5405.79,5409.412055970798,40.35315348252862,6,6,24,6
1536717600,5404.28,5408.478954885199,39.79113417745562,6,6,24,7
1536714000,5409.82,5408.722781269708,39.380123855326694,6,6,24,8
1536710400,5420.77,5410.913184675215,41.757110934752646,6,6,24,9
1536706800,5430.1,5414.401696552448,46.24383243817295,6,6,24,10
1536703200,5447.99,5420.508660815639,49.79281819323543,6,6,24,11
1536699600,5399.32,5416.656177030977,55.81634657517611,6,6,24,12
1536696000,5417.83,5416.869599388981,41.299665401210916,6,6,24,13
1536692400,5396.65,5413.193308590985,46.95055159020714,6,6,24,14
1536688800,5393.15,5409.549070665351,41.97162228358517,6,6,24,15
1536685200,5406.32,5408.961966908014,41.194198029754645,6,6,24,16
1536681600,5400.05,5407.3416092883745,45.299947862833754,6,6,24,17
1536678000,5374.05,5401.288589417761,43.73441538553845,6,6,24,18
1536674400,5436.13,5407.623391341804,37.88721995832827,6,6,24,19
1536670800,5432.85,5412.210047461475,53.777750703844035,6,6,24,20
1536667200,5423.3,5414.226402468479,53.006153677400455,6,6,24,21
1536663600,5465.74,5423.5925111105735,50.72414717808381,6,6,24,22
1536660000,5469.01,5431.850236363196,59.142370433206246,6,6,24,23
1536656400,5454.35,5435.941102478978,59.71345882559019,6,0,25,0
1536652800,5438.33,5436.375447482799,55.93850272840781,6,0,25,1
1536649200,5459.18,5440.521729758654,52.06504226576324,6,0,25,2
1536645600,5468.09,5445.5341425298075,56.305771962668736,6,0,25,3
1536642000,5459.11,5448.00248025166,58.01514643377836,6,0,25,4
1536638400,5491.27,5455.869302024085,55.652069935639155,6,0,25,5
1536634800,5488.22,5461.751247110615,61.67302419007466,6,0,25,6
1536631200,5476.84,5464.494656726866,60.829543751268766,6,0,25,7
1536627600,5460.49,5463.766537321981,57.6607970967363,6,0,25,8
1536624000,5449.36,5461.147166899802,53.35999995930293,6,0,25,9
1536620400,5434.87,5456.369500190747,50.59353344100585,6,0,25,10
1536616800,5439.22,5453.251409246975,47.165154904595276,6,0,25,11
1536613200,5450.78,5452.802062111161,48.29783696893113,6,0,25,12
1536609600,5438.18,5450.143505363677,51.286585771824335,6,0,25,13
1536606000,5431.34,5446.724686206645,48.02769474485653,6,0,25,14
1536602400,5412.63,5440.5256523508915,46.30746177530552,6,0,25,15
1536598800,5406.56,5434.350079196183,41.887833042693956,6,0,25,16
1536595200,5437.26,5434.8791557059685,40.536143882013704,6,0,25,17
1536591600,5444.1,5436.555672850338,49.42523187633788,6,0,25,18
1536588000,5444.22,5437.949186877549,51.17643309400727,6,0,25,19
1536584400,5445.03,5439.2366074452675,51.20835269537545,6,0,25,20
1536580800,5465.74,5444.055406091582,51.43913516860191,6,0,25,21
1536577200,5451.77,5445.4580595294765,57.03482565061556,6,0,25,22
1536573600,5444.61,5445.3038668877525,52.62931758314898,6,0,25,23
1536570000,5450.71,5446.286800180888,50.47726443412379,6,1,26,0
1536566400,5474.71,5451.454654693453,52.26801956462094,6,1,26,1
1536562800,5487.75,5458.053808385553,58.609597287944396,6,1,26,2
1536559200,5463.1,5458.971297769997,61.5951514578498,6,1,26,3
1536555600,5451.96,5457.69651635727,53.70850483980114,6,1,26,4
1536552000,5470.39,5460.00442247413,50.557941687620314,6,1,26,5
1536548400,5473.9,5462.530891115196,55.23632389549856,6,1,26,6
1536544800,5489.38,5467.412547276069,56.088527991574146,6,1,26,7
1536541200,5421.65,5459.092084134965,59.72977739260778,6,1,26,8
1536537600,5406.43,5449.51715974679,42.94877180739787,6,1,26,9
1536534000,5420.72,5444.281312520101,40.214580556482005,6,1,26,10
1536530400,5522.96,5458.586528425537,43.83020441424171,6,1,26,11
1536526800,5540.69,5473.514432348166,61.68430468265608,6,1,26,12
1536523200,5533.11,5484.349990103045,63.831344362846025,6,1,26,13
1536519600,5527.88,5492.264537357036,62.225956071534604,6,1,26,14
1536516000,5527.6,5498.689166928483,61.08440946801336,6,1,26,15
1536512400,5528.4,5504.091136577849,61.01986866529745,6,1,26,16
1536508800,5517.94,5506.609111745513,61.14618348508351,6,1,26,17
1536505200,5530.59,5510.969273246328,58.47791651266889,6,1,26,18
1536501600,5548.48,5517.789405383359,60.7108514402836,6,1,26,19
1536498000,5539.23,5521.687695313657,63.68515710196172,6,1,26,20
1536494400,5520.5,5521.471750711174,61.109216914860326,6,1,26,21
1536490800,5522.85,5521.72234149096,56.156135240835006,6,1,26,22
1536487200,5530.44,5523.307370310786,56.63110060417166,6,1,26,23
1536483600,5375.53,5496.438757527007,58.20590505147629,6,2,27,0
1536480000,5366.76,5472.860801613006,32.37034365037677,6,2,27,1
1536476400,5369.57,5454.080655865187,31.517427301500078,6,2,27,2
1536472800,5368.7,5438.556900253334,32.134448270139586,6,2,27,3
1536469200,5358.61,5424.021100207273,32.03820162455935,6,2,27,4
1536465600,5361.63,5412.67726380595,30.88291527600373,6,2,27,5
1536462000,5356.68,5402.495943113959,31.677039868682385,6,2,27,6
1536458400,5382.68,5398.8930443659665,31.047372730245343,6,2,27,7
1536454800,5363.77,5392.507036299427,38.016744796546156,6,2,27,8
1536451200,5370.16,5388.44393879044,35.227851770311105,6,2,27,9
1536447600,5371.59,5385.3795862830875,36.91206567756507,6,2,27,10
1536444000,5376.67,5383.796025140708,37.304947630812606,6,2,27,11
1536440400,5359.28,5379.338566024215,38.763882087588655,6,2,27,12
1536436800,5369.12,5377.480644928903,35.701174276436205,6,2,27,13
1536433200,5372.33,5376.544164032738,38.654693765262245,6,2,27,14
1536429600,5396.24,5380.125225117695,39.62892119527667,6,2,27,15
1536426000,5544.23,5409.962456914478,46.450622064021694,6,2,27,16
1536422400,5573.57,5439.709282930027,69.4559320562359,6,2,27,17
1536418800,5552.22,5460.165776942749,72.02218725046495,6,2,27,18
1536415200,5568.71,5479.901090225885,67.5731159745953,6,2,27,19
1536411600,5564.52,5495.286346548452,69.15784576239396,6,2,27,20
1536408000,5577.08,5510.1579199032785,68.24520430720125,6,2,27,21
1536404400,5591.25,5524.901934466318,69.54271292728241,6,2,27,22
1536400800,5598.35,5538.256128199715,70.9832188787544,6,2,27,23
1536397200,5597.85,5549.091377617948,71.7053261437022,6,3,28,0
1536393600,5581.88,5555.052945323775,71.57024916170272,6,3,28,1
1536390000,5583.73,5560.266955264907,67.21497433063143,6,3,28,2
1536386400,5578.64,5563.607508853105,67.46199057397654,6,3,28,3
1536382800,5563.53,5563.593416334358,65.98882647363195,6,3,28,4
1536379200,5564.02,5563.670977000838,61.68270060124153,6,3,28,5
1536375600,5578.31,5566.332617546141,61.76982482115933,6,3,28,6
1536372000,5563.3,5565.781232537752,64.3179164883209,6,3,28,7
1536368400,5568.8,5566.330099349069,59.80864996092302,6,3,28,8
1536364800,5539.48,5561.448263103784,60.890635309792295,6,3,28,9
1536361200,5546.55,5558.739487994005,52.73961946680072,6,3,28,10
1536357600,5562.38,5559.401399267821,54.32728208625072,6,3,28,11
1536354000,5587.77,5564.559326673672,57.749728770057615,6,3,28,12
1536350400,5563.43,5564.353994551186,62.591621738603266,6,3,28,13
1536346800,5563.52,5564.202359178243,55.969738510880816,6,3,28,14
1536343200,5560.08,5563.452839327653,55.988279814936696,6,3,28,15
1536339600,5579.21,5566.317777631716,55.034334786178405,6,3,28,16
