,Prix,ema,rsi,month,weekday,day,hour
1536588000,5444.22,5437.949186877549,51.17643309400727,6,0,25,19
1536584400,5445.03,5439.2366074452675,51.20835269537545,6,0,25,20
1536580800,5465.74,5444.055406091582,51.43913516860191,6,0,25,21
1536577200,5451.77,5445.4580595294765,57.03482565061556,6,0,25,22
1536573600,5444.61,5445.3038668877525,52.62931758314898,6,0,25,23
1536570000,5450.71,5446.286800180888,50.47726443412379,6,1,26,0
1536566400,5474.71,5451.454654693453,52.26801956462094,6,1,26,1
1536562800,5487.75,5458.053808385553,58.609597287944396,6,1,26,2
1536559200,5463.1,5458.971297769997,61.5951514578498,6,1,26,3
1536555600,5451.96,5457.69651635727,53.70850483980114,6,1,26,4
1536552000,5470.39,5460.00442247413,50.557941687620314,6,1,26,5
1536548400,5473.9,5462.530891115196,55.23632389549856,6,1,26,6
1536544800,5489.38,5467.412547276069,56.088527991574146,6,1,26,7
1536541200,5421.65,5459.092084134965,59.72977739260778,6,1,26,8
1536537600,5406.43,5449.51715974679,42.94877180739787,6,1,26,9
1536534000,5420.72,5444.281312520101,40.214580556482005,6,1,26,10
1536530400,5522.96,5458.586528425537,43.83020441424171,6,1,26,11
1536526800,5540.69,5473.514432348166,61.68430468265608,6,1,26,12
1536523200,5533.11,5484.349990103045,63.831344362846025,6,1,26,13
1536519600,5527.88,5492.264537357036,62.225956071534604,6,1,26,14
1536516000,5527.6,5498.689166928483,61.08440946801336,6,1,26,15
1536512400,5528.4,5504.091136577849,61.01986866529745,6,1,26,16
1536508800,5517.94,5506.609111745513,61.14618348508351,6,1,26,17
1536505200,5530.59,5510.969273246328,58.47791651266889,6,1,26,18
1536501600,5548.48,5517.789405383359,60.7108514402836,6,1,26,19
1536498000,5539.23,5521.687695313657,63.68515710196172,6,1,26,20
1536494400,5520.5,5521.471750711174,61.109216914860326,6,1,26,21
1536490800,5522.85,5521.72234149096,56.156135240835006,6,1,26,22
1536487200,5530.44,5523.307370310786,56.63110060417166,6,1,26,23
1536483600,5375.53,5496.438757527007,58.20590505147629,6,2,27,0
1536480000,5366.76,5472.860801613006,32.37034365037677,6,2,27,1
1536476400,5369.57,5454.080655865187,31.517427301500078,6,2,27,2
1536472800,5368.7,5438.556900253334,32.134448270139586,6,2,27,3
1536469200,5358.61,5424.021100207273,32.03820162455935,6,2,27,4
1536465600,5361.63,5412.67726380595,30.88291527600373,6,2,27,5
1536462000,5356.68,5402.495943113959,31.677039868682385,6,2,27,6
1536458400,5382.68,5398.8930443659665,31.047372730245343,6,2,27,7
1536454800,5363.77,5392.507036299427,38.016744796546156,6,2,27,8
1536451200,5370.16,5388.44393879044,35.227851770311105,6,2,27,9
1536447600,5371.59,5385.3795862830875,36.91206567756507,6,2,27,10
1536444000,5376.67,5383.796025140708,37.304947630812606,6,2,27,11
1536440400,5359.28,5379.338566024215,38.763882087588655,6,2,27,12
1536436800,5369.12,5377.480644928903,35.701174276436205,6,2,27,13
1536433200,5372.33,5376.544164032738,38.654693765262245,6,2,27,14
1536429600,5396.24,5380.125225117695,39.62892119527667,6,2,27,15
1536426000,5544.23,5409.962456914478,46.450622064021694,6,2,27,16
1536422400,5573.57,5439.709282930027,69.4559320562359,6,2,27,17
1536418800,5552.22,5460.165776942749,72.02218725046495,6,2,27,18
1536415200,5568.71,5479.901090225885,67.5731159745953,6,2,27,19
1536411600,5564.52,5495.286346548452,69.15784576239396,6,2,27,20
1536408000,5577.08,5510.1579199032785,68.24520430720125,6,2,27,21
1536404400,5591.25,5524.901934466318,69.54271292728241,6,2,27,22
1536400800,5598.35,5538.256128199715,70.9832188787544,6,2,27,23
1536397200,5597.85,5549.091377617948,71.7053261437022,6,3,28,0
1536393600,5581.88,5555.052945323775,71.57024916170272,6,3,28,1
1536390000,5583.73,5560.266955264907,67.21497433063143,6,3,28,2
1536386400,5578.64,5563.607508853105,67.46199057397654,6,3,28,3
1536382800,5563.53,5563.593416334358,65.98882647363195,6,3,28,4
1536379200,5564.02,5563.670977000838,61.68270060124153,6,3,28,5
1536375600,5578.31,5566.332617546141,61.76982482115933,6,3,28,6
1536372000,5563.3,5565.781232537752,64.3179164883209,6,3,28,7
1536368400,5568.8,5566.330099349069,59.80864996092302,6,3,28,8
1536364800,5539.48,5561.448263103784,60.890635309792295,6,3,28,9
1536361200,5546.55,5558.739487994005,52.73961946680072,6,3,28,10
1536357600,5562.38,5559.401399267821,54.32728208625072,6,3,28,11
1536354000,5587.77,5564.559326673672,57.749728770057615,6,3,28,12
1536350400,5563.43,5564.353994551186,62.591621738603266,6,3,28,13
1536346800,5563.52,5564.202359178243,55.969738510880816,6,3,28,14
1536343200,5560.08,5563.452839327653,55.988279814936696,6,3,28,15
1536339600,5579.21,5566.317777631716,55.034334786178405,6,3,28,16
1536336000,5523.75,5558.578181698676,59.1977658596964,6,3,28,17
1536332400,5547.92,5556.640330480735,45.92244710573989,6,3,28,18
1536328800,5578.51,5560.616634029692,51.072097090247155,6,3,28,19
1536325200,5560.5,5560.595427842475,56.693002370565715,6,3,28,20
1536321600,5498.64,5549.330804598389,52.84386708327023,6,3,28,21
1536318000,5484.08,5537.467021944136,42.23659899892199,6,3,28,22
1536314400,5557.24,5541.062108863383,40.19165694070004,6,3,28,23
1536310800,5551.64,5542.985361797313,52.60800918133163,6,4,29,0
1536307200,5583.92,5550.42802328871,51.72286535738989,6,4,29,1
1536303600,5567.12,5553.462928145308,56.288373534614244,6,4,29,2
1536300000,5608.01,5563.380577573434,53.45504597744201,6,4,29,3
1536296400,5589.43,5568.116836196446,58.880305053011796,6,4,29,4
1536292800,5598.86,5573.706502342546,55.70313266928548,6,4,29,5
1536289200,5597.17,5577.9725928257185,56.97215989663936,6,4,29,6
1536285600,5608.42,5583.508485039224,56.65888496438268,6,4,29,7
1536282000,5592.51,5585.145124123001,58.30258510535239,6,4,29,8
1536278400,5599.91,5587.8296470097275,55.11893264914175,6,4,29,9
1536274800,5563.94,5583.486074826141,56.31382313577706,6,4,29,10
1536271200,5549.83,5577.366788494115,49.42555724660825,6,4,29,11
1536267600,5561.28,5574.441917858821,46.99706412272836,6,4,29,12
1536264000,5573.61,5574.290660066308,49.17923934873951,6,4,29,13
1536260400,5525.08,5565.34326732698,51.495126251186896,6,4,29,14
1536256800,5508.17,5554.948127812983,43.15875589190094,6,4,29,15
1536253200,5538.75,5552.0030136651685,40.68711286549735,6,4,29,16
1536249600,5535.06,5548.922465726047,46.638564280820255,6,4,29,17
1536246000,5565.39,5551.916562866765,46.03826701666079,6,4,29,18
1536242400,5584.32,5557.808096890989,51.557497028635844,6,4,29,19
1536238800,5506.52,5548.482988365354,54.67356588545507,6,4,29,20
1536235200,5514.18,5542.246081389835,42.557312826049994,6,4,29,21
1536231600,5488.63,5532.497702955319,43.87609382518432,6,4,29,22
1536228000,5498.96,5526.399938781625,40.53339156118481,6,4,29,23
1536224400,5540.75,5529.009040821329,42.442649621035315,6,5,30,0
1536220800,5518.25,5527.052851581087,49.50567499693929,6,5,30,1
1536217200,5528.15,5527.252333111799,46.21724318861507,6,5,30,2
1536213600,5507.3,5523.6246361823805,47.858420105754135,6,5,30,3
1536210000,5540.26,5526.649247785584,44.76054933905645,6,5,30,4
1536206400,5531.47,5527.5257481882045,50.24357108997074,6,5,30,5
1536202800,5553.66,5532.277430335804,48.85095929376083,6,5,30,6
1536199200,5527.36,5531.38335209293,52.43513236900243,6,5,30,7
1536195600,5530.01,5531.133651712397,48.130327898118814,6,5,30,8
1536192000,5762.28,5573.160260491962,48.58833011536414,6,5,30,9
1536188400,5939.55,5639.776576766149,71.95924489445468,6,5,30,10
1536184800,5960.31,5698.055380990485,79.58637228157275,6,5,30,11
1536181200,5983.8,5750.008948083124,80.26342106067275,6,5,30,12
1536177600,5948.84,5786.160048431647,81.03008579494279,6,5,30,13
1536174000,5959.3,5817.640039625892,76.28086551821359,6,5,30,14
1536170400,5961.86,5843.8618506030025,76.72050284027523,6,5,30,15
1536166800,5956.5,5864.341514129729,76.83367661336422,6,5,30,16
1536163200,6020.37,5892.710329742506,76.00057384242643,6,5,30,17
1536159600,6033.33,5918.277542516595,78.93204814001643,6,5,30,18
1536156000,6061.8,5944.372534786305,79.47977018657849,6,5,30,19
1536152400,6037.68,5961.337528461522,80.66872552466994,6,5,30,20
1536148800,6040.78,5975.78161419579,76.61839122950053,6,5,30,21
1536145200,6033.1,5986.203138887465,76.7797607238177,6,5,30,22
1536141600,6148.57,6015.724386362472,75.39155459690413,6,5,30,23
1536138000,6375.58,6081.152679751112,80.96429484963461,7,6,1,0
1536134400,6380.43,6135.566737978183,87.13327283466892,7,6,1,1
1536130800,6377.46,6179.547331073058,87.22850146595353,7,6,1,2
1536127200,6364.34,6213.145998150683,86.80481687476484,7,6,1,3
1536123600,6350.16,6238.057634850558,84.84430700124548,7,6,1,4
1536120000,6351.56,6258.694428514093,82.67107606655998,7,6,1,5
1536116400,6348.54,6275.029986966075,82.7181423691811,7,6,1,6
1536112800,6362.79,6290.9863529722425,82.19949612945291,7,6,1,7
1536109200,6344.8,6300.770652431835,82.74913071158915,7,6,1,8
1536105600,6331.6,6306.3759883533185,79.41527514056169,7,6,1,9
1536102000,6336.84,6311.914899561805,76.96505898508471,7,6,1,10
1536098400,6342.85,6317.539463277841,77.26493286192826,7,6,1,11
1536094800,6334.35,6320.595924500051,77.62472182889815,7,6,1,12
1536091200,6331.94,6322.658483681859,75.79772863617217,7,6,1,13
1536087600,6350.77,6327.769668466975,75.25689218766375,7,6,1,14
1536084000,6357.0,6333.084274200252,76.65828681956272,7,6,1,15
1536080400,6350.36,6336.225315254751,77.1200128803664,7,6,1,16
1536076800,6357.6,6340.1116215720685,75.4078968098106,7,6,1,17
1536073200,6352.29,6342.325872195328,76.03269600983467,7,6,1,18
1536069600,6359.32,6345.4157136143585,74.5369527166857,7,6,1,19
1536066000,6345.09,6345.356492957202,75.23165565867527,7,6,1,20
1536062400,6326.18,6341.869857874074,71.0085342395596,7,6,1,21
1536058800,6303.17,6334.833520078788,65.72826093280312,7,6,1,22
1536055200,6285.71,6325.901970973553,59.89212560075028,7,6,1,23
1536051600,6285.7,6318.592521705634,55.840452089277065,7,0,2,0
1536048000,6292.97,6313.933881395518,55.83812219634308,7,0,2,1
1536044400,6275.66,6306.97499386906,57.235112733365156,7,0,2,2
1536040800,6245.65,6295.824994983776,52.940890509744875,7,0,2,3
1536037200,6237.08,6285.144086804908,46.43612618468413,7,0,2,4
1536033600,6253.09,6279.316071022196,44.74534391753894,7,0,2,5
1536030000,6253.41,6274.605876290887,48.51666546994864,7,0,2,6
1536026400,6274.96,6274.670262419816,48.592191577457655,7,0,2,7
1536022800,6265.42,6272.988396525304,53.53566434423617,7,0,2,8
1536019200,6247.74,6268.397778975248,51.18892502866157,7,0,2,9
1536015600,6251.92,6265.401819161566,47.070867367890564,7,0,2,10
1536012000,6294.53,6270.697852041281,48.13325765123146,7,0,2,11
1536008400,6286.65,6273.59824257923,57.49840256802522,7,0,2,12
1536004800,6302.18,6278.794925746643,55.502508403816535,7,0,2,13
1536001200,6275.35,6278.168575610889,58.55584668276204,7,0,2,14
1535997600,6272.97,6277.223380045272,51.92661353307359,7,0,2,15
1535994000,6254.55,6273.100947309768,51.371026324147095,7,0,2,16
1535990400,6274.98,6273.442593253447,47.164933820830605,7,0,2,17
1535986800,6269.63,6272.749394480092,51.871718747706815,7,0,2,18
