,Prix,ema,rsi,month,weekday,day,hour
1536253200,5538.75,5552.0030136651685,40.68711286549735,6,4,29,16
1536249600,5535.06,5548.922465726047,46.638564280820255,6,4,29,17
1536246000,5565.39,5551.916562866765,46.03826701666079,6,4,29,18
1536242400,5584.32,5557.808096890989,51.557497028635844,6,4,29,19
1536238800,5506.52,5548.482988365354,54.67356588545507,6,4,29,20
1536235200,5514.18,5542.246081389835,42.557312826049994,6,4,29,21
1536231600,5488.63,5532.497702955319,43.87609382518432,6,4,29,22
1536228000,5498.96,5526.399938781625,40.53339156118481,6,4,29,23
1536224400,5540.75,5529.009040821329,42.442649621035315,6,5,30,0
1536220800,5518.25,5527.052851581087,49.50567499693929,6,5,30,1
1536217200,5528.15,5527.252333111799,46.21724318861507,6,5,30,2
1536213600,5507.3,5523.6246361823805,47.858420105754135,6,5,30,3
1536210000,5540.26,5526.649247785584,44.76054933905645,6,5,30,4
1536206400,5531.47,5527.5257481882045,50.24357108997074,6,5,30,5
1536202800,5553.66,5532.277430335804,48.85095929376083,6,5,30,6
1536199200,5527.36,5531.38335209293,52.43513236900243,6,5,30,7
1536195600,5530.01,5531.133651712397,48.130327898118814,6,5,30,8
1536192000,5762.28,5573.160260491962,48.58833011536414,6,5,30,9
1536188400,5939.55,5639.776576766149,71.95924489445468,6,5,30,10
1536184800,5960.31,5698.055380990485,79.58637228157275,6,5,30,11
1536181200,5983.8,5750.008948083124,80.26342106067275,6,5,30,12
1536177600,5948.84,5786.160048431647,81.03008579494279,6,5,30,13
1536174000,5959.3,5817.640039625892,76.28086551821359,6,5,30,14
1536170400,5961.86,5843.8618506030025,76.72050284027523,6,5,30,15
1536166800,5956.5,5864.341514129729,76.83367661336422,6,5,30,16
1536163200,6020.37,5892.710329742506,76.00057384242643,6,5,30,17
1536159600,6033.33,5918.277542516595,78.93204814001643,6,5,30,18
1536156000,6061.8,5944.372534786305,79.47977018657849,6,5,30,19
1536152400,6037.68,5961.337528461522,80.66872552466994,6,5,30,20
1536148800,6040.78,5975.78161419579,76.61839122950053,6,5,30,21
1536145200,6033.1,5986.203138887465,76.7797607238177,6,5,30,22
1536141600,6148.57,6015.724386362472,75.39155459690413,6,5,30,23
1536138000,6375.58,6081.152679751112,80.96429484963461,7,6,1,0
1536134400,6380.43,6135.566737978183,87.13327283466892,7,6,1,1
1536130800,6377.46,6179.547331073058,87.22850146595353,7,6,1,2
1536127200,6364.34,6213.145998150683,86.80481687476484,7,6,1,3
1536123600,6350.16,6238.057634850558,84.84430700124548,7,6,1,4
1536120000,6351.56,6258.694428514093,82.67107606655998,7,6,1,5
1536116400,6348.54,6275.029986966075,82.7181423691811,7,6,1,6
1536112800,6362.79,6290.9863529722425,82.19949612945291,7,6,1,7
1536109200,6344.8,6300.770652431835,82.74913071158915,7,6,1,8
1536105600,6331.6,6306.3759883533185,79.41527514056169,7,6,1,9
1536102000,6336.84,6311.914899561805,76.96505898508471,7,6,1,10
1536098400,6342.85,6317.539463277841,77.26493286192826,7,6,1,11
1536094800,6334.35,6320.595924500051,77.62472182889815,7,6,1,12
1536091200,6331.94,6322.658483681859,75.79772863617217,7,6,1,13
1536087600,6350.77,6327.769668466975,75.25689218766375,7,6,1,14
1536084000,6357.0,6333.084274200252,76.65828681956272,7,6,1,15
1536080400,6350.36,6336.225315254751,77.1200128803664,7,6,1,16
1536076800,6357.6,6340.1116215720685,75.4078968098106,7,6,1,17
1536073200,6352.29,6342.325872195328,76.03269600983467,7,6,1,18
1536069600,6359.32,6345.4157136143585,74.5369527166857,7,6,1,19
1536066000,6345.09,6345.356492957202,75.23165565867527,7,6,1,20
1536062400,6326.18,6341.869857874074,71.0085342395596,7,6,1,21
1536058800,6303.17,6334.833520078788,65.72826093280312,7,6,1,22
1536055200,6285.71,6325.901970973553,59.89212560075028,7,6,1,23
1536051600,6285.7,6318.592521705634,55.840452089277065,7,0,2,0
1536048000,6292.97,6313.933881395518,55.83812219634308,7,0,2,1
1536044400,6275.66,6306.97499386906,57.235112733365156,7,0,2,2
1536040800,6245.65,6295.824994983776,52.940890509744875,7,0,2,3
1536037200,6237.08,6285.144086804908,46.43612618468413,7,0,2,4
1536033600,6253.09,6279.316071022196,44.74534391753894,7,0,2,5
1536030000,6253.41,6274.605876290887,48.51666546994864,7,0,2,6
1536026400,6274.96,6274.670262419816,48.592191577457655,7,0,2,7
1536022800,6265.42,6272.988396525304,53.53566434423617,7,0,2,8
1536019200,6247.74,6268.397778975248,51.18892502866157,7,0,2,9
1536015600,6251.92,6265.401819161566,47.070867367890564,7,0,2,10
1536012000,6294.53,6270.697852041281,48.13325765123146,7,0,2,11
1536008400,6286.65,6273.59824257923,57.49840256802522,7,0,2,12
1536004800,6302.18,6278.794925746643,55.502508403816535,7,0,2,13
1536001200,6275.35,6278.168575610889,58.55584668276204,7,0,2,14
1535997600,6272.97,6277.223380045272,51.92661353307359,7,0,2,15
1535994000,6254.55,6273.100947309768,51.371026324147095,7,0,2,16
1535990400,6274.98,6273.442593253447,47.164933820830605,7,0,2,17
1535986800,6269.63,6272.749394480092,51.871718747706815,7,0,2,18
1535983200,6272.11,6272.6331409382565,50.60048082292035,7,0,2,19
1535979600,6253.44,6269.143478949482,51.19754423827876,7,0,2,20
1535976000,6222.2,6260.608300958666,46.628489063455866,7,0,2,21
1535972400,6232.92,6255.574064420726,40.16872430712729,7,0,2,22
1535968800,6220.6,6249.215143616957,43.08265001404314,7,0,2,23
1535965200,6242.83,6248.054208413874,40.63339541408133,7,1,3,0
1535961600,6243.95,6247.30798870226,46.539216438103,7,1,3,1
1535958000,6245.03,6246.893808938213,46.826227599851066,7,1,3,2
1535954400,6220.44,6242.084025494901,47.12103395248952,7,1,3,3
1535950800,6211.48,6236.5196572231,41.481842260896364,7,1,3,4
1535947200,6257.84,6240.396083182536,39.621196093999515,7,1,3,5
1535943600,6266.04,6245.058613512983,51.69441786272525,7,1,3,6
1535940000,6261.05,6247.966138328804,53.466797389082174,7,1,3,7
1535936400,6273.79,6252.661385905384,52.211357944009464,7,1,3,8
1535932800,6289.42,6259.344770286223,55.10949961155038,7,1,3,9
1535929200,6273.98,6262.005721143273,58.43953999472033,7,1,3,10
1535925600,6269.09,6263.2937718444955,54.16502355742546,7,1,3,11
1535922000,6280.74,6266.465813327314,52.846633924607524,7,1,3,12
1535918400,6287.48,6270.286574540529,55.61823764821782,7,1,3,13
1535914800,6296.34,6275.023560987705,57.18614857840381,7,1,3,14
1535911200,6276.13,6275.224731717213,59.22537445822261,7,1,3,15
1535907600,6268.28,6273.962053223175,53.02166214921543,7,1,3,16
1535904000,6219.88,6264.128952637143,50.795989515594655,7,1,3,17
1535900400,6229.93,6257.910961248571,39.72408685871866,7,1,3,18
1535896800,6197.37,6246.90351374883,42.5254769822871,7,1,3,19
1535893200,6243.18,6246.226511249042,36.59188598928058,7,1,3,20
1535889600,6230.21,6243.31441829467,47.65766693429709,7,1,3,21
1535886000,6259.21,6246.204524059274,45.24987484666688,7,1,3,22
1535882400,6282.05,6252.721883321225,51.18807516826788,7,1,3,23
1535878800,6277.33,6257.196086353729,55.30012892442203,7,2,4,0
1535875200,6228.09,6251.90407065305,54.282422184825464,7,2,4,1
1535871600,6201.03,6242.6542396252225,44.98211830130554,7,2,4,2
1535868000,6217.4,6238.062559693364,40.84090405685454,7,2,4,3
1535864400,6200.39,6231.213003385479,44.18838385620248,7,2,4,4
1535860800,6175.07,6221.005184588119,41.557018597243946,7,2,4,5
1535857200,6161.11,6210.115151026643,37.935711745751114,7,2,4,6
1535853600,6137.33,6196.881487203616,36.06947324816953,7,2,4,7
1535850000,6162.42,6190.615762257505,33.0837802466486,7,2,4,8
1535846400,6186.71,6189.90562366523,38.83647525554498,7,2,4,9
1535842800,6182.13,6188.491873907915,43.867600143472245,7,2,4,10
1535839200,6177.38,6186.471533197384,43.14691594794456,7,2,4,11
1535835600,6179.22,6185.153072616042,42.369475688377676,7,2,4,12
1535832000,6236.63,6194.51251395858,42.79943413966309,7,2,4,13
1535828400,6182.33,6192.2975114206565,54.264609843330355,7,2,4,14
1535824800,6180.86,6190.217963889628,45.06416749882574,7,2,4,15
1535821200,6176.95,6187.805606818785,44.84250913807224,7,2,4,16
1535817600,6165.06,6183.6700419426425,44.219476967714726,7,2,4,17
1535814000,6111.27,6170.506397953071,42.29505654444963,7,2,4,18
1535810400,6067.69,6151.812507416149,34.896140129957715,7,2,4,19
1535806800,6057.16,6134.602960613212,30.275148718009405,7,2,4,20
1535803200,6079.97,6124.669695047173,29.26669206398124,7,2,4,21
1535799600,6099.22,6120.042477765869,34.36676469446191,7,2,4,22
1535796000,6080.03,6112.767481808438,38.403223364952424,7,2,4,23
1535792400,6070.17,6105.022485115994,36.02470733409383,7,3,5,0
1535788800,6067.09,6098.125669640359,34.83101831234809,7,3,5,1
1535785200,6055.1,6090.302820614839,34.44704486402138,7,3,5,2
1535781600,6052.23,6083.380489593959,32.92538014826199,7,3,5,3
1535778000,6058.5,6078.856764213238,32.55467572304076,7,3,5,4
1535774400,6074.11,6077.993716174467,34.29513875214218,7,3,5,5
1535770800,6060.7,6074.849404142746,38.54697258805108,7,3,5,6
1535767200,6052.56,6070.7967852077,36.36962311778462,7,3,5,7
1535763600,6062.53,6069.293733351755,35.07450400153249,7,3,5,8
1535760000,6039.21,6063.823963651435,37.987280277283425,7,3,5,9
1535756400,6043.84,6060.19051571481,34.13027916381603,7,3,5,10
1535752800,6046.72,6057.7413310393895,35.52988938938313,7,3,5,11
1535749200,6061.29,6058.3865435776825,36.43465867152288,7,3,5,12
1535745600,6063.27,6059.274444745376,40.949618467793414,7,3,5,13
1535742000,6072.13,6061.611818428035,41.55713115540074,7,3,5,14
1535738400,6071.28,6063.369669622937,44.317726907499306,7,3,5,15
1535734800,6028.68,6057.0624569642205,44.10249614374654,7,3,5,16
1535731200,5994.27,6045.645646607089,34.94315322170014,7,3,5,17
1535727600,5942.99,6026.980983587618,29.596299333529387,7,3,5,18
1535724000,5957.06,6014.268077480778,23.761152890097094,7,3,5,19
1535720400,5939.33,6000.642972484273,27.95807055054142,7,3,5,20
1535716800,5981.51,5997.164250214405,26.0146306522264,7,3,5,21
1535713200,5961.03,5990.594386539058,37.19903278446943,7,3,5,22
1535709600,5963.04,5985.584498077411,34.47402946203211,7,3,5,23
1535706000,5964.76,5981.7982256997,34.97747213682152,7,4,6,0
1535702400,5961.67,5978.138548299754,35.43461650280054,7,4,6,1
1535698800,5989.85,5980.267903154344,34.95910120129241,7,4,6,2
1535695200,5992.55,5982.501011671736,42.53304592461927,7,4,6,3
1535691600,6002.03,5986.051736822329,43.215343858387364,7,4,6,4
1535688000,5970.22,5983.173239218269,45.65508660130906,7,4,6,5
1535684400,5959.91,5978.943559360402,39.51939726739695,7,4,6,6
1535680800,5946.74,5973.088366749419,37.74865500450033,7,4,6,7
1535677200,5959.55,5970.626845522252,35.5569536347888,7,4,6,8
1535673600,5986.51,5973.514691790933,39.25151902701129,7,4,6,9
1535670000,5947.54,5968.792020556219,46.23742588914595,7,4,6,10
1535666400,5943.39,5964.173471364178,39.21708940954926,7,4,6,11
1535662800,5930.61,5958.071022025237,38.54590038099032,7,4,6,12
1535659200,5845.05,5937.521745293375,36.47557287343325,7,4,6,13
1535655600,5854.01,5922.33779160367,26.293539507390363,7,4,6,14
1535652000,5889.31,5916.332738584821,28.543104050775852,7,4,6,15
