,Prix,ema,rsi,month,weekday,day,hour
1535922000,6280.74,6266.465813327314,52.846633924607524,7,1,3,12
1535918400,6287.48,6270.286574540529,55.61823764821782,7,1,3,13
1535914800,6296.34,6275.023560987705,57.18614857840381,7,1,3,14
1535911200,6276.13,6275.224731717213,59.22537445822261,7,1,3,15
1535907600,6268.28,6273.962053223175,53.02166214921543,7,1,3,16
1535904000,6219.88,6264.128952637143,50.795989515594655,7,1,3,17
1535900400,6229.93,6257.910961248571,39.72408685871866,7,1,3,18
1535896800,6197.37,6246.90351374883,42.5254769822871,7,1,3,19
1535893200,6243.18,6246.226511249042,36.59188598928058,7,1,3,20
1535889600,6230.21,6243.31441829467,47.65766693429709,7,1,3,21
1535886000,6259.21,6246.204524059274,45.24987484666688,7,1,3,22
1535882400,6282.05,6252.721883321225,51.18807516826788,7,1,3,23
1535878800,6277.33,6257.196086353729,55.30012892442203,7,2,4,0
1535875200,6228.09,6251.90407065305,54.282422184825464,7,2,4,1
1535871600,6201.03,6242.6542396252225,44.98211830130554,7,2,4,2
1535868000,6217.4,6238.062559693364,40.84090405685454,7,2,4,3
1535864400,6200.39,6231.213003385479,44.18838385620248,7,2,4,4
1535860800,6175.07,6221.005184588119,41.557018597243946,7,2,4,5
1535857200,6161.11,6210.115151026643,37.935711745751114,7,2,4,6
1535853600,6137.33,6196.881487203616,36.06947324816953,7,2,4,7
1535850000,6162.42,6190.615762257505,33.0837802466486,7,2,4,8
1535846400,6186.71,6189.90562366523,38.83647525554498,7,2,4,9
1535842800,6182.13,6188.491873907915,43.867600143472245,7,2,4,10
1535839200,6177.38,6186.471533197384,43.14691594794456,7,2,4,11
1535835600,6179.22,6185.153072616042,42.369475688377676,7,2,4,12
1535832000,6236.63,6194.51251395858,42.79943413966309,7,2,4,13
1535828400,6182.33,6192.2975114206565,54.264609843330355,7,2,4,14
1535824800,6180.86,6190.217963889628,45.06416749882574,7,2,4,15
1535821200,6176.95,6187.805606818785,44.84250913807224,7,2,4,16
1535817600,6165.06,6183.6700419426425,44.219476967714726,7,2,4,17
1535814000,6111.27,6170.506397953071,42.29505654444963,7,2,4,18
1535810400,6067.69,6151.812507416149,34.896140129957715,7,2,4,19
1535806800,6057.16,6134.602960613212,30.275148718009405,7,2,4,20
1535803200,6079.97,6124.669695047173,29.26669206398124,7,2,4,21
1535799600,6099.22,6120.042477765869,34.36676469446191,7,2,4,22
1535796000,6080.03,6112.767481808438,38.403223364952424,7,2,4,23
1535792400,6070.17,6105.022485115994,36.02470733409383,7,3,5,0
1535788800,6067.09,6098.125669640359,34.83101831234809,7,3,5,1
1535785200,6055.1,6090.302820614839,34.44704486402138,7,3,5,2
1535781600,6052.23,6083.380489593959,32.92538014826199,7,3,5,3
1535778000,6058.5,6078.856764213238,32.55467572304076,7,3,5,4
1535774400,6074.11,6077.993716174467,34.29513875214218,7,3,5,5
1535770800,6060.7,6074.849404142746,38.54697258805108,7,3,5,6
1535767200,6052.56,6070.7967852077,36.36962311778462,7,3,5,7
1535763600,6062.53,6069.293733351755,35.07450400153249,7,3,5,8
1535760000,6039.21,6063.823963651435,37.987280277283425,7,3,5,9
1535756400,6043.84,6060.19051571481,34.13027916381603,7,3,5,10
1535752800,6046.72,6057.7413310393895,35.52988938938313,7,3,5,11
1535749200,6061.29,6058.3865435776825,36.43465867152288,7,3,5,12
1535745600,6063.27,6059.274444745376,40.949618467793414,7,3,5,13
1535742000,6072.13,6061.611818428035,41.55713115540074,7,3,5,14
1535738400,6071.28,6063.369669622937,44.317726907499306,7,3,5,15
1535734800,6028.68,6057.0624569642205,44.10249614374654,7,3,5,16
1535731200,5994.27,6045.645646607089,34.94315322170014,7,3,5,17
1535727600,5942.99,6026.980983587618,29.596299333529387,7,3,5,18
1535724000,5957.06,6014.268077480778,23.761152890097094,7,3,5,19
1535720400,5939.33,6000.642972484273,27.95807055054142,7,3,5,20
1535716800,5981.51,5997.164250214405,26.0146306522264,7,3,5,21
1535713200,5961.03,5990.594386539058,37.19903278446943,7,3,5,22
1535709600,5963.04,5985.584498077411,34.47402946203211,7,3,5,23
1535706000,5964.76,5981.7982256997,34.97747213682152,7,4,6,0
1535702400,5961.67,5978.138548299754,35.43461650280054,7,4,6,1
1535698800,5989.85,5980.267903154344,34.95910120129241,7,4,6,2
1535695200,5992.55,5982.501011671736,42.53304592461927,7,4,6,3
1535691600,6002.03,5986.051736822329,43.215343858387364,7,4,6,4
1535688000,5970.22,5983.173239218269,45.65508660130906,7,4,6,5
1535684400,5959.91,5978.943559360402,39.51939726739695,7,4,6,6
1535680800,5946.74,5973.088366749419,37.74865500450033,7,4,6,7
1535677200,5959.55,5970.626845522252,35.5569536347888,7,4,6,8
1535673600,5986.51,5973.514691790933,39.25151902701129,7,4,6,9
1535670000,5947.54,5968.792020556219,46.23742588914595,7,4,6,10
1535666400,5943.39,5964.173471364178,39.21708940954926,7,4,6,11
1535662800,5930.61,5958.071022025237,38.54590038099032,7,4,6,12
1535659200,5845.05,5937.521745293375,36.47557287343325,7,4,6,13
1535655600,5854.01,5922.33779160367,26.293539507390363,7,4,6,14
1535652000,5889.31,5916.332738584821,28.543104050775852,7,4,6,15
1535648400,5879.01,5909.546786114854,36.735390225662314,7,4,6,16
1535644800,5897.39,5907.336461366698,35.45800335658237,7,4,6,17
1535641200,5890.85,5904.338922936389,39.500786833723296,7,4,6,18
1535637600,5876.3,5899.240936947954,38.57489602180756,7,4,6,19
1535634000,5855.71,5891.326221139235,36.52373775377848,7,4,6,20
1535630400,5884.14,5890.019635477555,33.78589866536082,7,4,6,21
1535626800,5923.99,5896.196065390726,40.42627449765497,7,4,6,22
1535623200,5920.87,5900.682235319685,48.25900362904914,7,4,6,23
1535619600,5948.36,5909.350919807015,47.729877004241914,7,5,7,0
1535616000,5962.15,5918.950752569375,52.65544308273858,7,5,7,1
1535612400,5969.46,5928.134252102216,54.94885804387083,7,5,7,2
1535608800,5963.87,5934.631660810904,56.16115627053534,7,5,7,3
1535605200,5998.35,5946.216813390739,54.94357024004172,7,5,7,4
1535601600,5997.48,5955.53739277424,60.61547991980353,7,5,7,5
1535598000,5990.03,5961.808775906196,60.40884214263465,7,5,7,6
1535594400,6017.72,5971.974453014161,58.56762302578379,7,5,7,7
1535590800,6024.55,5981.533643375222,63.07271543031966,7,5,7,8
1535587200,6012.75,5987.209344579727,64.10935445715627,7,5,7,9
1535583600,6031.49,5995.260372837958,60.92708765759223,7,5,7,10
1535580000,6040.49,6003.483941412875,63.984648477686214,7,5,7,11
1535576400,6020.09,6006.503224792352,65.38557094526837,7,5,7,12
1535572800,5993.42,6004.124456648287,59.71553143203219,7,5,7,13
1535569200,6002.81,6003.885464530416,53.2181085744551,7,5,7,14
1535565600,6010.02,6005.000834615795,55.07164697883246,7,5,7,15
1535562000,5974.96,5999.53886468565,56.49692034759457,7,5,7,16
1535558400,5965.27,5993.308162015532,48.448361937059516,7,5,7,17
1535554800,6050.86,6003.7721325581615,46.477602603311624,7,5,7,18
1535551200,6078.97,6017.444472093041,61.40959507966509,7,5,7,19
1535547600,6077.06,6028.283658985216,64.87548701877348,7,5,7,20
1535544000,6074.78,6036.737539169722,64.45191359474411,7,5,7,21
1535540400,6069.69,6042.728895684318,63.91545020676184,7,5,7,22
1535536800,6086.31,6050.652732832623,62.66152155261031,7,5,7,23
1535533200,6055.0,6051.443145044873,65.0711453304571,7,6,8,0
1535529600,6050.52,6051.275300491259,57.537880807407205,7,6,8,1
1535526000,6043.06,6049.7816094928485,56.52944303844043,7,6,8,2
1535522400,6043.1,6048.56677140324,54.80687733522831,7,6,8,3
1535518800,6029.48,6045.0964493299225,54.81482798964095,7,6,8,4
1535515200,6024.47,6041.3461858153905,51.49297571077959,7,6,8,5
1535511600,6020.22,6037.505061121683,50.28579338506822,7,6,8,6
1535508000,6045.78,6039.009595463194,49.23139933579093,7,6,8,7
1535504400,6055.07,6041.929669015341,55.30163903647637,7,6,8,8
1535500800,6056.03,6044.493365558006,57.300018167725085,7,6,8,9
1535497200,6060.8,6047.4582081838225,57.511415136882015,7,6,8,10
1535493600,6046.37,6047.2603521504,58.6079435738163,7,6,8,11
1535490000,6063.7,6050.249379032144,54.06249882479424,7,6,8,12
1535486400,6072.56,6054.305855571753,58.2503361036883,7,6,8,13
1535482800,6038.71,6051.470245467797,60.24571870002824,7,6,8,14
1535479200,6022.29,6046.164746291834,50.34552474900298,7,6,8,15
1535475600,6001.92,6038.120246966045,46.36528181446608,7,6,8,16
1535472000,6025.14,6035.7602020631275,41.935954263342424,7,6,8,17
1535468400,6037.28,6036.036528960741,48.03060000094131,7,6,8,18
1535464800,6046.4,6037.920796422423,50.93056896864484,7,6,8,19
1535461200,6017.7,6034.244287981982,53.05010642074656,7,6,8,20
1535457600,6014.89,6030.725326530712,46.27592364537467,7,6,8,21
1535454000,5928.96,6012.222539888764,45.66113413113959,7,6,8,22
1535450400,5927.24,5996.771168999898,31.76390051468246,7,6,8,23
1535446800,5921.97,5983.170956454462,31.556865481194052,7,0,9,0
1535443200,5936.08,5974.6089643718315,30.89246576308861,7,0,9,1
1535439600,5913.25,5963.4527890314985,34.84765025485919,7,0,9,2
1535436000,5915.86,5954.799554662135,31.68759809688933,7,0,9,3
1535432400,5908.99,5946.470544723565,32.441852343668,7,0,9,4
1535428800,5892.24,5936.610445682916,31.457296141344116,7,0,9,5
1535425200,5889.43,5928.032182831477,29.135618749177183,7,0,9,6
1535421600,5921.76,5926.891785953027,28.752239719293144,7,0,9,7
1535418000,5901.05,5922.193279416113,38.73994184344805,7,0,9,8
1535414400,5906.56,5919.350864976819,35.323907836914685,7,0,9,9
1535410800,5779.63,5893.94707134467,36.91768295062717,7,0,9,10
1535407200,5771.64,5871.709422009275,22.911212529539668,7,0,9,11
1535403600,5763.06,5851.954981643952,22.33672455264879,7,0,9,12
1535400000,5777.25,5838.372257708688,21.70727156189119,7,0,9,13
1535396400,5770.76,5826.079119943472,25.449039479443655,7,0,9,14
1535392800,5773.64,5816.5447344992035,24.863752217050816,7,0,9,15
1535389200,5773.68,5808.751146408439,25.68058365034743,7,0,9,16
1535385600,5780.38,5803.592756152359,25.69266642854356,7,0,9,17
1535382000,5768.63,5797.235891397384,27.809771554708448,7,0,9,18
1535378400,5777.9,5793.720274779678,26.389753621246456,7,0,9,19
1535374800,5753.41,5786.391133910645,29.4504294459595,7,0,9,20
1535371200,5774.94,5784.309109563255,26.33507570207287,7,0,9,21
1535367600,5784.07,5784.265635097208,33.041083874736984,7,0,9,22
1535364000,5766.13,5780.968246897715,35.71367996396154,7,0,9,23
1535360400,5778.13,5780.452202007221,32.93216417278316,7,1,10,0
1535356800,5788.71,5781.953619824089,36.495019633899624,7,1,10,1
1535353200,5790.25,5783.462052583345,39.54438631475863,7,1,10,2
1535349600,5784.17,5783.590770295464,39.99603582553257,7,1,10,3
1535346000,5772.42,5781.559721150834,38.764720983801396,7,1,10,4
1535342400,5744.29,5774.783408214318,36.430528794808396,7,1,10,5
1535338800,5747.18,5769.764606720805,31.53490511723949,7,1,10,6
1535335200,5748.12,5765.829223680658,32.5379375128354,7,1,10,7
1535331600,5758.93,5764.574819375084,32.8823644331697,7,1,10,8
1535328000,5770.35,5765.624852215978,36.873804509478504,7,1,10,9
1535324400,5756.33,5763.934879085799,40.87413235362071,7,1,10,10
1535320800,5754.3,5762.18308288838,37.71433643905705,7,1,10,11
