,Prix,ema,rsi,month,weekday,day,hour
1535702400,5961.67,5978.138548299754,35.43461650280054,7,4,6,1
1535698800,5989.85,5980.267903154344,34.95910120129241,7,4,6,2
1535695200,5992.55,5982.501011671736,42.53304592461927,7,4,6,3
1535691600,6002.03,5986.051736822329,43.215343858387364,7,4,6,4
1535688000,5970.22,5983.173239218269,45.65508660130906,7,4,6,5
1535684400,5959.91,5978.943559360402,39.51939726739695,7,4,6,6
1535680800,5946.74,5973.088366749419,37.74865500450033,7,4,6,7
1535677200,5959.55,5970.626845522252,35.5569536347888,7,4,6,8
1535673600,5986.51,5973.514691790933,39.25151902701129,7,4,6,9
1535670000,5947.54,5968.792020556219,46.23742588914595,7,4,6,10
1535666400,5943.39,5964.173471364178,39.21708940954926,7,4,6,11
1535662800,5930.61,5958.071022025237,38.54590038099032,7,4,6,12
1535659200,5845.05,5937.521745293375,36.47557287343325,7,4,6,13
1535655600,5854.01,5922.33779160367,26.293539507390363,7,4,6,14
1535652000,5889.31,5916.332738584821,28.543104050775852,7,4,6,15
1535648400,5879.01,5909.546786114854,36.735390225662314,7,4,6,16
1535644800,5897.39,5907.336461366698,35.45800335658237,7,4,6,17
1535641200,5890.85,5904.338922936389,39.500786833723296,7,4,6,18
1535637600,5876.3,5899.240936947954,38.57489602180756,7,4,6,19
1535634000,5855.71,5891.326221139235,36.52373775377848,7,4,6,20
1535630400,5884.14,5890.019635477555,33.78589866536082,7,4,6,21
1535626800,5923.99,5896.196065390726,40.42627449765497,7,4,6,22
1535623200,5920.87,5900.682235319685,48.25900362904914,7,4,6,23
1535619600,5948.36,5909.350919807015,47.729877004241914,7,5,7,0
1535616000,5962.15,5918.950752569375,52.65544308273858,7,5,7,1
1535612400,5969.46,5928.134252102216,54.94885804387083,7,5,7,2
1535608800,5963.87,5934.631660810904,56.16115627053534,7,5,7,3
1535605200,5998.35,5946.216813390739,54.94357024004172,7,5,7,4
1535601600,5997.48,5955.53739277424,60.61547991980353,7,5,7,5
1535598000,5990.03,5961.808775906196,60.40884214263465,7,5,7,6
1535594400,6017.72,5971.974453014161,58.56762302578379,7,5,7,7
1535590800,6024.55,5981.533643375222,63.07271543031966,7,5,7,8
1535587200,6012.75,5987.209344579727,64.10935445715627,7,5,7,9
1535583600,6031.49,5995.260372837958,60.92708765759223,7,5,7,10
1535580000,6040.49,6003.483941412875,63.984648477686214,7,5,7,11
1535576400,6020.09,6006.503224792352,65.38557094526837,7,5,7,12
1535572800,5993.42,6004.124456648287,59.71553143203219,7,5,7,13
1535569200,6002.81,6003.885464530416,53.2181085744551,7,5,7,14
1535565600,6010.02,6005.000834615795,55.07164697883246,7,5,7,15
1535562000,5974.96,5999.53886468565,56.49692034759457,7,5,7,16
1535558400,5965.27,5993.308162015532,48.448361937059516,7,5,7,17
1535554800,6050.86,6003.7721325581615,46.477602603311624,7,5,7,18
1535551200,6078.97,6017.444472093041,61.40959507966509,7,5,7,19
1535547600,6077.06,6028.283658985216,64.87548701877348,7,5,7,20
1535544000,6074.78,6036.737539169722,64.45191359474411,7,5,7,21
1535540400,6069.69,6042.728895684318,63.91545020676184,7,5,7,22
1535536800,6086.31,6050.652732832623,62.66152155261031,7,5,7,23
1535533200,6055.0,6051.443145044873,65.0711453304571,7,6,8,0
1535529600,6050.52,6051.275300491259,57.537880807407205,7,6,8,1
1535526000,6043.06,6049.7816094928485,56.52944303844043,7,6,8,2
1535522400,6043.1,6048.56677140324,54.80687733522831,7,6,8,3
1535518800,6029.48,6045.0964493299225,54.81482798964095,7,6,8,4
1535515200,6024.47,6041.3461858153905,51.49297571077959,7,6,8,5
1535511600,6020.22,6037.505061121683,50.28579338506822,7,6,8,6
1535508000,6045.78,6039.009595463194,49.23139933579093,7,6,8,7
1535504400,6055.07,6041.929669015341,55.30163903647637,7,6,8,8
1535500800,6056.03,6044.493365558006,57.300018167725085,7,6,8,9
1535497200,6060.8,6047.4582081838225,57.511415136882015,7,6,8,10
1535493600,6046.37,6047.2603521504,58.6079435738163,7,6,8,11
1535490000,6063.7,6050.249379032144,54.06249882479424,7,6,8,12
1535486400,6072.56,6054.305855571753,58.2503361036883,7,6,8,13
1535482800,6038.71,6051.470245467797,60.24571870002824,7,6,8,14
1535479200,6022.29,6046.164746291834,50.34552474900298,7,6,8,15
1535475600,6001.92,6038.120246966045,46.36528181446608,7,6,8,16
1535472000,6025.14,6035.7602020631275,41.935954263342424,7,6,8,17
1535468400,6037.28,6036.036528960741,48.03060000094131,7,6,8,18
1535464800,6046.4,6037.920796422423,50.93056896864484,7,6,8,19
1535461200,6017.7,6034.244287981982,53.05010642074656,7,6,8,20
1535457600,6014.89,6030.725326530712,46.27592364537467,7,6,8,21
1535454000,5928.96,6012.222539888764,45.66113413113959,7,6,8,22
1535450400,5927.24,5996.771168999898,31.76390051468246,7,6,8,23
1535446800,5921.97,5983.170956454462,31.556865481194052,7,0,9,0
1535443200,5936.08,5974.6089643718315,30.89246576308861,7,0,9,1
1535439600,5913.25,5963.4527890314985,34.84765025485919,7,0,9,2
1535436000,5915.86,5954.799554662135,31.68759809688933,7,0,9,3
1535432400,5908.99,5946.470544723565,32.441852343668,7,0,9,4
1535428800,5892.24,5936.610445682916,31.457296141344116,7,0,9,5
1535425200,5889.43,5928.032182831477,29.135618749177183,7,0,9,6
1535421600,5921.76,5926.891785953027,28.752239719293144,7,0,9,7
1535418000,5901.05,5922.193279416113,38.73994184344805,7,0,9,8
1535414400,5906.56,5919.350864976819,35.323907836914685,7,0,9,9
1535410800,5779.63,5893.94707134467,36.91768295062717,7,0,9,10
1535407200,5771.64,5871.709422009275,22.911212529539668,7,0,9,11
1535403600,5763.06,5851.954981643952,22.33672455264879,7,0,9,12
1535400000,5777.25,5838.372257708688,21.70727156189119,7,0,9,13
1535396400,5770.76,5826.079119943472,25.449039479443655,7,0,9,14
1535392800,5773.64,5816.5447344992035,24.863752217050816,7,0,9,15
1535389200,5773.68,5808.751146408439,25.68058365034743,7,0,9,16
1535385600,5780.38,5803.592756152359,25.69266642854356,7,0,9,17
1535382000,5768.63,5797.235891397384,27.809771554708448,7,0,9,18
1535378400,5777.9,5793.720274779678,26.389753621246456,7,0,9,19
1535374800,5753.41,5786.391133910645,29.4504294459595,7,0,9,20
1535371200,5774.94,5784.309109563255,26.33507570207287,7,0,9,21
1535367600,5784.07,5784.265635097208,33.041083874736984,7,0,9,22
1535364000,5766.13,5780.968246897715,35.71367996396154,7,0,9,23
1535360400,5778.13,5780.452202007221,32.93216417278316,7,1,10,0
1535356800,5788.71,5781.953619824089,36.495019633899624,7,1,10,1
1535353200,5790.25,5783.462052583345,39.54438631475863,7,1,10,2
1535349600,5784.17,5783.590770295464,39.99603582553257,7,1,10,3
1535346000,5772.42,5781.559721150834,38.764720983801396,7,1,10,4
1535342400,5744.29,5774.783408214318,36.430528794808396,7,1,10,5
1535338800,5747.18,5769.764606720805,31.53490511723949,7,1,10,6
1535335200,5748.12,5765.829223680658,32.5379375128354,7,1,10,7
1535331600,5758.93,5764.574819375084,32.8823644331697,7,1,10,8
1535328000,5770.35,5765.624852215978,36.873804509478504,7,1,10,9
1535324400,5756.33,5763.934879085799,40.87413235362071,7,1,10,10
1535320800,5754.3,5762.18308288838,37.71433643905705,7,1,10,11
1535317200,5754.69,5760.820704181402,37.265130141358,7,1,10,12
1535313600,5772.93,5763.022394330238,37.41934730317054,7,1,10,13
1535310000,5764.12,5763.2219589974675,44.31403169635693,7,1,10,14
1535306400,5727.16,5756.665239179745,41.91215843455868,7,1,10,15
1535302800,5734.19,5752.578832056155,33.66768662760755,7,1,10,16
1535299200,5756.46,5753.284498955036,36.236900598944594,7,1,10,17
1535295600,5765.4,5755.487317326847,43.67899390721056,7,1,10,18
1535292000,5784.2,5760.707805085602,46.38431925304122,7,1,10,19
1535288400,5759.83,5760.548204160947,51.64449259278105,7,1,10,20
1535284800,5772.9,5762.793985222592,45.42335504775245,7,1,10,21
1535281200,5741.73,5758.964169727575,48.97350171960185,7,1,10,22
1535277600,5744.43,5756.32159341347,41.962961429252864,7,1,10,23
1535274000,5730.35,5751.599485520112,42.72775839829064,7,2,11,0
1535270400,5723.01,5746.401397243727,39.7835533136999,7,2,11,1
1535266800,5700.9,5738.128415926685,38.30186794548368,7,2,11,2
1535263200,5686.23,5728.692340303651,34.173153510279235,7,2,11,3
1535259600,5707.86,5724.904642066624,31.729267256967105,7,2,11,4
1535256000,5709.89,5722.174707145419,38.69120017770316,7,2,11,5
1535252400,5728.73,5723.366578573525,39.31664507729531,7,2,11,6
1535248800,5801.98,5737.659927923793,44.931505775708935,7,2,11,7
1535245200,5813.34,5751.419941028557,60.30867551750377,7,2,11,8
1535241600,5794.06,5759.172679023364,62.07726969204546,7,2,11,9
1535238000,5785.28,5763.91946465548,57.40233508921302,7,2,11,10
1535234400,5765.76,5764.254107445393,55.35780292334923,7,2,11,11
1535230800,5780.58,5767.22245154623,51.007971544465015,7,2,11,12
1535227200,5773.14,5768.298369446916,53.96550735193793,7,2,11,13
1535223600,5774.16,5769.364120456567,52.25988661108319,7,2,11,14
1535220000,5788.36,5772.817916737191,52.481624398543424,7,2,11,15
1535216400,5782.85,5774.6419318758835,55.5751591575723,7,2,11,16
1535212800,5807.24,5780.568853352996,54.10330378394112,7,2,11,17
1535209200,5796.39,5783.4454254706325,59.248194584992575,7,2,11,18
1535205600,5765.01,5780.093529930517,56.22856047219588,7,2,11,19
1535202000,5766.53,5777.627433579514,48.52559493266971,7,2,11,20
1535198400,5778.54,5777.793354746876,48.89083223894244,7,2,11,21
1535194800,5778.58,5777.9363811565345,51.8009235411594,7,2,11,22
1535191200,5761.16,5774.886130037165,51.81076500055564,7,2,11,23
1535187600,5778.37,5775.519560939498,47.28285940656089,7,3,12,0
1535184000,5746.92,5770.31964076868,51.76756510349547,7,3,12,1
1535180400,5755.86,5767.690615174375,44.343576695555754,7,3,12,2
1535176800,5784.92,5770.823230597216,46.68422841900026,7,3,12,3
1535173200,5797.49,5775.671734124995,53.52607912171545,7,3,12,4
1535169600,5791.09,5778.4750551931775,56.14749913857962,7,3,12,5
1535166000,5819.8,5785.9886815216905,54.463047241043796,7,3,12,6
1535162400,5793.11,5787.283466699565,60.227394555262165,7,3,12,7
1535158800,5789.32,5787.6537454814625,53.45316838461823,7,3,12,8
1535155200,5763.86,5783.327609939378,52.54929452642141,7,3,12,9
1535151600,5752.01,5777.633499041309,46.82154537419855,7,3,12,10
1535148000,5753.39,5773.225590124707,44.39602026374136,7,3,12,11
1535144400,5695.98,5759.18093737476,44.75494128122785,7,3,12,12
1535140800,5699.68,5748.362585124803,34.71549931127663,7,3,12,13
1535137200,5715.84,5742.449387829384,35.71634700044973,7,3,12,14
1535133600,5669.86,5729.251317314951,40.039935110229926,7,3,12,15
1535130000,5638.25,5712.705623257687,33.19814330053582,7,3,12,16
1535126400,5606.58,5693.410055392652,29.469967683811234,7,3,12,17
1535122800,5608.11,5677.900954412169,26.285040759809462,7,3,12,18
1535119200,5648.17,5672.495326337228,26.69720319611467,7,3,12,19
1535115600,5651.91,5668.752539730459,36.680112208795286,7,3,12,20
1535112000,5646.35,5664.679350688557,37.53540699184543,7,3,12,21
1535108400,5660.58,5663.934014199728,36.74087201763067,7,3,12,22
1535104800,5644.26,5660.356920708868,40.22812581008428,7,3,12,23
1535101200,5641.95,5657.010207852709,37.66373795394903,7,4,13,0
