,Prix,ema,rsi,month,weekday,day,hour
1524502800,7303.84,7346.472977150985,27.03785403481625,11,0,12,16
1524499200,7292.62,7336.681526759896,30.550172481678445,11,0,12,17
1524495600,7301.11,7330.213976439914,29.984818976869846,11,0,12,18
1524492000,7303.47,7325.35143526902,31.024973389220662,11,0,12,19
1524488400,7316.28,7323.702083401925,31.330366562661283,11,0,12,20
1524484800,7294.2,7318.338068237938,33.062800943815745,11,0,12,21
1524481200,7289.37,7313.071146740132,31.583726420007153,11,0,12,22
1524477600,7286.0,7308.149120060108,31.25434915516999,11,0,12,23
1524474000,7291.21,7305.069280049179,31.011342442801265,11,1,13,0
1524470400,7281.27,7300.742138222055,31.892984232483357,11,1,13,1
1524466800,7268.83,7294.93993127259,31.07699059186531,11,1,13,2
1524463200,7221.51,7281.589034677574,30.04107178335623,11,1,13,3
1524459600,7229.01,7272.029210190743,26.431778398191568,11,1,13,4
1524456000,7226.27,7263.709353792425,27.910144941977876,11,1,13,5
1524452400,7221.09,7255.96038037562,27.691213649426018,11,1,13,6
1524448800,7232.93,7251.773038489144,27.255931696138774,11,1,13,7
1524445200,7200.48,7242.447031491117,29.965783685590097,11,1,13,8
1524441600,7171.25,7229.50211667455,26.99741495105573,11,1,13,9
1524438000,7216.47,7227.132640915541,24.630591580656926,11,1,13,10
1524434400,7263.19,7233.688524385442,34.23604782639866,11,1,13,11
1524430800,7247.35,7236.172429042634,42.40332449408094,11,1,13,12
1524427200,7237.63,7236.437441943972,40.56396430998687,11,1,13,13
1524423600,7303.42,7248.616088863249,39.43357309057703,11,1,13,14
1524420000,7285.09,7255.247709069931,49.659138513353945,11,1,13,15
1524416400,7276.38,7259.089943784489,47.264826690827654,11,1,13,16
1524412800,7280.22,7262.931772187309,46.12674173992566,11,1,13,17
1524409200,7315.82,7272.547813607798,46.73567651845306,11,1,13,18
1524405600,7236.57,7266.006392951835,52.137008068590646,11,1,13,19
1524402000,7241.3,7261.514321506046,41.94086802404952,11,1,13,20
1524398400,7290.01,7266.6953539594915,42.66161314381022,11,1,13,21
1524394800,7299.56,7272.670744148674,49.60034925442843,11,1,13,22
1524391200,7255.44,7269.537881576188,50.856018238713894,11,1,13,23
1524387600,7296.3,7274.403721289608,45.24737466829629,11,2,14,0
1524384000,7223.99,7265.237590146043,50.67297672621494,11,2,14,1
1524380400,7252.49,7262.919846483125,42.62335763715381,11,2,14,2
1524376800,7201.96,7251.836238031647,46.247683825828105,11,2,14,3
1524373200,7204.48,7243.226012934983,41.270118334786915,11,2,14,4
1524369600,7192.99,7234.092192401349,41.607653363893846,11,2,14,5
1524366000,7213.9,7230.420884692012,40.46569338932778,11,2,14,6
1524362400,7188.3,7222.762542020737,43.504547417754594,11,2,14,7
1524358800,7190.99,7216.985716198785,40.76132247327925,11,2,14,8
1524355200,7255.54,7223.995585980823,41.18102464741722,11,2,14,9
1524351600,7173.48,7214.8109339843095,50.28359831907771,11,2,14,10
1524348000,7152.99,7203.57076416898,41.492614203668104,11,2,14,11
1524344400,7144.83,7192.890625229165,39.62955985234175,11,2,14,12
1524340800,7159.73,7186.861420642043,38.88083340172852,11,2,14,13
1524337200,7157.32,7181.49025325258,41.07020582892929,11,2,14,14
1524333600,7132.14,7172.517479933929,40.815532686560815,11,2,14,15
1524330000,7144.35,7167.396119945941,38.15349636495708,11,2,14,16
1524326400,7181.55,7169.969552683042,40.190552150953245,11,2,14,17
1524322800,7132.68,7163.189634013398,46.02369825187241,11,2,14,18
1524319200,7129.69,7157.098791465507,40.44331654677309,11,2,14,19
1524315600,7133.41,7152.791738471778,40.12277312596793,11,2,14,20
1524312000,7073.74,7138.418695113272,40.75194691728066,11,2,14,21
1524308400,7091.35,7129.860750547223,34.49133564627367,11,2,14,22
1524304800,7085.29,7121.756977720454,37.54099572516384,11,2,14,23
1524301200,7176.61,7131.730254498553,36.904306226432304,11,3,15,0
1524297600,7255.81,7154.290208226089,50.522207376007486,11,3,15,1
1524294000,7298.19,7180.453806730437,58.822833899106016,11,3,15,2
1524290400,7242.25,7191.689478233993,62.45276950319795,11,3,15,3
1524286800,7219.94,7196.825936736904,55.49823834629779,11,3,15,4
1524283200,7224.15,7201.793948239285,52.96505082517628,11,3,15,5
1524279600,7206.07,7202.571412195778,53.39733181141735,11,3,15,6
1524276000,7179.9,7198.4493372510915,51.2201855039572,11,3,15,7
1524272400,7184.57,7195.925821387256,48.15935884640414,11,3,15,8
1524268800,7215.5,7199.48476295321,48.74794054051953,11,3,15,9
1524265200,7214.02,7202.127533325353,52.58746374918575,11,3,15,10
1524261600,6924.73,7151.6916181752895,52.385235716496936,11,3,15,11
1524258000,6947.87,7114.633142143419,28.950156180700233,11,3,15,12
1524254400,6926.43,7080.414389026433,31.58656959882387,11,3,15,13
1524250800,6936.9,7054.320863748899,30.45882779094738,11,3,15,14
1524247200,6917.95,7029.526161249099,31.74049981922815,11,3,15,15
1524243600,6940.35,7013.312313749262,30.639802088970185,11,3,15,16
1524240000,6893.57,6991.540983976669,33.57223081343582,11,3,15,17
1524236400,6939.06,6981.998986890002,30.657179398945942,11,3,15,18
1524232800,6924.34,6971.515534728183,36.436956685742594,11,3,15,19
1524229200,6940.26,6965.83271023215,35.40848232402202,11,3,15,20
1524225600,6917.07,6956.966762917213,37.46436750915653,11,3,15,21
1524222000,6924.24,6951.01644238681,35.682712562033075,11,3,15,22
1524218400,6750.81,6914.615271043754,36.685278588448384,11,3,15,23
1524214800,6761.61,6886.79613085398,26.091097999153504,11,4,16,0
1524211200,6754.03,6862.656834335074,27.495288382717817,11,4,16,1
1524207600,6747.9,6841.79195536506,27.10604120549108,11,4,16,2
1524204000,6718.94,6819.455236207776,26.775909394184424,11,4,16,3
1524200400,6717.15,6800.854284169998,25.213559819525486,11,4,16,4
1524196800,6759.94,6793.415323411817,25.116010600174135,11,4,16,5
1524193200,6759.6,6787.267082791486,31.89894206787072,11,4,16,6
1524189600,6769.4,6784.018522283943,31.874236800139087,11,4,16,7
1524186000,6772.99,6782.013336414135,33.47357141247636,11,4,16,8
1524182400,6718.63,6770.489093429746,34.08405152060567,11,4,16,9
1524178800,6708.14,6759.152894624338,29.64759294977617,11,4,16,10
1524175200,6695.65,6747.606913783549,28.86674975788077,11,4,16,11
1524171600,6687.61,6736.698384004721,27.923732813884257,11,4,16,12
1524168000,6696.3,6729.35322327659,27.305363590482273,11,4,16,13
1524164400,6716.09,6726.941728135392,29.1320855756006,11,4,16,14
1524160800,6703.1,6722.606868474411,33.24602524247106,11,4,16,15
1524157200,6679.7,6714.805619660881,31.935544533899943,11,4,16,16
1524153600,6673.85,6707.359143358903,29.66695820137086,11,4,16,17
1524150000,6660.71,6698.87748093001,29.110219819915002,11,4,16,18
1524146400,6651.51,6690.265211670008,27.84615996464936,11,4,16,19
1524142800,6658.0,6684.398809548187,26.96333834346825,11,4,16,20
1524139200,6634.01,6675.237207812153,28.6810649770746,11,4,16,21
1524135600,6658.04,6672.110442755398,26.22572894078384,11,4,16,22
1524132000,6646.85,6667.517634981689,32.46261896636,11,4,16,23
1524128400,6613.53,6657.701701348655,31.14231172323929,11,5,17,0
1524124800,6593.22,6645.977755648899,27.54927822464508,11,5,17,1
1524121200,6612.63,6639.9145273490985,25.60971152448522,11,5,17,2
1524117600,6617.77,6635.888249649262,30.635800453026746,11,5,17,3
1524114000,6614.35,6631.972204258487,31.947043475633407,11,5,17,4
1524110400,6619.79,6629.757258029671,31.520087694116867,11,5,17,5
1524106800,6639.74,6631.572302024276,33.05273609156592,11,5,17,6
1524103200,6618.97,6629.280974383498,38.48969331385921,11,5,17,7
1524099600,6590.28,6622.189888131952,35.27751701364707,11,5,17,8
1524096000,6602.17,6618.549908471597,31.381607637478027,11,5,17,9
1524092400,6596.17,6614.480834204033,34.604845783256394,11,5,17,10
1524088800,6624.21,6616.249773439663,33.74346416383521,11,5,17,11
1524085200,6621.47,6617.1989055415415,41.11978067339634,11,5,17,12
1524081600,6561.12,6607.002740897625,40.64361250772271,11,5,17,13
1524078000,6552.94,6597.17315164351,31.885441868952356,11,5,17,14
1524074400,6540.41,6586.852578617418,30.91308831149216,11,5,17,15
1524070800,6557.8,6581.570291596068,29.432477101679282,11,5,17,16
1524067200,6472.36,6561.713874942237,34.14669253295223,11,5,17,17
1524063600,6441.32,6539.824079498194,25.229023734294458,11,5,17,18
1524060000,6550.53,6541.770610498523,22.8902002650065,11,5,17,19
1524056400,6548.42,6542.979590407882,42.934674682487284,11,5,17,20
1524052800,6558.55,6545.810573970085,42.703704783899624,11,5,17,21
1524049200,6558.85,6548.181378702797,44.25420209193471,11,5,17,22
1524045600,6551.35,6548.757491665924,44.3022725702437,11,5,17,23
1524042000,6546.29,6548.308856817574,43.297079236284766,11,6,18,0
1524038400,6563.99,6551.1599737598335,42.59488862414067,11,6,18,1
1524034800,6569.8,6554.549069439863,45.900107709597286,11,6,18,2
1524031200,6413.75,6528.949238632616,46.979260694907516,11,6,18,3
1524027600,6415.92,6508.39846797214,29.79069658567147,11,6,18,4
1524024000,6419.1,6492.162382886296,30.173288382913597,11,6,18,5
1524020400,6405.1,6476.332858725151,30.76867042605737,11,6,18,6
1524016800,6423.0,6466.635975320578,29.57314913608387,11,6,18,7
1524013200,6413.5,6456.974888898654,33.14967825312904,11,6,18,8
1524009600,6393.19,6445.377636371626,32.21463444023533,11,6,18,9
1524006000,6402.15,6437.518066122238,30.250139024282177,11,6,18,10
1524002400,6402.42,6431.136599554558,32.21404328277626,11,6,18,11
1523998800,6407.61,6426.859035999183,32.275924733576105,11,6,18,12
1523995200,6388.08,6419.808302181149,33.53201697893084,11,6,18,13
1523991600,6437.48,6423.021338148212,31.187875541310476,11,6,18,14
1523988000,6555.46,6447.101094848536,42.19553338577706,11,6,18,15
1523984400,6577.87,6470.87725942153,59.045463310510925,11,6,18,16
1523980800,6557.02,6486.539575890342,61.350103766538055,11,6,18,17
1523977200,6579.95,6503.523289364825,58.07561241006164,11,6,18,18
1523973600,6561.57,6514.077236753039,60.568239944044045,11,6,18,19
1523970000,6576.2,6525.372284616123,57.61141678006394,11,6,18,20
1523966400,6571.05,6533.677323776827,59.31400205669786,11,6,18,21
1523962800,6563.6,6539.117810362857,58.424387810533254,11,6,18,22
1523959200,6591.49,6548.640026660519,57.09043165663866,11,6,18,23
1523955600,6588.71,6555.925476358605,60.70732654952033,11,0,19,0
1523952000,6556.48,6556.026298838859,60.16295941329917,11,0,19,1
1523948400,6483.19,6542.783335413611,54.10547634474528,11,0,19,2
1523944800,6446.95,6525.3590926111365,43.403640696669804,11,0,19,3
1523941200,6495.51,6519.931984863657,39.26764516623091,11,0,19,4
1523937600,6483.84,6513.369805797537,46.60931078985594,11,0,19,5
1523934000,6499.32,6510.81529565253,45.195325599669445,11,0,19,6
1523930400,6483.86,6505.914332806615,47.471733238520294,11,0,19,7
1523926800,6500.57,6504.942635932684,45.44166836393575,11,0,19,8
1523923200,6498.95,6503.8530657631045,48.0286336824704,11,0,19,9
1523919600,6486.26,6500.654326533449,47.79203718218182,11,0,19,10
1523916000,6472.62,6495.557176254641,45.885206776808154,11,0,19,11
1523912400,6470.25,6490.955871481069,43.85958447593518,11,0,19,12
1523908800,6454.34,6484.298440302693,43.500252214518035,11,0,19,13
1523905200,6495.88,6486.404178429476,41.06782466313773,11,0,19,14
1523901600,6499.11,6488.714327805934,49.0746946486984,11,0,19,15
