,Prix,ema,rsi,month,weekday,day,hour
1535353200,5790.25,5783.462052583345,39.54438631475863,7,1,10,2
1535349600,5784.17,5783.590770295464,39.99603582553257,7,1,10,3
1535346000,5772.42,5781.559721150834,38.764720983801396,7,1,10,4
1535342400,5744.29,5774.783408214318,36.430528794808396,7,1,10,5
1535338800,5747.18,5769.764606720805,31.53490511723949,7,1,10,6
1535335200,5748.12,5765.829223680658,32.5379375128354,7,1,10,7
1535331600,5758.93,5764.574819375084,32.8823644331697,7,1,10,8
1535328000,5770.35,5765.624852215978,36.873804509478504,7,1,10,9
1535324400,5756.33,5763.934879085799,40.87413235362071,7,1,10,10
1535320800,5754.3,5762.18308288838,37.71433643905705,7,1,10,11
1535317200,5754.69,5760.820704181402,37.265130141358,7,1,10,12
1535313600,5772.93,5763.022394330238,37.41934730317054,7,1,10,13
1535310000,5764.12,5763.2219589974675,44.31403169635693,7,1,10,14
1535306400,5727.16,5756.665239179745,41.91215843455868,7,1,10,15
1535302800,5734.19,5752.578832056155,33.66768662760755,7,1,10,16
1535299200,5756.46,5753.284498955036,36.236900598944594,7,1,10,17
1535295600,5765.4,5755.487317326847,43.67899390721056,7,1,10,18
1535292000,5784.2,5760.707805085602,46.38431925304122,7,1,10,19
1535288400,5759.83,5760.548204160947,51.64449259278105,7,1,10,20
1535284800,5772.9,5762.793985222592,45.42335504775245,7,1,10,21
1535281200,5741.73,5758.964169727575,48.97350171960185,7,1,10,22
1535277600,5744.43,5756.32159341347,41.962961429252864,7,1,10,23
1535274000,5730.35,5751.599485520112,42.72775839829064,7,2,11,0
1535270400,5723.01,5746.401397243727,39.7835533136999,7,2,11,1
1535266800,5700.9,5738.128415926685,38.30186794548368,7,2,11,2
1535263200,5686.23,5728.692340303651,34.173153510279235,7,2,11,3
1535259600,5707.86,5724.904642066624,31.729267256967105,7,2,11,4
1535256000,5709.89,5722.174707145419,38.69120017770316,7,2,11,5
1535252400,5728.73,5723.366578573525,39.31664507729531,7,2,11,6
1535248800,5801.98,5737.659927923793,44.931505775708935,7,2,11,7
1535245200,5813.34,5751.419941028557,60.30867551750377,7,2,11,8
1535241600,5794.06,5759.172679023364,62.07726969204546,7,2,11,9
1535238000,5785.28,5763.91946465548,57.40233508921302,7,2,11,10
1535234400,5765.76,5764.254107445393,55.35780292334923,7,2,11,11
1535230800,5780.58,5767.22245154623,51.007971544465015,7,2,11,12
1535227200,5773.14,5768.298369446916,53.96550735193793,7,2,11,13
1535223600,5774.16,5769.364120456567,52.25988661108319,7,2,11,14
1535220000,5788.36,5772.817916737191,52.481624398543424,7,2,11,15
1535216400,5782.85,5774.6419318758835,55.5751591575723,7,2,11,16
1535212800,5807.24,5780.568853352996,54.10330378394112,7,2,11,17
1535209200,5796.39,5783.4454254706325,59.248194584992575,7,2,11,18
1535205600,5765.01,5780.093529930517,56.22856047219588,7,2,11,19
1535202000,5766.53,5777.627433579514,48.52559493266971,7,2,11,20
1535198400,5778.54,5777.793354746876,48.89083223894244,7,2,11,21
1535194800,5778.58,5777.9363811565345,51.8009235411594,7,2,11,22
1535191200,5761.16,5774.886130037165,51.81076500055564,7,2,11,23
1535187600,5778.37,5775.519560939498,47.28285940656089,7,3,12,0
1535184000,5746.92,5770.31964076868,51.76756510349547,7,3,12,1
1535180400,5755.86,5767.690615174375,44.343576695555754,7,3,12,2
1535176800,5784.92,5770.823230597216,46.68422841900026,7,3,12,3
1535173200,5797.49,5775.671734124995,53.52607912171545,7,3,12,4
1535169600,5791.09,5778.4750551931775,56.14749913857962,7,3,12,5
1535166000,5819.8,5785.9886815216905,54.463047241043796,7,3,12,6
1535162400,5793.11,5787.283466699565,60.227394555262165,7,3,12,7
1535158800,5789.32,5787.6537454814625,53.45316838461823,7,3,12,8
1535155200,5763.86,5783.327609939378,52.54929452642141,7,3,12,9
1535151600,5752.01,5777.633499041309,46.82154537419855,7,3,12,10
1535148000,5753.39,5773.225590124707,44.39602026374136,7,3,12,11
1535144400,5695.98,5759.18093737476,44.75494128122785,7,3,12,12
1535140800,5699.68,5748.362585124803,34.71549931127663,7,3,12,13
1535137200,5715.84,5742.449387829384,35.71634700044973,7,3,12,14
1535133600,5669.86,5729.251317314951,40.039935110229926,7,3,12,15
1535130000,5638.25,5712.705623257687,33.19814330053582,7,3,12,16
1535126400,5606.58,5693.410055392652,29.469967683811234,7,3,12,17
1535122800,5608.11,5677.900954412169,26.285040759809462,7,3,12,18
1535119200,5648.17,5672.495326337228,26.69720319611467,7,3,12,19
1535115600,5651.91,5668.752539730459,36.680112208795286,7,3,12,20
1535112000,5646.35,5664.679350688557,37.53540699184543,7,3,12,21
1535108400,5660.58,5663.934014199728,36.74087201763067,7,3,12,22
1535104800,5644.26,5660.356920708868,40.22812581008428,7,3,12,23
1535101200,5641.95,5657.010207852709,37.66373795394903,7,4,13,0
1535097600,5654.08,5656.4774427885795,37.301282875464125,7,4,13,1
1535094000,5631.77,5651.985180463384,40.53728648830753,7,4,13,2
1535090400,5636.65,5649.196965833677,36.77755641609233,7,4,13,3
1535086800,5632.79,5646.213881136645,38.129292810709046,7,4,13,4
1535083200,5627.24,5642.764084566345,37.44727901114965,7,4,13,5
1535079600,5633.98,5641.166978281554,36.43807221677591,7,4,13,6
1535076000,5630.17,5639.167527684907,38.60211049704853,7,4,13,7
1535072400,5617.77,5635.277068105833,37.818284850279994,7,4,13,8
1535068800,5657.22,5639.26669208659,35.30562491040722,7,4,13,9
1535065200,5642.85,5639.918202616302,47.30168476138146,7,4,13,10
1535061600,5613.99,5635.2039839587915,44.09431420475612,7,4,13,11
1535058000,5571.64,5623.646895966283,38.454736210841375,7,4,13,12
1535054400,5570.99,5614.0729148815035,31.989142822608088,7,4,13,13
1535050800,5591.82,5610.026930357593,31.90048837876367,7,4,13,14
1535047200,5596.82,5607.625670292577,37.84522979636906,7,4,13,15
1535043600,5596.1,5605.530093875745,39.21686148474242,7,4,13,16
1535040000,5577.85,5600.4973495347,39.083109777934695,7,4,13,17
1535036400,5582.06,5597.145104164754,35.754434238682535,7,4,13,18
1535032800,5556.85,5589.818721589344,37.08561255590764,7,4,13,19
1535029200,5565.1,5585.324408573099,32.71435077023693,7,4,13,20
1535025600,5537.99,5576.718152468899,35.39792500364716,7,4,13,21
1535022000,5552.56,5572.3257611109175,31.019780082984738,7,4,13,22
1535018400,5555.41,5569.25016818166,35.627909415193415,7,4,13,23
1535014800,5571.62,5569.681046694085,36.521212227326735,7,5,14,0
1535011200,5568.14,5569.40085638607,41.494257585406416,7,5,14,1
1535007600,5564.52,5568.513427952239,40.75606954825676,7,5,14,2
1535004000,5575.26,5569.7400774154685,39.95969894236233,7,5,14,3
1535000400,5540.24,5564.376426976291,43.48783455785848,7,5,14,4
1534996800,5550.36,5561.827985707874,36.04918067916371,7,5,14,5
1534993200,5557.91,5561.115624670078,39.281375622156624,7,5,14,6
1534989600,5552.7,5559.585511093701,41.65077173906415,7,5,14,7
1534986000,5560.79,5559.8045090766645,40.476958311677954,7,5,14,8
1534982400,5490.65,5547.230961971816,43.15586251244881,7,5,14,9
1534978800,5490.59,5536.932605249668,30.38680114132761,7,5,14,10
1534975200,5501.96,5530.573949749728,30.378520652666523,7,5,14,11
1534971600,5469.81,5519.525958886141,34.04630675622373,7,5,14,12
1534968000,5557.02,5526.343057270478,29.339572009567902,7,5,14,13
1534964400,5545.44,5529.815228675845,49.666669722543716,7,5,14,14
1534960800,5572.2,5537.521550734782,47.70428801947511,7,5,14,15
1534957200,5555.81,5540.846723328458,52.38610456840418,7,5,14,16
1534953600,5593.16,5550.358228177829,49.4651476602832,7,5,14,17
1534950000,5742.59,5585.309459418224,55.54786955310639,7,5,14,18
1534946400,5751.64,5615.551375887638,70.72836197213266,7,5,14,19
1534942800,5745.28,5639.1383984535205,71.36613869163439,7,5,14,20
1534939200,5749.78,5659.255053280152,70.20841734978669,7,5,14,21
1534935600,5753.83,5676.450498138306,70.57217330404389,7,5,14,22
1534932000,5760.83,5691.792225749523,70.9163587541776,7,5,14,23
1534928400,5772.5,5706.466366522336,71.53602461864128,7,6,15,0
1534924800,5753.66,5715.047027154638,72.58474238291089,7,6,15,1
1534921200,5774.6,5725.8748403992495,68.21517167251558,7,6,15,2
1534917600,5771.34,5734.1412330539315,70.35153955761075,7,6,15,3
1534914000,5804.64,5746.959190680489,69.56758890048309,7,6,15,4
1534910400,5814.95,5759.321156011309,72.89069919589988,7,6,15,5
1534906800,5809.25,5768.399127645616,73.8430450457157,7,6,15,6
1534903200,5880.16,5788.719286255504,72.33019157421317,7,6,15,7
1534899600,5592.56,5753.053961481775,78.28926900149041,7,6,15,8
1534896000,5598.03,5724.867786666907,40.34128613849936,7,6,15,9
1534892400,5597.63,5701.7336436365595,40.9277658357883,7,6,15,10
1534888800,5591.5,5681.691162975367,40.89610529020447,7,6,15,11
1534885200,5582.54,5663.663678798027,40.38057050586619,7,6,15,12
1534881600,5568.7,5646.397555380203,39.59488750796346,7,6,15,13
1534878000,5581.18,5634.539818038348,38.353540700567756,7,6,15,14
1534874400,5549.52,5619.081669304102,40.17492035995686,7,6,15,15
1534870800,5586.62,5613.179547612447,37.17426739009316,7,6,15,16
1534867200,5575.27,5606.286902592002,42.58588503363031,7,6,15,17
1534863600,5589.87,5603.302011211637,41.41069342804248,7,6,15,18
1534860000,5566.38,5596.588918264067,43.56799165947289,7,6,15,19
1534856400,5600.73,5597.341842216055,40.95513810755192,7,6,15,20
1534852800,5598.76,5597.599689085862,46.05037484540287,7,6,15,21
1534849200,5605.13,5598.968836524797,45.80623927434996,7,6,15,22
1534845600,5591.74,5597.654502611197,46.78857662614065,7,6,15,23
1534842000,5617.61,5601.282774863706,44.94435810823989,7,0,16,0
1534838400,5566.33,5594.927724888487,49.11730791345397,7,0,16,1
1534834800,5555.94,5587.839047636035,42.276917143327445,7,0,16,2
1534831200,5495.16,5570.98831170221,41.030104508879376,7,0,16,3
1534827600,5470.84,5552.779527756354,34.6014259383618,7,0,16,4
1534824000,5485.56,5540.5577954370165,32.41302821547018,7,0,16,5
1534820400,5495.44,5532.354559903013,35.0889878702488,7,0,16,6
1534816800,5493.1,5525.217367193374,36.8949737182595,7,0,16,7
1534813200,5489.99,5518.812391340033,36.63499625041209,7,0,16,8
1534809600,5461.95,5508.4737747327545,36.26920296353141,7,0,16,9
1534806000,5495.36,5506.089452054071,33.063719161719945,7,0,16,10
1534802400,5593.45,5521.97318804424,39.88155391895717,7,0,16,11
1534798800,5630.26,5541.661699308923,54.52620515541271,7,0,16,12
1534795200,5636.41,5558.888663070937,58.601693271369534,7,0,16,13
1534791600,5645.79,5574.688906148948,59.25866647287486,7,0,16,14
1534788000,5661.62,5590.494559576411,60.293659317192756,7,0,16,15
1534784400,5665.18,5604.073730562518,62.04601495115309,7,0,16,16
1534780800,5639.77,5610.563961369333,62.44739540123938,7,0,16,17
1534777200,5654.62,5618.574150211272,57.75266944020669,7,0,16,18
1534773600,5646.35,5623.624304718313,59.66131013157006,7,0,16,19
1534770000,5655.49,5629.418067496802,58.08743298433316,7,0,16,20
1534766400,5657.27,5634.482055224656,59.36334681591773,7,0,16,21
1534762800,5641.62,5635.7798633656275,59.62115073351242,7,0,16,22
1534759200,5627.21,5634.221706390059,56.242706059424904,7,0,16,23
1534755600,5655.75,5638.135941591866,53.25061107967646,7,1,17,0
1534752000,5672.34,5644.354861302436,58.014712221352575,7,1,17,1
