,Prix,ema,rsi,month,weekday,day,hour
1535144400,5695.98,5759.18093737476,44.75494128122785,7,3,12,12
1535140800,5699.68,5748.362585124803,34.71549931127663,7,3,12,13
1535137200,5715.84,5742.449387829384,35.71634700044973,7,3,12,14
1535133600,5669.86,5729.251317314951,40.039935110229926,7,3,12,15
1535130000,5638.25,5712.705623257687,33.19814330053582,7,3,12,16
1535126400,5606.58,5693.410055392652,29.469967683811234,7,3,12,17
1535122800,5608.11,5677.900954412169,26.285040759809462,7,3,12,18
1535119200,5648.17,5672.495326337228,26.69720319611467,7,3,12,19
1535115600,5651.91,5668.752539730459,36.680112208795286,7,3,12,20
1535112000,5646.35,5664.679350688557,37.53540699184543,7,3,12,21
1535108400,5660.58,5663.934014199728,36.74087201763067,7,3,12,22
1535104800,5644.26,5660.356920708868,40.22812581008428,7,3,12,23
1535101200,5641.95,5657.010207852709,37.66373795394903,7,4,13,0
1535097600,5654.08,5656.4774427885795,37.301282875464125,7,4,13,1
1535094000,5631.77,5651.985180463384,40.53728648830753,7,4,13,2
1535090400,5636.65,5649.196965833677,36.77755641609233,7,4,13,3
1535086800,5632.79,5646.213881136645,38.129292810709046,7,4,13,4
1535083200,5627.24,5642.764084566345,37.44727901114965,7,4,13,5
1535079600,5633.98,5641.166978281554,36.43807221677591,7,4,13,6
1535076000,5630.17,5639.167527684907,38.60211049704853,7,4,13,7
1535072400,5617.77,5635.277068105833,37.818284850279994,7,4,13,8
1535068800,5657.22,5639.26669208659,35.30562491040722,7,4,13,9
1535065200,5642.85,5639.918202616302,47.30168476138146,7,4,13,10
1535061600,5613.99,5635.2039839587915,44.09431420475612,7,4,13,11
1535058000,5571.64,5623.646895966283,38.454736210841375,7,4,13,12
1535054400,5570.99,5614.0729148815035,31.989142822608088,7,4,13,13
1535050800,5591.82,5610.026930357593,31.90048837876367,7,4,13,14
1535047200,5596.82,5607.625670292577,37.84522979636906,7,4,13,15
1535043600,5596.1,5605.530093875745,39.21686148474242,7,4,13,16
1535040000,5577.85,5600.4973495347,39.083109777934695,7,4,13,17
1535036400,5582.06,5597.145104164754,35.754434238682535,7,4,13,18
1535032800,5556.85,5589.818721589344,37.08561255590764,7,4,13,19
1535029200,5565.1,5585.324408573099,32.71435077023693,7,4,13,20
1535025600,5537.99,5576.718152468899,35.39792500364716,7,4,13,21
1535022000,5552.56,5572.3257611109175,31.019780082984738,7,4,13,22
1535018400,5555.41,5569.25016818166,35.627909415193415,7,4,13,23
1535014800,5571.62,5569.681046694085,36.521212227326735,7,5,14,0
1535011200,5568.14,5569.40085638607,41.494257585406416,7,5,14,1
1535007600,5564.52,5568.513427952239,40.75606954825676,7,5,14,2
1535004000,5575.26,5569.7400774154685,39.95969894236233,7,5,14,3
1535000400,5540.24,5564.376426976291,43.48783455785848,7,5,14,4
1534996800,5550.36,5561.827985707874,36.04918067916371,7,5,14,5
1534993200,5557.91,5561.115624670078,39.281375622156624,7,5,14,6
1534989600,5552.7,5559.585511093701,41.65077173906415,7,5,14,7
1534986000,5560.79,5559.8045090766645,40.476958311677954,7,5,14,8
1534982400,5490.65,5547.230961971816,43.15586251244881,7,5,14,9
1534978800,5490.59,5536.932605249668,30.38680114132761,7,5,14,10
1534975200,5501.96,5530.573949749728,30.378520652666523,7,5,14,11
1534971600,5469.81,5519.525958886141,34.04630675622373,7,5,14,12
1534968000,5557.02,5526.343057270478,29.339572009567902,7,5,14,13
1534964400,5545.44,5529.815228675845,49.666669722543716,7,5,14,14
1534960800,5572.2,5537.521550734782,47.70428801947511,7,5,14,15
1534957200,5555.81,5540.846723328458,52.38610456840418,7,5,14,16
1534953600,5593.16,5550.358228177829,49.4651476602832,7,5,14,17
1534950000,5742.59,5585.309459418224,55.54786955310639,7,5,14,18
1534946400,5751.64,5615.551375887638,70.72836197213266,7,5,14,19
1534942800,5745.28,5639.1383984535205,71.36613869163439,7,5,14,20
1534939200,5749.78,5659.255053280152,70.20841734978669,7,5,14,21
1534935600,5753.83,5676.450498138306,70.57217330404389,7,5,14,22
1534932000,5760.83,5691.792225749523,70.9163587541776,7,5,14,23
1534928400,5772.5,5706.466366522336,71.53602461864128,7,6,15,0
1534924800,5753.66,5715.047027154638,72.58474238291089,7,6,15,1
1534921200,5774.6,5725.8748403992495,68.21517167251558,7,6,15,2
1534917600,5771.34,5734.1412330539315,70.35153955761075,7,6,15,3
1534914000,5804.64,5746.959190680489,69.56758890048309,7,6,15,4
1534910400,5814.95,5759.321156011309,72.89069919589988,7,6,15,5
1534906800,5809.25,5768.399127645616,73.8430450457157,7,6,15,6
1534903200,5880.16,5788.719286255504,72.33019157421317,7,6,15,7
1534899600,5592.56,5753.053961481775,78.28926900149041,7,6,15,8
1534896000,5598.03,5724.867786666907,40.34128613849936,7,6,15,9
1534892400,5597.63,5701.7336436365595,40.9277658357883,7,6,15,10
1534888800,5591.5,5681.691162975367,40.89610529020447,7,6,15,11
1534885200,5582.54,5663.663678798027,40.38057050586619,7,6,15,12
1534881600,5568.7,5646.397555380203,39.59488750796346,7,6,15,13
1534878000,5581.18,5634.539818038348,38.353540700567756,7,6,15,14
1534874400,5549.52,5619.081669304102,40.17492035995686,7,6,15,15
1534870800,5586.62,5613.179547612447,37.17426739009316,7,6,15,16
1534867200,5575.27,5606.286902592002,42.58588503363031,7,6,15,17
1534863600,5589.87,5603.302011211637,41.41069342804248,7,6,15,18
1534860000,5566.38,5596.588918264067,43.56799165947289,7,6,15,19
1534856400,5600.73,5597.341842216055,40.95513810755192,7,6,15,20
1534852800,5598.76,5597.599689085862,46.05037484540287,7,6,15,21
1534849200,5605.13,5598.968836524797,45.80623927434996,7,6,15,22
1534845600,5591.74,5597.654502611197,46.78857662614065,7,6,15,23
1534842000,5617.61,5601.282774863706,44.94435810823989,7,0,16,0
1534838400,5566.33,5594.927724888487,49.11730791345397,7,0,16,1
1534834800,5555.94,5587.839047636035,42.276917143327445,7,0,16,2
1534831200,5495.16,5570.98831170221,41.030104508879376,7,0,16,3
1534827600,5470.84,5552.779527756354,34.6014259383618,7,0,16,4
1534824000,5485.56,5540.5577954370165,32.41302821547018,7,0,16,5
1534820400,5495.44,5532.354559903013,35.0889878702488,7,0,16,6
1534816800,5493.1,5525.217367193374,36.8949737182595,7,0,16,7
1534813200,5489.99,5518.812391340033,36.63499625041209,7,0,16,8
1534809600,5461.95,5508.4737747327545,36.26920296353141,7,0,16,9
1534806000,5495.36,5506.089452054071,33.063719161719945,7,0,16,10
1534802400,5593.45,5521.97318804424,39.88155391895717,7,0,16,11
1534798800,5630.26,5541.661699308923,54.52620515541271,7,0,16,12
1534795200,5636.41,5558.888663070937,58.601693271369534,7,0,16,13
1534791600,5645.79,5574.688906148948,59.25866647287486,7,0,16,14
1534788000,5661.62,5590.494559576411,60.293659317192756,7,0,16,15
1534784400,5665.18,5604.073730562518,62.04601495115309,7,0,16,16
1534780800,5639.77,5610.563961369333,62.44739540123938,7,0,16,17
1534777200,5654.62,5618.574150211272,57.75266944020669,7,0,16,18
1534773600,5646.35,5623.624304718313,59.66131013157006,7,0,16,19
1534770000,5655.49,5629.418067496802,58.08743298433316,7,0,16,20
1534766400,5657.27,5634.482055224656,59.36334681591773,7,0,16,21
1534762800,5641.62,5635.7798633656275,59.62115073351242,7,0,16,22
1534759200,5627.21,5634.221706390059,56.242706059424904,7,0,16,23
1534755600,5655.75,5638.135941591866,53.25061107967646,7,1,17,0
1534752000,5672.34,5644.354861302436,58.014712221352575,7,1,17,1
1534748400,5648.6,5645.126704701993,60.532514341961665,7,1,17,2
1534744800,5673.32,5650.252758392538,55.41163614018911,7,1,17,3
1534741200,5658.45,5651.74316595753,59.275029640950635,7,1,17,4
1534737600,5691.63,5658.995317601615,56.124750639845566,7,1,17,5
1534734000,5693.82,5665.327078037684,61.09352443718123,7,1,17,6
1534730400,5703.03,5672.182154758106,61.40421064362211,7,1,17,7
1534726800,5698.28,5676.927217529359,62.75134489037067,7,1,17,8
1534723200,5676.22,5676.798632524021,61.55797807015549,7,1,17,9
1534719600,5704.87,5681.902517519653,56.21144505911475,7,1,17,10
1534716000,5686.09,5682.6638779706245,60.95454422095692,7,1,17,11
1534712400,5705.78,5686.866809248693,56.62478447909327,7,1,17,12
1534708800,5596.46,5670.429207567113,59.8453240990525,7,1,17,13
1534705200,5584.59,5654.822078918547,41.445813859714804,7,1,17,14
1534701600,5566.74,5638.807155478811,40.00750138232364,7,1,17,15
1534698000,5592.37,5630.364036300845,37.87867826788451,7,1,17,16
1534694400,5610.15,5626.688756973419,42.60142170072557,7,1,17,17
1534690800,5636.06,5628.392619341888,45.6862519610006,7,1,17,18
1534687200,5646.28,5631.6448703706355,49.91092845439135,7,1,17,19
1534683600,5624.73,5630.387621212338,51.51298306805043,7,1,17,20
1534680000,5634.96,5631.218962810095,48.024937082153926,7,1,17,21
1534676400,5592.44,5624.168242299169,49.76391602077728,7,1,17,22
1534672800,5577.85,5615.74674369932,43.28192828460529,7,1,17,23
1534669200,5588.18,5610.734608481262,41.29432045168944,7,2,18,0
1534665600,5574.04,5604.062861484668,43.28035728172894,7,2,18,1
1534662000,5583.55,5600.333250305637,41.22448474116287,7,2,18,2
1534658400,5590.21,5598.4926593409755,43.17939572846046,7,2,18,3
1534654800,5577.79,5594.728539460798,44.569844631905006,7,2,18,4
1534651200,5556.92,5587.854259558834,42.48205492527547,7,2,18,5
1534647600,5582.75,5586.926212366319,39.16234696884536,7,2,18,6
1534644000,5572.45,5584.2941737542615,44.901176558881,7,2,18,7
1534640400,5583.45,5584.140687617123,43.15310027186088,7,2,18,8
1534636800,5607.04,5588.304198959464,45.58937638859891,7,2,18,9
1534633200,5611.4,5592.503435512288,50.489807386088565,2,3,1,17
1534629600,5603.62,5594.524629055508,51.36171813521993,2,3,1,18
1534626000,5576.12,5591.1783328635975,49.68043597288801,2,3,1,19
1534622400,5583.9,5589.85499961567,44.175860167054736,2,3,1,20
1534618800,5578.43,5587.777726958275,45.99880455192416,2,3,1,21
1534615200,5556.79,5582.143594784043,44.888907176104,2,3,1,22
1534611600,5554.04,5577.033850277853,40.70450542448351,2,3,1,23
1534608000,5574.53,5576.578604772789,40.19177201404989,2,4,2,0
1534604400,5556.46,5572.920676632281,45.681959526443485,2,4,2,1
1534600800,5563.35,5571.18055360823,42.018684140769565,2,4,2,2
1534597200,5677.44,5590.5004529521875,43.86705216058861,2,4,2,3
1534593600,5696.67,5609.8040069608805,64.21182880541629,2,4,2,4
1534590000,5698.77,5625.979642058902,66.42095155907445,2,4,2,5
1534586400,5688.42,5637.332434411828,66.66296086241275,2,4,2,6
1534582800,5690.84,5647.061082700587,64.20683467763824,2,4,2,7
1534579200,5665.84,5650.47543130048,64.5358494048449,2,4,2,8
1534575600,5674.8,5654.898080154938,58.54842836117877,2,4,2,9
1534572000,5700.82,5663.247520126766,59.98145017079687,2,4,2,10
1534568400,5709.95,5671.738880103718,63.88600315338284,2,4,2,11
1534564800,5706.55,5678.068174630314,65.17013590297304,2,4,2,12
1534561200,5696.01,5681.330324697529,64.25385969512175,2,4,2,13
1534557600,5712.52,5687.001174752524,61.37313048444997,2,4,2,14
1534554000,5773.98,5702.815506615701,64.08907534887999,2,4,2,15
1534550400,5757.63,5712.781778140119,71.98569833464097,2,4,2,16
1534546800,5740.7,5717.857818478279,67.71952401323088,2,4,2,17
1534543200,5704.52,5715.432760573137,63.52157175442225,2,4,2,18
