,Prix,ema,rsi,month,weekday,day,hour
1534683600,5624.73,5630.387621212338,51.51298306805043,7,1,17,20
1534680000,5634.96,5631.218962810095,48.024937082153926,7,1,17,21
1534676400,5592.44,5624.168242299169,49.76391602077728,7,1,17,22
1534672800,5577.85,5615.74674369932,43.28192828460529,7,1,17,23
1534669200,5588.18,5610.734608481262,41.29432045168944,7,2,18,0
1534665600,5574.04,5604.062861484668,43.28035728172894,7,2,18,1
1534662000,5583.55,5600.333250305637,41.22448474116287,7,2,18,2
1534658400,5590.21,5598.4926593409755,43.17939572846046,7,2,18,3
1534654800,5577.79,5594.728539460798,44.569844631905006,7,2,18,4
1534651200,5556.92,5587.854259558834,42.48205492527547,7,2,18,5
1534647600,5582.75,5586.926212366319,39.16234696884536,7,2,18,6
1534644000,5572.45,5584.2941737542615,44.901176558881,7,2,18,7
1534640400,5583.45,5584.140687617123,43.15310027186088,7,2,18,8
1534636800,5607.04,5588.304198959464,45.58937638859891,7,2,18,9
1534633200,5611.4,5592.503435512288,50.489807386088565,2,3,1,17
1534629600,5603.62,5594.524629055508,51.36171813521993,2,3,1,18
1534626000,5576.12,5591.1783328635975,49.68043597288801,2,3,1,19
1534622400,5583.9,5589.85499961567,44.175860167054736,2,3,1,20
1534618800,5578.43,5587.777726958275,45.99880455192416,2,3,1,21
1534615200,5556.79,5582.143594784043,44.888907176104,2,3,1,22
1534611600,5554.04,5577.033850277853,40.70450542448351,2,3,1,23
1534608000,5574.53,5576.578604772789,40.19177201404989,2,4,2,0
1534604400,5556.46,5572.920676632281,45.681959526443485,2,4,2,1
1534600800,5563.35,5571.18055360823,42.018684140769565,2,4,2,2
1534597200,5677.44,5590.5004529521875,43.86705216058861,2,4,2,3
1534593600,5696.67,5609.8040069608805,64.21182880541629,2,4,2,4
1534590000,5698.77,5625.979642058902,66.42095155907445,2,4,2,5
1534586400,5688.42,5637.332434411828,66.66296086241275,2,4,2,6
1534582800,5690.84,5647.061082700587,64.20683467763824,2,4,2,7
1534579200,5665.84,5650.47543130048,64.5358494048449,2,4,2,8
1534575600,5674.8,5654.898080154938,58.54842836117877,2,4,2,9
1534572000,5700.82,5663.247520126766,59.98145017079687,2,4,2,10
1534568400,5709.95,5671.738880103718,63.88600315338284,2,4,2,11
1534564800,5706.55,5678.068174630314,65.17013590297304,2,4,2,12
1534561200,5696.01,5681.330324697529,64.25385969512175,2,4,2,13
1534557600,5712.52,5687.001174752524,61.37313048444997,2,4,2,14
1534554000,5773.98,5702.815506615701,64.08907534887999,2,4,2,15
1534550400,5757.63,5712.781778140119,71.98569833464097,2,4,2,16
1534546800,5740.7,5717.857818478279,67.71952401323088,2,4,2,17
1534543200,5704.52,5715.432760573137,63.52157175442225,2,4,2,18
1534539600,5680.9,5709.154076832567,55.59068239339915,2,4,2,19
1534536000,5687.73,5705.2587901357365,51.1047004904046,2,4,2,20
1534532400,5702.2,5704.702646474693,52.303287192231565,2,4,2,21
1534528800,5721.87,5707.823983479294,54.82960918653022,2,4,2,22
1534525200,5707.67,5707.795986483058,58.080044857695114,2,4,2,23
1534521600,5684.02,5703.473079849775,55.00293997847309,2,5,3,0
1534518000,5675.41,5698.37070169527,50.229798816080155,2,5,3,1
1534514400,5688.09,5696.501483205221,48.57705240277488,2,5,3,2
1534510800,5689.58,5695.243031713362,51.12746495309985,2,5,3,3
1534507200,5689.82,5694.257025947296,51.43229149643681,2,5,3,4
1534503600,5657.16,5687.5121121386965,51.48478137452135,2,5,3,5
1534500000,5707.31,5691.111728113478,44.44526151132853,2,5,3,6
1534496400,5682.2,5689.491413911027,54.68993826926554,2,5,3,7
1534492800,5707.79,5692.8184295635665,49.74369312802578,2,5,3,8
1534489200,5711.73,5696.256896915645,54.281713155267816,2,5,3,9
1534485600,5677.94,5692.9265520218905,54.95612042835449,2,5,3,10
1534482000,5691.19,5692.610815290637,48.36659064128191,2,5,3,11
1534478400,5649.67,5684.803394328703,50.85504495028424,2,5,3,12
1534474800,5647.53,5678.0264135416655,43.74104056196936,2,5,3,13
1534471200,5577.66,5659.7779747159075,43.40402403913586,2,5,3,14
1534467600,5583.02,5645.821979313015,34.15194760543531,2,5,3,15
1534464000,5563.56,5630.865255801557,35.29148705842486,2,5,3,16
1534460400,5529.9,5612.50793656491,33.054903852748126,2,5,3,17
1534456800,5531.35,5597.751948098562,29.564744974126015,2,5,3,18
1534453200,5512.08,5582.175230262459,29.90807820528569,2,5,3,19
1534449600,5646.86,5593.936097487466,27.957671661781845,2,5,3,20
1534446000,5653.26,5604.722261580654,51.68859829794407,2,5,3,21
1534442400,5652.76,5613.456395838717,52.48891360398515,2,5,3,22
1534438800,5639.74,5618.23523295895,52.415858779113606,2,5,3,23
1534435200,5628.29,5620.063372420959,50.44687886878483,2,6,4,0
1534431600,5563.5,5609.779122889876,48.713832958667176,2,6,4,1
1534428000,5582.23,5604.770191455353,40.281165558892674,2,6,4,2
1534424400,5564.42,5597.433793008925,43.334977006850735,2,6,4,3
1534420800,5665.04,5609.725830643665,41.178653756329545,2,6,4,4
1534417200,5682.46,5622.950225072089,54.84823242274015,2,6,4,5
1534413600,5631.52,5624.508365968072,56.7233244251551,2,6,4,6
1534410000,5625.0,5624.597753973877,50.16298018916039,2,6,4,7
1534406400,5616.71,5623.163616887718,49.375838749077325,2,6,4,8
1534402800,5544.01,5608.77205018086,48.33725142714623,2,6,4,9
1534399200,5533.7,5595.122586511612,40.326340432314126,2,6,4,10
1534395600,5552.71,5587.411207145864,39.330838521147705,2,6,4,11
1534392000,5527.62,5576.540078573888,42.16579372369674,2,6,4,12
1534388400,5540.11,5569.91642792409,39.53967400721942,2,6,4,13
1534384800,5530.19,5562.693441028801,41.49314712265449,2,6,4,14
1534381200,5567.0,5563.4764517508365,40.37729137903025,2,6,4,15
1534377600,5537.22,5558.702551432502,46.16293743968134,2,6,4,16
1534374000,5603.37,5566.8239057175015,42.56436783704138,2,6,4,17
1534370400,5659.9,5583.7468319506825,51.59146731632359,2,6,4,18
1534366800,5628.33,5591.852862505104,57.70865912411337,2,6,4,19
1534363200,5624.34,5597.759614776904,53.63261015800127,2,6,4,20
1534359600,5761.6,5627.548775726557,53.12192270034566,2,6,4,21
1534356000,5796.66,5658.296271049001,65.34640208748999,2,6,4,22
1534352400,5819.96,5687.689676312819,67.66580020252053,2,6,4,23
1534348800,5697.88,5689.54246243776,69.14387705860139,2,0,5,0
1534345200,5670.2,5686.02565108544,54.966230719734064,2,0,5,1
1534341600,5615.63,5673.226441797178,52.345421771463066,2,0,5,2
1534338000,5649.36,5668.887088743146,47.53356848635775,2,0,5,3
1534334400,5616.05,5659.280345335301,50.55887307167373,2,0,5,4
1534330800,5570.12,5643.0693734561555,47.637547574739244,2,0,5,5
1534327200,5632.53,5641.1531237368545,43.87321073276083,2,0,5,6
1534323600,5693.32,5650.6380103301535,49.690630206304846,2,0,5,7
1534320000,5661.03,5652.527462997398,54.6240549598989,2,0,5,8
1534316400,5582.79,5639.847924270599,51.72269658913621,2,0,5,9
1534312800,5572.89,5627.673756221399,45.4265774631992,2,0,5,10
1534309200,5600.07,5622.654891453873,44.68535591693096,2,0,5,11
1534305600,5573.49,5613.715820280441,47.231101437562174,2,0,5,12
1534302000,5541.52,5600.5893075021795,45.04768032219832,2,0,5,13
1534298400,5494.86,5581.365797047238,42.50262333201578,2,0,5,14
1534294800,5493.78,5565.441106675013,39.03621615635201,2,0,5,15
1534291200,5467.2,5547.579087279555,38.95701833169306,2,0,5,16
1534287600,5412.9,5523.091980501454,36.96909225684367,2,0,5,17
1534284000,5396.25,5500.029802228462,33.237668216847425,2,0,5,18
1534280400,5363.49,5475.20438364147,32.165590095858235,2,0,5,19
1534276800,5379.96,5457.887222979383,30.107852452925982,2,0,5,20
1534273200,5345.91,5437.527727892222,32.44762421950938,2,0,5,21
1534269600,5327.34,5417.4935955481815,30.19693188945358,2,0,5,22
1534266000,5322.24,5400.174759993966,29.01488801486626,2,0,5,23
1534262400,5328.72,5387.182985449608,28.68281354887307,2,1,6,0
1534258800,5318.29,5374.656988095134,29.782451600465635,2,1,6,1
1534255200,5394.79,5378.3175357142,29.00717795049944,2,1,6,2
1534251600,5376.95,5378.068892857073,41.114885274504196,2,1,6,3
1534248000,5295.04,5362.972730519423,39.42619337529914,2,1,6,4
1534244400,5299.4,5351.414052243164,32.770909416800805,2,1,6,5
1534240800,5323.57,5346.351497289861,33.41521367193138,2,1,6,6
1534237200,5298.76,5337.698497782614,37.01867919852497,2,1,6,7
1534233600,5302.76,5331.34604364032,34.9290604225812,2,1,6,8
1534230000,5244.42,5315.541308432989,35.56062155634791,2,1,6,9
1534226400,5261.68,5305.748343263355,30.856616895719725,2,1,6,10
1534222800,5270.45,5299.330462670018,33.65288922648111,2,1,6,11
1534219200,5255.99,5291.450378548197,35.08933224324785,2,1,6,12
1534215600,5220.42,5278.535764266706,33.7903233692131,2,1,6,13
1534212000,5306.66,5283.649261672759,30.77246055603419,2,1,6,14
1534208400,5474.17,5318.289395914076,43.863204535032516,2,1,6,15
1534204800,5502.18,5351.7240512024255,59.77444797447967,2,1,6,16
1534201200,5500.38,5378.752405529257,61.72787046794551,2,1,6,17
1534197600,5491.21,5399.199240887574,61.52111241635309,2,1,6,18
1534194000,5519.98,5421.159378908015,60.41097059535148,2,1,6,19
1534190400,5488.29,5433.364946379284,62.68597178978214,2,1,6,20
1534186800,5488.21,5443.336774310323,58.68555663766938,2,1,6,21
1534183200,5476.14,5449.300997162991,58.675376749229,2,1,6,22
1534179600,5528.43,5463.688088587902,57.06696033180735,2,1,6,23
1534176000,5525.08,5474.850254299193,61.935103270516365,2,2,7,0
1534172400,5595.03,5496.701117153885,61.45433581469176,2,2,7,1
1534168800,5619.94,5519.10818676227,67.18267773289891,2,2,7,2
1534165200,5662.78,5545.230334623675,68.95219572646343,2,2,7,3
1534161600,5672.07,5568.292091964825,71.77125277197308,2,2,7,4
1534158000,5693.05,5590.975347971221,72.35739482103173,2,2,7,5
1534154400,5686.2,5608.288921067362,73.68622325426972,2,2,7,6
1534150800,5702.47,5625.412753600569,72.4614193859935,2,2,7,7
1534147200,5671.42,5633.777707491374,73.58452436236517,2,2,7,8
1534143600,5645.35,5635.88176067476,67.89379878472703,2,2,7,9
1534140000,5578.17,5625.388713279349,63.45647414051617,2,2,7,10
1534136400,5586.38,5618.296219955831,53.71413330642974,2,2,7,11
1534132800,5592.59,5613.622361782042,54.630851500882024,2,2,7,12
1534129200,5573.96,5606.411023276216,55.35117994339484,2,2,7,13
1534125600,5578.99,5601.42538268054,52.65046892261095,2,2,7,14
1534122000,5575.48,5596.708040374987,53.31282066501418,2,2,7,15
1534118400,5553.06,5588.77203303408,52.75821170470411,2,2,7,16
1534114800,5578.31,5586.869845209701,49.23497275721969,2,2,7,17
1534111200,5603.53,5589.898964262482,53.03864517454667,2,2,7,18
1534107600,5587.23,5589.4136980329395,56.54119742553811,2,2,7,19
1534104000,5570.85,5586.038480208768,53.7508605880313,2,2,7,20
1534100400,5535.35,5576.822392898083,51.025703102370585,2,2,7,21
1534096800,5538.9,5569.927412371158,45.62657989743313,2,2,7,22
1534093200,5546.48,5565.664246485492,46.239190798574356,2,2,7,23
1534089600,5548.12,5562.47438348813,47.59682023457743,2,3,8,0
1534086000,5541.47,5558.655404672106,47.90335836357019,2,3,8,1
1534082400,5503.03,5548.541694731723,46.710192017792856,2,3,8,2
