,Prix,ema,rsi,month,weekday,day,hour
1534366800,5628.33,5591.852862505104,57.70865912411337,2,6,4,19
1534363200,5624.34,5597.759614776904,53.63261015800127,2,6,4,20
1534359600,5761.6,5627.548775726557,53.12192270034566,2,6,4,21
1534356000,5796.66,5658.296271049001,65.34640208748999,2,6,4,22
1534352400,5819.96,5687.689676312819,67.66580020252053,2,6,4,23
1534348800,5697.88,5689.54246243776,69.14387705860139,2,0,5,0
1534345200,5670.2,5686.02565108544,54.966230719734064,2,0,5,1
1534341600,5615.63,5673.226441797178,52.345421771463066,2,0,5,2
1534338000,5649.36,5668.887088743146,47.53356848635775,2,0,5,3
1534334400,5616.05,5659.280345335301,50.55887307167373,2,0,5,4
1534330800,5570.12,5643.0693734561555,47.637547574739244,2,0,5,5
1534327200,5632.53,5641.1531237368545,43.87321073276083,2,0,5,6
1534323600,5693.32,5650.6380103301535,49.690630206304846,2,0,5,7
1534320000,5661.03,5652.527462997398,54.6240549598989,2,0,5,8
1534316400,5582.79,5639.847924270599,51.72269658913621,2,0,5,9
1534312800,5572.89,5627.673756221399,45.4265774631992,2,0,5,10
1534309200,5600.07,5622.654891453873,44.68535591693096,2,0,5,11
1534305600,5573.49,5613.715820280441,47.231101437562174,2,0,5,12
1534302000,5541.52,5600.5893075021795,45.04768032219832,2,0,5,13
1534298400,5494.86,5581.365797047238,42.50262333201578,2,0,5,14
1534294800,5493.78,5565.441106675013,39.03621615635201,2,0,5,15
1534291200,5467.2,5547.579087279555,38.95701833169306,2,0,5,16
1534287600,5412.9,5523.091980501454,36.96909225684367,2,0,5,17
1534284000,5396.25,5500.029802228462,33.237668216847425,2,0,5,18
1534280400,5363.49,5475.20438364147,32.165590095858235,2,0,5,19
1534276800,5379.96,5457.887222979383,30.107852452925982,2,0,5,20
1534273200,5345.91,5437.527727892222,32.44762421950938,2,0,5,21
1534269600,5327.34,5417.4935955481815,30.19693188945358,2,0,5,22
1534266000,5322.24,5400.174759993966,29.01488801486626,2,0,5,23
1534262400,5328.72,5387.182985449608,28.68281354887307,2,1,6,0
1534258800,5318.29,5374.656988095134,29.782451600465635,2,1,6,1
1534255200,5394.79,5378.3175357142,29.00717795049944,2,1,6,2
1534251600,5376.95,5378.068892857073,41.114885274504196,2,1,6,3
1534248000,5295.04,5362.972730519423,39.42619337529914,2,1,6,4
1534244400,5299.4,5351.414052243164,32.770909416800805,2,1,6,5
1534240800,5323.57,5346.351497289861,33.41521367193138,2,1,6,6
1534237200,5298.76,5337.698497782614,37.01867919852497,2,1,6,7
1534233600,5302.76,5331.34604364032,34.9290604225812,2,1,6,8
1534230000,5244.42,5315.541308432989,35.56062155634791,2,1,6,9
1534226400,5261.68,5305.748343263355,30.856616895719725,2,1,6,10
1534222800,5270.45,5299.330462670018,33.65288922648111,2,1,6,11
1534219200,5255.99,5291.450378548197,35.08933224324785,2,1,6,12
1534215600,5220.42,5278.535764266706,33.7903233692131,2,1,6,13
1534212000,5306.66,5283.649261672759,30.77246055603419,2,1,6,14
1534208400,5474.17,5318.289395914076,43.863204535032516,2,1,6,15
1534204800,5502.18,5351.7240512024255,59.77444797447967,2,1,6,16
1534201200,5500.38,5378.752405529257,61.72787046794551,2,1,6,17
1534197600,5491.21,5399.199240887574,61.52111241635309,2,1,6,18
1534194000,5519.98,5421.159378908015,60.41097059535148,2,1,6,19
1534190400,5488.29,5433.364946379284,62.68597178978214,2,1,6,20
1534186800,5488.21,5443.336774310323,58.68555663766938,2,1,6,21
1534183200,5476.14,5449.300997162991,58.675376749229,2,1,6,22
1534179600,5528.43,5463.688088587902,57.06696033180735,2,1,6,23
1534176000,5525.08,5474.850254299193,61.935103270516365,2,2,7,0
1534172400,5595.03,5496.701117153885,61.45433581469176,2,2,7,1
1534168800,5619.94,5519.10818676227,67.18267773289891,2,2,7,2
1534165200,5662.78,5545.230334623675,68.95219572646343,2,2,7,3
1534161600,5672.07,5568.292091964825,71.77125277197308,2,2,7,4
1534158000,5693.05,5590.975347971221,72.35739482103173,2,2,7,5
1534154400,5686.2,5608.288921067362,73.68622325426972,2,2,7,6
1534150800,5702.47,5625.412753600569,72.4614193859935,2,2,7,7
1534147200,5671.42,5633.777707491374,73.58452436236517,2,2,7,8
1534143600,5645.35,5635.88176067476,67.89379878472703,2,2,7,9
1534140000,5578.17,5625.388713279349,63.45647414051617,2,2,7,10
1534136400,5586.38,5618.296219955831,53.71413330642974,2,2,7,11
1534132800,5592.59,5613.622361782042,54.630851500882024,2,2,7,12
1534129200,5573.96,5606.411023276216,55.35117994339484,2,2,7,13
1534125600,5578.99,5601.42538268054,52.65046892261095,2,2,7,14
1534122000,5575.48,5596.708040374987,53.31282066501418,2,2,7,15
1534118400,5553.06,5588.77203303408,52.75821170470411,2,2,7,16
1534114800,5578.31,5586.869845209701,49.23497275721969,2,2,7,17
1534111200,5603.53,5589.898964262482,53.03864517454667,2,2,7,18
1534107600,5587.23,5589.4136980329395,56.54119742553811,2,2,7,19
1534104000,5570.85,5586.038480208768,53.7508605880313,2,2,7,20
1534100400,5535.35,5576.822392898083,51.025703102370585,2,2,7,21
1534096800,5538.9,5569.927412371158,45.62657989743313,2,2,7,22
1534093200,5546.48,5565.664246485492,46.239190798574356,2,2,7,23
1534089600,5548.12,5562.47438348813,47.59682023457743,2,3,8,0
1534086000,5541.47,5558.655404672106,47.90335836357019,2,3,8,1
1534082400,5503.03,5548.541694731723,46.710192017792856,2,3,8,2
1534078800,5490.47,5537.9832047805,40.43985304328955,2,3,8,3
1534075200,5582.05,5545.995349365863,38.61580848766227,2,3,8,4
1534071600,5554.83,5547.601649481161,54.670514210976265,2,3,8,5
1534068000,5557.53,5549.406804120949,50.44718522093166,2,3,8,6
1534064400,5541.25,5547.923748826231,50.85275099256783,2,3,8,7
1534060800,5551.42,5548.559430857825,48.28652871363095,2,3,8,8
1534057200,5572.75,5552.957716156402,49.98452014603305,2,3,8,9
1534053600,5567.5,5555.6017677643285,53.43771195958002,2,3,8,10
1534050000,5500.92,5545.659628170813,52.477336229981624,2,3,8,11
1534046400,5516.67,5540.388786685211,42.135251667812874,2,3,8,12
1534042800,5517.07,5536.1490072879,44.901538597282425,2,3,8,13
1534039200,5497.46,5529.114642326464,44.973486687050276,2,3,8,14
1534035600,5517.05,5526.921070994379,42.07290824282326,2,3,8,15
1534032000,5472.47,5517.020876268129,45.831429063923956,2,3,8,16
1534028400,5613.56,5534.573444219378,39.54358720340431,2,3,8,17
1534024800,5611.39,5548.540090724946,58.80607081645964,2,3,8,18
1534021200,5628.87,5563.145528774956,58.49735822390051,2,3,8,19
1534017600,5609.54,5571.580887179509,60.3050875704933,2,3,8,20
1534014000,5625.12,5581.315271328689,57.33120480423102,2,3,8,21
1534010400,5664.77,5596.488858359837,59.082654335138315,2,3,8,22
1534006800,5379.8,5557.090884112593,63.22032188139054,2,3,8,23
1534003200,5377.74,5524.481632455758,35.463477383412325,2,4,9,0
1533999600,5388.1,5499.684972009256,35.342677754000306,2,4,9,1
1533996000,5374.57,5476.9367952803,36.5139022197225,2,4,9,2
1533992400,5377.33,5458.8264688657,35.60675547200516,2,4,9,3
1533988800,5394.66,5447.1598381628455,35.95629133499682,2,4,9,4
1533985200,5387.19,5436.256231224146,38.22378908470415,2,4,9,5
1533981600,5374.75,5425.073280092483,37.60572839944952,2,4,9,6
1533978000,5365.43,5414.229047348395,36.545935682799744,2,4,9,7
1533974400,5375.11,5407.116493285051,35.73343834306803,2,4,9,8
1533970800,5345.75,5395.9589490514045,37.29279141091923,2,4,9,9
1533967200,5356.76,5388.8318674056945,34.5542095120001,2,4,9,10
1533963600,5357.35,5383.1078915137505,36.43918728694273,2,4,9,11
1533960000,5361.18,5379.121002147614,36.54466047286736,2,4,9,12
1533956400,5386.77,5380.511729029866,37.27234496734433,2,4,9,13
1533952800,5360.2,5376.818687388072,42.05375961708021,2,4,9,14
1533949200,5349.25,5371.806198772058,38.750935138744566,2,4,9,15
1533945600,5395.44,5376.103253540775,37.44569677238711,2,4,9,16
1533942000,5348.48,5371.080843806088,45.74706051416325,2,4,9,17
1533938400,5331.6,5363.902508568617,39.943398935492624,2,4,9,18
1533934800,5437.62,5377.305688828868,38.0736124814867,2,4,9,19
1533931200,5621.87,5421.77192722362,52.9658598415357,2,4,9,20
1533927600,5623.91,5458.524304092052,67.56443204160212,2,4,9,21
1533924000,5644.21,5492.285339711679,67.6840294396221,2,4,9,22
1533920400,5603.23,5512.457096127737,68.91242332910466,2,4,9,23
1533916800,5669.13,5540.943078649966,63.65230875577776,2,5,10,0
1533913200,5632.99,5557.678882531791,67.89609660787261,2,5,10,1
1533909600,5692.71,5582.229994798738,63.51634245017719,2,5,10,2
1533906000,5686.48,5601.184541198967,67.27320058204842,2,5,10,3
1533902400,5533.95,5588.960079162791,66.50384674799344,2,5,10,4
1533898800,5548.52,5581.607337496829,51.096520836790404,2,5,10,5
1533895200,5552.84,5576.376912497406,52.234882644355885,2,5,10,6
1533891600,5612.77,5582.993837497877,52.58728939766282,2,5,10,7
1533888000,5651.48,5595.445867043718,57.294487984783856,2,5,10,8
1533884400,5630.34,5601.790254853951,60.0532412466604,2,5,10,9
1533880800,5621.66,5605.402935789596,57.85519033116783,2,5,10,10
1533877200,5589.58,5602.526038373306,56.93374312245681,2,5,10,11
1533873600,5617.41,5605.232213214523,53.539802685533395,2,5,10,12
1533870000,5625.42,5608.902719902791,55.99079276928042,2,5,10,13
1533866400,5673.23,5620.598589011374,56.69884288699743,2,5,10,14
1533862800,5709.97,5636.8479364638515,60.75720924847878,2,5,10,15
1533859200,5684.67,5645.542857106787,63.58191940813362,2,5,10,16
1533855600,5740.65,5662.835064905552,60.35989704631961,2,5,10,17
1533852000,5727.99,5674.681416740906,64.63077811558678,2,5,10,18
1533848400,5655.95,5671.275704606195,62.97821317971576,2,5,10,19
1533844800,5621.97,5662.311031041432,54.44688125659919,2,5,10,20
1533841200,5614.74,5653.661752670262,50.94152018651935,2,5,10,21
1533837600,5617.52,5647.090524912033,50.200941482834466,2,5,10,22
1533834000,5600.2,5638.5649749280265,50.498933790626836,2,5,10,23
1533830400,5579.96,5627.909524941113,48.54972452768306,2,6,11,0
1533826800,5632.14,5628.678702224546,46.300616402506975,2,6,11,1
1533823200,5566.05,5617.291665456447,52.42023189544346,2,6,11,2
1533819600,5407.67,5579.178635373457,45.36808087809675,2,6,11,3
1533816000,5467.24,5558.826156214646,33.67598748714005,2,6,11,4
1533812400,5483.89,5545.201400539256,39.94505027730614,2,6,11,5
1533808800,5474.41,5532.330236804845,41.60642728527998,2,6,11,6
1533805200,5455.52,5518.364739203964,40.91243679647698,2,6,11,7
1533801600,5463.29,5508.3511502577885,39.49865085310715,2,6,11,8
1533798000,5482.27,5503.60912293819,40.41080776749839,2,6,11,9
1533794400,5475.86,5498.563827858519,42.68402053365535,2,6,11,10
1533790800,5467.92,5492.992222793334,42.09990307269781,2,6,11,11
1533787200,5440.93,5483.526364103636,41.345147086624756,2,6,11,12
1533783600,5444.88,5476.49975244843,38.798837258278354,2,6,11,13
1533780000,5452.71,5472.174342912352,39.38717958333918,2,6,11,14
1533776400,5418.13,5462.34809874647,40.60606221515486,2,6,11,15
1533772800,5416.33,5453.981171701656,37.06145757597602,2,6,11,16
1533769200,5401.37,5444.415504119537,36.88098482649205,2,6,11,17
1533765600,5426.0,5441.067230643258,35.340676137673725,2,6,11,18
