,Prix,ema,rsi,month,weekday,day,hour
1533859200,5684.67,5645.542857106787,63.58191940813362,2,5,10,16
1533855600,5740.65,5662.835064905552,60.35989704631961,2,5,10,17
1533852000,5727.99,5674.681416740906,64.63077811558678,2,5,10,18
1533848400,5655.95,5671.275704606195,62.97821317971576,2,5,10,19
1533844800,5621.97,5662.311031041432,54.44688125659919,2,5,10,20
1533841200,5614.74,5653.661752670262,50.94152018651935,2,5,10,21
1533837600,5617.52,5647.090524912033,50.200941482834466,2,5,10,22
1533834000,5600.2,5638.5649749280265,50.498933790626836,2,5,10,23
1533830400,5579.96,5627.909524941113,48.54972452768306,2,6,11,0
1533826800,5632.14,5628.678702224546,46.300616402506975,2,6,11,1
1533823200,5566.05,5617.291665456447,52.42023189544346,2,6,11,2
1533819600,5407.67,5579.178635373457,45.36808087809675,2,6,11,3
1533816000,5467.24,5558.826156214646,33.67598748714005,2,6,11,4
1533812400,5483.89,5545.201400539256,39.94505027730614,2,6,11,5
1533808800,5474.41,5532.330236804845,41.60642728527998,2,6,11,6
1533805200,5455.52,5518.364739203964,40.91243679647698,2,6,11,7
1533801600,5463.29,5508.3511502577885,39.49865085310715,2,6,11,8
1533798000,5482.27,5503.60912293819,40.41080776749839,2,6,11,9
1533794400,5475.86,5498.563827858519,42.68402053365535,2,6,11,10
1533790800,5467.92,5492.992222793334,42.09990307269781,2,6,11,11
1533787200,5440.93,5483.526364103636,41.345147086624756,2,6,11,12
1533783600,5444.88,5476.49975244843,38.798837258278354,2,6,11,13
1533780000,5452.71,5472.174342912352,39.38717958333918,2,6,11,14
1533776400,5418.13,5462.34809874647,40.60606221515486,2,6,11,15
1533772800,5416.33,5453.981171701656,37.06145757597602,2,6,11,16
1533769200,5401.37,5444.415504119537,36.88098482649205,2,6,11,17
1533765600,5426.0,5441.067230643258,35.340676137673725,2,6,11,18
1533762000,5444.58,5441.705915980847,39.79856847824061,2,6,11,19
1533758400,5463.58,5445.683022166147,42.991600309941134,2,6,11,20
1533754800,5391.19,5435.77519995412,46.137709711496576,2,6,11,21
1533751200,5387.07,5426.919709053371,37.61935093299165,2,6,11,22
1533747600,5406.26,5423.163398316394,37.198403831657785,2,6,11,23
1533744000,5592.71,5453.990053167958,40.53599271483461,2,0,12,0
1533740400,5603.08,5481.097316228329,61.78592675360175,2,0,12,1
1533736800,5587.32,5500.410531459542,62.586737777933514,2,0,12,2
1533733200,5618.05,5521.799525739625,60.511320250124555,2,0,12,3
1533729600,5621.82,5539.9850665142385,63.082024262658564,2,0,12,4
1533726000,5595.04,5549.99505442074,63.39684365167252,2,0,12,5
1533722400,5607.41,5560.434135435151,59.51444703097683,2,0,12,6
1533718800,5617.12,5570.740656265123,60.711307841168995,2,0,12,7
1533715200,5567.35,5570.124173307828,61.669219474998656,2,0,12,8
1533711600,5638.51,5582.557959979132,54.35407245960442,2,0,12,9
1533708000,5624.9,5590.256512710199,61.403522811193874,2,0,12,10
1533704400,5598.97,5591.840783126527,59.5105091218023,2,0,12,11
1533700800,5676.9,5607.306095285339,55.97016000713329,2,0,12,12
1533697200,5708.86,5625.770441597096,63.079191935234796,2,0,12,13
1533693600,5672.53,5634.272179488533,65.53676361754981,2,0,12,14
1533690000,5699.93,5646.209965036072,60.59885839557696,2,0,12,15
1533686400,5797.47,5673.711789574968,62.87102694666923,2,0,12,16
1533682800,5824.21,5701.0751005613365,69.59332219858558,2,0,12,17
1533679200,5821.6,5722.988718641092,71.13616613238038,2,0,12,18
1533675600,5940.6,5762.554406160893,70.75877030886764,2,0,12,19
1533672000,6055.27,5815.775423222549,76.80177054912326,2,0,12,20
1533668400,6125.67,5872.11989172754,80.89830351348063,2,0,12,21
1533664800,6147.11,5922.118093231623,82.89533007858033,2,0,12,22
1533661200,6150.11,5963.57116718951,83.46238053158352,2,0,12,23
1533657600,6142.14,5996.038227700507,83.54458529669085,2,1,13,0
1533654000,6128.49,6020.120368118597,82.37311511601959,2,1,13,1
1533650400,6099.87,6034.6203011879425,80.29644151006384,2,1,13,2
1533646800,6141.02,6053.965700971953,75.97173670383552,2,1,13,3
1533643200,6116.5,6065.335573522507,77.82134698086564,2,1,13,4
1533639600,6080.5,6068.09274197296,74.15821613607253,2,1,13,5
1533636000,6092.5,6072.530425250603,69.02128826836766,2,1,13,6
1533632400,6091.92,6076.0558024777665,69.77291782280479,2,1,13,7
1533628800,6083.16,6077.347474754536,69.68491214689959,2,1,13,8
1533625200,6014.95,6066.00247934462,68.28402324351667,2,1,13,9
1533621600,6011.48,6056.0893012819615,58.43357443474058,2,1,13,10
1533618000,6023.68,6050.196701048877,57.975383329196916,2,1,13,11
1533614400,6006.56,6042.262755403626,59.18708811136605,2,1,13,12
1533610800,6018.42,6037.927708966603,56.715787149496144,2,1,13,13
1533607200,5991.39,6029.466307336312,58.02337767779758,2,1,13,14
1533603600,6027.78,6029.159706002437,54.018143303828104,2,1,13,15
1533600000,6012.65,6026.157941274721,58.20133732821528,2,1,13,16
1533596400,5965.69,6015.163770133862,55.92332512271536,2,1,13,17
1533592800,5949.98,6003.312175564069,49.45348131882597,2,1,13,18
1533589200,6004.14,6003.462689097874,47.47470867143188,2,1,13,19
1533585600,6020.02,6006.473109261898,54.26835598573518,2,1,13,20
1533582000,5993.32,6004.081634850643,56.06277426430959,2,1,13,21
1533578400,6009.57,6005.079519423253,52.343844838213215,2,1,13,22
1533574800,5994.79,6003.208697709933,54.32950909793127,2,1,13,23
1533571200,6041.0,6010.079843580854,52.199134985137924,2,2,14,0
1533567600,6020.45,6011.965326566153,57.77413494399984,2,2,14,1
1533564000,6010.19,6011.642539917761,54.71781776518172,2,2,14,2
1533560400,6050.34,6018.678441750894,53.20448839631794,2,2,14,3
1533556800,6054.97,6025.276906887095,58.089346941990364,2,2,14,4
1533553200,6058.01,6031.228378362168,58.62570952834619,2,2,14,5
1533549600,6040.12,6032.845036841773,58.9967570461467,2,2,14,6
1533546000,6040.51,6034.238666506905,55.82396857029801,2,2,14,7
1533542400,6078.25,6042.240727142013,55.87967311781198,2,2,14,8
1533538800,6138.41,6059.726049479828,61.00409553593362,2,2,14,9
1533535200,6146.91,6075.577676847131,67.4868038386175,2,2,14,10
1533531600,6137.92,6086.912644693107,68.28893266498724,2,2,14,11
1533528000,6149.7,6098.328527476177,66.42244649303788,2,2,14,12
1533524400,6178.39,6112.885158844145,67.6694227733069,2,2,14,13
1533520800,6170.7,6123.3969481452095,70.53905208705294,2,2,14,14
1533517200,6094.38,6118.121139391535,68.77693155099358,2,2,14,15
1533513600,6087.79,6112.606386774893,54.283518006548704,2,2,14,16
1533510000,6079.12,6106.5179528158205,53.240240996881596,2,2,14,17
1533506400,6097.87,6104.945597758398,51.82893147064152,2,2,14,18
1533502800,6095.48,6103.224579984144,54.629964544776584,2,2,14,19
1533499200,6077.78,6098.5982927142995,54.19735968001819,2,2,14,20
1533495600,6060.16,6091.609512220791,50.977764171261896,2,2,14,21
1533492000,6042.44,6082.669600907919,47.92559885639045,2,2,14,22
1533488400,6052.88,6077.253309833752,45.007155102370774,2,2,14,23
1533484800,6052.25,6072.707253500342,47.05288161098232,2,3,15,0
1533481200,5986.92,6057.109571045734,46.93940569257738,2,3,15,1
1533477600,6029.48,6052.086012673782,36.979859872307834,2,3,15,2
1533474000,6090.1,6058.997646733094,45.14546099449734,2,3,15,3
1533470400,6074.39,6061.796256417986,54.240229177350756,2,3,15,4
1533466800,6090.93,6067.093300705625,51.84139261287052,2,3,15,5
1533463200,6105.04,6073.992700577329,54.140969912803705,2,3,15,6
1533459600,6045.37,6068.788573199633,56.0681817869189,2,3,15,7
1533456000,6002.64,6056.761559890609,47.061164881036916,2,3,15,8
1533452400,6019.89,6050.0576399104975,41.87357021882433,2,3,15,9
1533448800,6033.11,6046.976250835862,44.53177549978935,2,3,15,10
1533445200,6031.83,6044.222387047523,46.54919474404895,2,3,15,11
1533441600,6051.51,6045.547407584337,46.37332814781826,2,3,15,12
1533438000,5998.49,6036.991515296275,49.53051213404104,2,3,15,13
1533434400,5986.84,6027.8730579696785,42.30441133522268,2,3,15,14
1533430800,5988.31,6020.679774702465,40.89269382021679,2,3,15,15
1533427200,6057.45,6027.365270211108,41.15951144242886,2,3,15,16
1533423600,6052.5,6031.935221081814,52.10961846028129,2,3,15,17
1533420000,6048.07,6034.868817248756,51.37250666999424,2,3,15,18
1533416400,6038.4,6035.510850476255,50.68155353128383,2,3,15,19
1533412800,6043.62,6036.985241298754,49.12824919279883,2,3,15,20
1533409200,6029.46,6035.617015608071,50.01876640812354,2,3,15,21
1533405600,6031.89,6034.939376406603,47.58535050863893,2,3,15,22
1533402000,6036.61,6035.243126150856,48.052414551654394,2,3,15,23
1533398400,6028.11,6033.946194123428,49.002994893880704,2,4,16,0
1533394800,6095.98,6045.2250679191675,47.323562581675716,2,4,16,1
1533391200,6273.14,6086.664146479319,59.31386045752917,2,4,16,2
1533387600,6264.45,6118.988847119443,75.1892853312887,2,4,16,3
1533384000,6389.06,6168.092693097726,73.67079162021128,2,4,16,4
1533380400,6403.27,6210.852203443594,79.93003082628957,2,4,16,5
1533376800,6441.01,6252.699075544759,80.4993536809261,2,4,16,6
1533373200,6445.25,6287.708334536621,81.962789833984,2,4,16,7
1533369600,6439.05,6315.2250009845075,82.12508937707462,2,4,16,8
1533366000,6413.14,6333.027728078233,80.97766597618744,2,4,16,9
1533362400,6428.51,6350.388141154917,76.18707019873021,2,4,16,10
1533358800,6452.45,6368.944842763114,77.05426638202302,2,4,16,11
1533355200,6448.99,6383.498507715275,78.37523036869128,2,4,16,12
1533351600,6455.86,6396.655142676134,77.67919647103136,2,4,16,13
1533348000,6450.07,6406.366934916837,78.09516161041486,2,4,16,14
1533344400,6438.71,6412.247492204684,76.7962087190229,2,4,16,15
1533340800,6405.04,6410.93703907656,74.18889884644415,2,4,16,16
1533337200,6412.83,6411.281213789913,66.93523945593995,2,4,16,17
1533333600,6414.13,6411.79917491902,67.72157798100945,2,4,16,18
1533330000,6388.84,6407.624779479198,67.8589489067241,2,4,16,19
1533326400,6379.95,6402.5930013920715,62.30389957914195,2,4,16,20
1533322800,6458.65,6412.785182957149,60.431151852483154,2,4,16,21
1533319200,6502.58,6429.111513328576,69.24455629900774,2,4,16,22
1533315600,6454.35,6433.700329087016,72.87626450310685,2,4,16,23
1533312000,6450.61,6436.774814707558,63.94818741669899,2,5,17,0
1533308400,6444.01,6438.090302942547,63.30057007032087,2,5,17,1
1533304800,6425.29,6435.762975134811,62.10527334963551,2,5,17,2
1533301200,6376.82,6425.046070564846,58.71847406060026,2,5,17,3
1533297600,6343.12,6410.150421371237,50.96827625466381,2,5,17,4
1533294000,6363.46,6401.661253849194,46.38422086495512,2,5,17,5
1533290400,6356.57,6393.46284405843,49.34546346088697,2,5,17,6
1533286800,6379.09,6390.84959968417,48.370881595635126,2,5,17,7
1533283200,6389.71,6390.642399741593,51.726797379111176,2,5,17,8
1533279600,6362.28,6385.485599788576,53.26941530350198,2,5,17,9
1533276000,6325.89,6374.650036190653,48.920976593246394,2,5,17,10
1533272400,6350.27,6370.217302337806,43.811415042276025,2,5,17,11
1533268800,6335.16,6363.843247367296,47.74891160219439,2,5,17,12
1533265200,6351.24,6361.551747845969,45.615381146129934,2,5,17,13
1533261600,6343.95,6358.351430055793,48.26466735899132,2,5,17,14
1533258000,6380.96,6362.462079136557,47.14342350678978,2,5,17,15
