,Prix,ema,rsi,month,weekday,day,hour
1533578400,6009.57,6005.079519423253,52.343844838213215,2,1,13,22
1533574800,5994.79,6003.208697709933,54.32950909793127,2,1,13,23
1533571200,6041.0,6010.079843580854,52.199134985137924,2,2,14,0
1533567600,6020.45,6011.965326566153,57.77413494399984,2,2,14,1
1533564000,6010.19,6011.642539917761,54.71781776518172,2,2,14,2
1533560400,6050.34,6018.678441750894,53.20448839631794,2,2,14,3
1533556800,6054.97,6025.276906887095,58.089346941990364,2,2,14,4
1533553200,6058.01,6031.228378362168,58.62570952834619,2,2,14,5
1533549600,6040.12,6032.845036841773,58.9967570461467,2,2,14,6
1533546000,6040.51,6034.238666506905,55.82396857029801,2,2,14,7
1533542400,6078.25,6042.240727142013,55.87967311781198,2,2,14,8
1533538800,6138.41,6059.726049479828,61.00409553593362,2,2,14,9
1533535200,6146.91,6075.577676847131,67.4868038386175,2,2,14,10
1533531600,6137.92,6086.912644693107,68.28893266498724,2,2,14,11
1533528000,6149.7,6098.328527476177,66.42244649303788,2,2,14,12
1533524400,6178.39,6112.885158844145,67.6694227733069,2,2,14,13
1533520800,6170.7,6123.3969481452095,70.53905208705294,2,2,14,14
1533517200,6094.38,6118.121139391535,68.77693155099358,2,2,14,15
1533513600,6087.79,6112.606386774893,54.283518006548704,2,2,14,16
1533510000,6079.12,6106.5179528158205,53.240240996881596,2,2,14,17
1533506400,6097.87,6104.945597758398,51.82893147064152,2,2,14,18
1533502800,6095.48,6103.224579984144,54.629964544776584,2,2,14,19
1533499200,6077.78,6098.5982927142995,54.19735968001819,2,2,14,20
1533495600,6060.16,6091.609512220791,50.977764171261896,2,2,14,21
1533492000,6042.44,6082.669600907919,47.92559885639045,2,2,14,22
1533488400,6052.88,6077.253309833752,45.007155102370774,2,2,14,23
1533484800,6052.25,6072.707253500342,47.05288161098232,2,3,15,0
1533481200,5986.92,6057.109571045734,46.93940569257738,2,3,15,1
1533477600,6029.48,6052.086012673782,36.979859872307834,2,3,15,2
1533474000,6090.1,6058.997646733094,45.14546099449734,2,3,15,3
1533470400,6074.39,6061.796256417986,54.240229177350756,2,3,15,4
1533466800,6090.93,6067.093300705625,51.84139261287052,2,3,15,5
1533463200,6105.04,6073.992700577329,54.140969912803705,2,3,15,6
1533459600,6045.37,6068.788573199633,56.0681817869189,2,3,15,7
1533456000,6002.64,6056.761559890609,47.061164881036916,2,3,15,8
1533452400,6019.89,6050.0576399104975,41.87357021882433,2,3,15,9
1533448800,6033.11,6046.976250835862,44.53177549978935,2,3,15,10
1533445200,6031.83,6044.222387047523,46.54919474404895,2,3,15,11
1533441600,6051.51,6045.547407584337,46.37332814781826,2,3,15,12
1533438000,5998.49,6036.991515296275,49.53051213404104,2,3,15,13
1533434400,5986.84,6027.8730579696785,42.30441133522268,2,3,15,14
1533430800,5988.31,6020.679774702465,40.89269382021679,2,3,15,15
1533427200,6057.45,6027.365270211108,41.15951144242886,2,3,15,16
1533423600,6052.5,6031.935221081814,52.10961846028129,2,3,15,17
1533420000,6048.07,6034.868817248756,51.37250666999424,2,3,15,18
1533416400,6038.4,6035.510850476255,50.68155353128383,2,3,15,19
1533412800,6043.62,6036.985241298754,49.12824919279883,2,3,15,20
1533409200,6029.46,6035.617015608071,50.01876640812354,2,3,15,21
1533405600,6031.89,6034.939376406603,47.58535050863893,2,3,15,22
1533402000,6036.61,6035.243126150856,48.052414551654394,2,3,15,23
1533398400,6028.11,6033.946194123428,49.002994893880704,2,4,16,0
1533394800,6095.98,6045.2250679191675,47.323562581675716,2,4,16,1
1533391200,6273.14,6086.664146479319,59.31386045752917,2,4,16,2
1533387600,6264.45,6118.988847119443,75.1892853312887,2,4,16,3
1533384000,6389.06,6168.092693097726,73.67079162021128,2,4,16,4
1533380400,6403.27,6210.852203443594,79.93003082628957,2,4,16,5
1533376800,6441.01,6252.699075544759,80.4993536809261,2,4,16,6
1533373200,6445.25,6287.708334536621,81.962789833984,2,4,16,7
1533369600,6439.05,6315.2250009845075,82.12508937707462,2,4,16,8
1533366000,6413.14,6333.027728078233,80.97766597618744,2,4,16,9
1533362400,6428.51,6350.388141154917,76.18707019873021,2,4,16,10
1533358800,6452.45,6368.944842763114,77.05426638202302,2,4,16,11
1533355200,6448.99,6383.498507715275,78.37523036869128,2,4,16,12
1533351600,6455.86,6396.655142676134,77.67919647103136,2,4,16,13
1533348000,6450.07,6406.366934916837,78.09516161041486,2,4,16,14
1533344400,6438.71,6412.247492204684,76.7962087190229,2,4,16,15
1533340800,6405.04,6410.93703907656,74.18889884644415,2,4,16,16
1533337200,6412.83,6411.281213789913,66.93523945593995,2,4,16,17
1533333600,6414.13,6411.79917491902,67.72157798100945,2,4,16,18
1533330000,6388.84,6407.624779479198,67.8589489067241,2,4,16,19
1533326400,6379.95,6402.5930013920715,62.30389957914195,2,4,16,20
1533322800,6458.65,6412.785182957149,60.431151852483154,2,4,16,21
1533319200,6502.58,6429.111513328576,69.24455629900774,2,4,16,22
1533315600,6454.35,6433.700329087016,72.87626450310685,2,4,16,23
1533312000,6450.61,6436.774814707558,63.94818741669899,2,5,17,0
1533308400,6444.01,6438.090302942547,63.30057007032087,2,5,17,1
1533304800,6425.29,6435.762975134811,62.10527334963551,2,5,17,2
1533301200,6376.82,6425.046070564846,58.71847406060026,2,5,17,3
1533297600,6343.12,6410.150421371237,50.96827625466381,2,5,17,4
1533294000,6363.46,6401.661253849194,46.38422086495512,2,5,17,5
1533290400,6356.57,6393.46284405843,49.34546346088697,2,5,17,6
1533286800,6379.09,6390.84959968417,48.370881595635126,2,5,17,7
1533283200,6389.71,6390.642399741593,51.726797379111176,2,5,17,8
1533279600,6362.28,6385.485599788576,53.26941530350198,2,5,17,9
1533276000,6325.89,6374.650036190653,48.920976593246394,2,5,17,10
1533272400,6350.27,6370.217302337806,43.811415042276025,2,5,17,11
1533268800,6335.16,6363.843247367296,47.74891160219439,2,5,17,12
1533265200,6351.24,6361.551747845969,45.615381146129934,2,5,17,13
1533261600,6343.95,6358.351430055793,48.26466735899132,2,5,17,14
1533258000,6380.96,6362.462079136557,47.14342350678978,2,5,17,15
1533254400,6513.58,6389.938064748091,53.10028133718977,2,5,17,16
1533250800,6520.49,6413.674780248438,67.31506950630006,2,5,17,17
1533247200,6506.97,6430.637547475994,67.8616417203184,2,5,17,18
1533243600,6522.55,6447.348902480358,65.55187340507777,2,5,17,19
1533240000,6504.22,6457.689102029384,66.94797670257597,2,5,17,20
1533236400,6474.58,6460.760174387678,63.67816904264165,2,5,17,21
1533232800,6477.15,6463.7401426808265,58.68673732940655,2,5,17,22
1533229200,6513.0,6472.696480375221,58.98692750822482,2,5,17,23
1533225600,6482.07,6474.400756670635,63.023171104225604,2,6,18,0
1533222000,6492.75,6477.736982730519,57.743202130210626,2,6,18,1
1533218400,6456.15,6473.812076779515,59.019877236259525,2,6,18,2
1533214800,6477.35,6474.455335546875,53.099262382813365,2,6,18,3
1533211200,6509.28,6480.787092720169,55.86128752831458,2,6,18,4
1533207600,6522.76,6488.418530407411,59.70981796536064,2,6,18,5
1533204000,6559.16,6501.28061578788,61.246084295341745,2,6,18,6
1533200400,6570.65,6513.893231099174,65.11430172798393,2,6,18,7
1533196800,6592.81,6528.241734535687,66.25916708784183,2,6,18,8
1533193200,6569.19,6535.686873711016,68.41224695336436,2,6,18,9
1533189600,6566.15,6541.225623945376,63.74315210169681,2,6,18,10
1533186000,6556.2,6543.948237773489,63.14581186882293,2,6,18,11
1533182400,6557.23,6546.363103632855,61.126731590221496,2,6,18,12
1533178800,6583.16,6553.053448426881,61.264806127596856,2,6,18,13
1533175200,6585.07,6558.874639621993,64.66724275374496,2,6,18,14
1533171600,6569.84,6560.8683415089035,64.91173312619628,2,6,18,15
1533168000,6515.75,6552.6650066891025,61.27098753613921,2,6,18,16
1533164400,6507.01,6544.364096381993,50.448704107699385,2,6,18,17
1533160800,6412.45,6520.37971522163,48.944364628297784,2,6,18,18
1533157200,6413.26,6500.9034033631515,36.32403630026947,2,6,18,19
1533153600,6481.46,6497.368239115305,36.47513958894717,2,6,18,20
1533150000,6468.02,6492.032195639795,47.723493801681464,2,6,18,21
1533146400,6466.59,6487.406341887104,45.995047415861414,2,6,18,22
1533142800,6481.2,6486.277916089448,45.80495813619024,2,6,18,23
1533139200,6520.05,6492.418294982275,48.16213682989465,2,0,19,0
1533135600,6499.5,6493.70587771277,53.90363371157983,2,0,19,1
1533132000,6532.67,6500.790263583175,50.70451634646592,2,0,19,2
1533128400,6482.82,6497.522942931689,55.31447782764345,2,0,19,3
1533124800,6465.98,6491.787862398654,48.04297129876526,2,0,19,4
1533121200,6481.94,6489.997341962535,45.85022368016822,2,0,19,5
1533117600,6514.14,6494.386916151165,48.26044519838552,2,0,19,6
1533114000,6534.5,6501.68020412368,52.82290600119959,2,0,19,7
1533110400,6467.38,6495.44380337392,55.49523286350474,2,0,19,8
1533106800,6486.89,6493.888566396843,46.20358177877875,2,0,19,9
1533103200,6455.74,6486.952463415599,48.88271904026287,2,0,19,10
1533099600,6455.09,6481.159288249126,45.02704333734744,2,0,19,11
1533096000,6457.12,6476.788508567466,44.9473743201989,2,0,19,12
1533092400,6470.85,6475.708779737018,45.27304948598718,2,0,19,13
1533088800,6471.94,6475.02354705756,47.53376387250344,2,0,19,14
1533085200,6565.93,6491.551993047095,47.71840732081014,2,0,19,15
1533081600,6618.62,6514.655267038532,60.595987797986545,2,0,19,16
1533078000,6589.49,6528.261582122435,65.69692266545675,2,0,19,17
1533074400,6601.93,6541.655839918356,60.995753254996124,2,0,19,18
1533070800,6582.65,6549.1093235695635,62.23847799462948,2,0,19,19
1533067200,6635.89,6564.887628375097,59.09586105949448,2,0,19,20
1533063600,6631.17,6576.9389686705335,64.43606658610517,2,0,19,21
1533060000,6614.76,6583.815519821345,63.642782916571306,2,0,19,22
1533056400,6671.47,6599.752698035645,60.838454139358404,2,0,19,23
1533052800,6633.36,6605.863116574618,66.35575103152945,2,1,20,0
1533049200,6618.83,6608.220731742869,60.216107061058274,2,1,20,1
1533045600,6617.47,6609.902416880529,58.01219009078101,2,1,20,2
1533042000,6658.23,6618.689250174978,57.798954098739266,2,1,20,3
1533038400,6803.94,6652.371204688618,62.27459386427852,2,1,20,4
1533034800,6780.47,6675.661894745232,73.21195934947306,2,1,20,5
1533031200,6839.57,6705.463368427916,69.70638043581826,2,1,20,6
1533027600,6835.53,6729.111846895567,73.18789136620333,2,1,20,7
1533024000,6930.35,6765.700602005464,72.57388126854329,2,1,20,8
1533020400,6939.55,6797.309583459016,77.37213424476052,2,1,20,9
1533016800,6942.0,6823.616931921012,77.778360001908,2,1,20,10
1533013200,6930.29,6843.012035208101,77.89218368940071,2,1,20,11
1533009600,6934.71,6859.684392442992,75.89129018758659,2,1,20,12
1533006000,6933.1,6873.032684726085,76.1404297907692,2,1,20,13
1533002400,6932.9,6883.9176511395235,75.83302158945557,2,1,20,14
1532998800,6938.69,6893.876260023246,75.79208489393974,2,1,20,15
1532995200,6977.33,6909.049667291746,76.19276395840475,2,1,20,16
1532991600,6966.83,6919.55518232961,78.72368664494425,2,1,20,17
1532988000,6945.7,6924.308785542408,76.34844944173231,2,1,20,18
1532984400,6960.86,6930.954460898334,71.6625931668643,2,1,20,19
1532980800,6930.86,6930.937286189545,72.94554942234377,2,1,20,20
1532977200,6805.14,6908.0650523369,66.52673675150214,2,1,20,21
