,Prix,ema,rsi,month,weekday,day,hour
1533362400,6428.51,6350.388141154917,76.18707019873021,2,4,16,10
1533358800,6452.45,6368.944842763114,77.05426638202302,2,4,16,11
1533355200,6448.99,6383.498507715275,78.37523036869128,2,4,16,12
1533351600,6455.86,6396.655142676134,77.67919647103136,2,4,16,13
1533348000,6450.07,6406.366934916837,78.09516161041486,2,4,16,14
1533344400,6438.71,6412.247492204684,76.7962087190229,2,4,16,15
1533340800,6405.04,6410.93703907656,74.18889884644415,2,4,16,16
1533337200,6412.83,6411.281213789913,66.93523945593995,2,4,16,17
1533333600,6414.13,6411.79917491902,67.72157798100945,2,4,16,18
1533330000,6388.84,6407.624779479198,67.8589489067241,2,4,16,19
1533326400,6379.95,6402.5930013920715,62.30389957914195,2,4,16,20
1533322800,6458.65,6412.785182957149,60.431151852483154,2,4,16,21
1533319200,6502.58,6429.111513328576,69.24455629900774,2,4,16,22
1533315600,6454.35,6433.700329087016,72.87626450310685,2,4,16,23
1533312000,6450.61,6436.774814707558,63.94818741669899,2,5,17,0
1533308400,6444.01,6438.090302942547,63.30057007032087,2,5,17,1
1533304800,6425.29,6435.762975134811,62.10527334963551,2,5,17,2
1533301200,6376.82,6425.046070564846,58.71847406060026,2,5,17,3
1533297600,6343.12,6410.150421371237,50.96827625466381,2,5,17,4
1533294000,6363.46,6401.661253849194,46.38422086495512,2,5,17,5
1533290400,6356.57,6393.46284405843,49.34546346088697,2,5,17,6
1533286800,6379.09,6390.84959968417,48.370881595635126,2,5,17,7
1533283200,6389.71,6390.642399741593,51.726797379111176,2,5,17,8
1533279600,6362.28,6385.485599788576,53.26941530350198,2,5,17,9
1533276000,6325.89,6374.650036190653,48.920976593246394,2,5,17,10
1533272400,6350.27,6370.217302337806,43.811415042276025,2,5,17,11
1533268800,6335.16,6363.843247367296,47.74891160219439,2,5,17,12
1533265200,6351.24,6361.551747845969,45.615381146129934,2,5,17,13
1533261600,6343.95,6358.351430055793,48.26466735899132,2,5,17,14
1533258000,6380.96,6362.462079136557,47.14342350678978,2,5,17,15
1533254400,6513.58,6389.938064748091,53.10028133718977,2,5,17,16
1533250800,6520.49,6413.674780248438,67.31506950630006,2,5,17,17
1533247200,6506.97,6430.637547475994,67.8616417203184,2,5,17,18
1533243600,6522.55,6447.348902480358,65.55187340507777,2,5,17,19
1533240000,6504.22,6457.689102029384,66.94797670257597,2,5,17,20
1533236400,6474.58,6460.760174387678,63.67816904264165,2,5,17,21
1533232800,6477.15,6463.7401426808265,58.68673732940655,2,5,17,22
1533229200,6513.0,6472.696480375221,58.98692750822482,2,5,17,23
1533225600,6482.07,6474.400756670635,63.023171104225604,2,6,18,0
1533222000,6492.75,6477.736982730519,57.743202130210626,2,6,18,1
1533218400,6456.15,6473.812076779515,59.019877236259525,2,6,18,2
1533214800,6477.35,6474.455335546875,53.099262382813365,2,6,18,3
1533211200,6509.28,6480.787092720169,55.86128752831458,2,6,18,4
1533207600,6522.76,6488.418530407411,59.70981796536064,2,6,18,5
1533204000,6559.16,6501.28061578788,61.246084295341745,2,6,18,6
1533200400,6570.65,6513.893231099174,65.11430172798393,2,6,18,7
1533196800,6592.81,6528.241734535687,66.25916708784183,2,6,18,8
1533193200,6569.19,6535.686873711016,68.41224695336436,2,6,18,9
1533189600,6566.15,6541.225623945376,63.74315210169681,2,6,18,10
1533186000,6556.2,6543.948237773489,63.14581186882293,2,6,18,11
1533182400,6557.23,6546.363103632855,61.126731590221496,2,6,18,12
1533178800,6583.16,6553.053448426881,61.264806127596856,2,6,18,13
1533175200,6585.07,6558.874639621993,64.66724275374496,2,6,18,14
1533171600,6569.84,6560.8683415089035,64.91173312619628,2,6,18,15
1533168000,6515.75,6552.6650066891025,61.27098753613921,2,6,18,16
1533164400,6507.01,6544.364096381993,50.448704107699385,2,6,18,17
1533160800,6412.45,6520.37971522163,48.944364628297784,2,6,18,18
1533157200,6413.26,6500.9034033631515,36.32403630026947,2,6,18,19
1533153600,6481.46,6497.368239115305,36.47513958894717,2,6,18,20
1533150000,6468.02,6492.032195639795,47.723493801681464,2,6,18,21
1533146400,6466.59,6487.406341887104,45.995047415861414,2,6,18,22
1533142800,6481.2,6486.277916089448,45.80495813619024,2,6,18,23
1533139200,6520.05,6492.418294982275,48.16213682989465,2,0,19,0
1533135600,6499.5,6493.70587771277,53.90363371157983,2,0,19,1
1533132000,6532.67,6500.790263583175,50.70451634646592,2,0,19,2
1533128400,6482.82,6497.522942931689,55.31447782764345,2,0,19,3
1533124800,6465.98,6491.787862398654,48.04297129876526,2,0,19,4
1533121200,6481.94,6489.997341962535,45.85022368016822,2,0,19,5
1533117600,6514.14,6494.386916151165,48.26044519838552,2,0,19,6
1533114000,6534.5,6501.68020412368,52.82290600119959,2,0,19,7
1533110400,6467.38,6495.44380337392,55.49523286350474,2,0,19,8
1533106800,6486.89,6493.888566396843,46.20358177877875,2,0,19,9
1533103200,6455.74,6486.952463415599,48.88271904026287,2,0,19,10
1533099600,6455.09,6481.159288249126,45.02704333734744,2,0,19,11
1533096000,6457.12,6476.788508567466,44.9473743201989,2,0,19,12
1533092400,6470.85,6475.708779737018,45.27304948598718,2,0,19,13
1533088800,6471.94,6475.02354705756,47.53376387250344,2,0,19,14
1533085200,6565.93,6491.551993047095,47.71840732081014,2,0,19,15
1533081600,6618.62,6514.655267038532,60.595987797986545,2,0,19,16
1533078000,6589.49,6528.261582122435,65.69692266545675,2,0,19,17
1533074400,6601.93,6541.655839918356,60.995753254996124,2,0,19,18
1533070800,6582.65,6549.1093235695635,62.23847799462948,2,0,19,19
1533067200,6635.89,6564.887628375097,59.09586105949448,2,0,19,20
1533063600,6631.17,6576.9389686705335,64.43606658610517,2,0,19,21
1533060000,6614.76,6583.815519821345,63.642782916571306,2,0,19,22
1533056400,6671.47,6599.752698035645,60.838454139358404,2,0,19,23
1533052800,6633.36,6605.863116574618,66.35575103152945,2,1,20,0
1533049200,6618.83,6608.220731742869,60.216107061058274,2,1,20,1
1533045600,6617.47,6609.902416880529,58.01219009078101,2,1,20,2
1533042000,6658.23,6618.689250174978,57.798954098739266,2,1,20,3
1533038400,6803.94,6652.371204688618,62.27459386427852,2,1,20,4
1533034800,6780.47,6675.661894745232,73.21195934947306,2,1,20,5
1533031200,6839.57,6705.463368427916,69.70638043581826,2,1,20,6
1533027600,6835.53,6729.111846895567,73.18789136620333,2,1,20,7
1533024000,6930.35,6765.700602005464,72.57388126854329,2,1,20,8
1533020400,6939.55,6797.309583459016,77.37213424476052,2,1,20,9
1533016800,6942.0,6823.616931921012,77.778360001908,2,1,20,10
1533013200,6930.29,6843.012035208101,77.89218368940071,2,1,20,11
1533009600,6934.71,6859.684392442992,75.89129018758659,2,1,20,12
1533006000,6933.1,6873.032684726085,76.1404297907692,2,1,20,13
1533002400,6932.9,6883.9176511395235,75.83302158945557,2,1,20,14
1532998800,6938.69,6893.876260023246,75.79208489393974,2,1,20,15
1532995200,6977.33,6909.049667291746,76.19276395840475,2,1,20,16
1532991600,6966.83,6919.55518232961,78.72368664494425,2,1,20,17
1532988000,6945.7,6924.308785542408,76.34844944173231,2,1,20,18
1532984400,6960.86,6930.954460898334,71.6625931668643,2,1,20,19
1532980800,6930.86,6930.937286189545,72.94554942234377,2,1,20,20
1532977200,6805.14,6908.0650523369,66.52673675150214,2,1,20,21
1532973600,6767.59,6882.52413373019,47.61699221525767,2,1,20,22
1532970000,6935.22,6892.1052003247005,43.62815308701903,2,1,20,23
1532966400,6939.75,6900.767891174754,59.81268226147374,2,2,21,0
1532962800,6981.16,6915.384638233889,60.14568233121881,2,2,21,1
1532959200,6946.24,6920.994704009545,63.15152685324122,2,2,21,2
1532955600,6963.55,6928.732030553264,59.10337230790039,2,2,21,3
1532952000,6980.84,6938.206206816306,60.45655142351446,2,2,21,4
1532948400,6980.4,6945.877805576977,61.81560419480122,2,2,21,5
1532944800,6985.54,6953.08911365389,61.7574349540395,2,2,21,6
1532941200,6993.84,6960.4983657168195,62.20486618014705,2,2,21,7
1532937600,6996.44,6967.033208313761,62.95851210656374,2,2,21,8
1532934000,6978.45,6969.108988620349,63.206019502817576,2,2,21,9
1532930400,7013.19,6977.123717962104,60.20824984099419,2,2,21,10
1532926800,7009.75,6983.055769241721,63.780677744323555,2,2,21,11
1532923200,7018.96,6989.583811197771,63.1758456784603,2,2,21,12
1532919600,7028.49,6996.657663707267,64.15589798164358,2,2,21,13
1532916000,7036.31,7003.867179396854,65.18832496408487,2,2,21,14
1532912400,6989.53,7001.260419506516,66.05239572296308,2,2,21,15
1532908800,7040.43,7008.382161414422,56.94637527556503,2,2,21,16
1532905200,7021.25,7010.721768429981,62.934040875088236,2,2,21,17
1532901600,7017.5,7011.954174169984,59.57198159036443,2,2,21,18
1532898000,7023.9,7014.126142502714,58.90935121933971,2,2,21,19
1532894400,7039.1,7018.666843865857,59.73257245780137,2,2,21,20
1532890800,7039.21,7022.401963162974,61.695359817228784,2,2,21,21
1532887200,7020.34,7022.027060769706,61.709905683255464,2,2,21,22
1532883600,7014.7,7020.694867902486,57.66451266543898,2,2,21,23
1532880000,7041.57,7024.49034646567,56.47289273214955,2,3,22,0
1532876400,7040.34,7027.372101653729,60.64540677510218,2,3,22,1
1532872800,7029.94,7027.838992262142,60.36016668817715,2,3,22,2
1532869200,7040.51,7030.142811850843,57.88124163470379,2,3,22,3
1532865600,6998.69,7024.424118787053,59.69307784227186,2,3,22,4
1532862000,6991.12,7018.3688244621335,50.4467319483674,2,3,22,5
1532858400,7001.17,7015.241765469018,48.96811366311347,2,3,22,6
1532854800,7003.35,7013.0796262928325,51.02065029157148,2,3,22,7
1532851200,7017.14,7013.817876057772,51.47655703700526,2,3,22,8
1532847600,7038.33,7018.27462586545,54.36994362767694,2,3,22,9
1532844000,7038.5,7021.951966617186,58.46809573843445,2,3,22,10
1532840400,7035.69,7024.449790868607,58.50029787564888,2,3,22,11
1532836800,7056.0,7030.18619252886,57.703863809324076,2,3,22,12
1532833200,7068.37,7037.128702978159,61.75650042696117,2,3,22,13
1532829600,7073.71,7043.779847891221,64.017854087154,2,3,22,14
1532826000,7080.38,7050.434421001908,64.98052259162961,2,3,22,15
1532822400,7054.49,7051.17179900156,66.19702747220416,2,3,22,16
1532818800,7026.7,7046.7223810012765,57.80342044209559,2,3,22,17
1532815200,7015.62,7041.067402637407,50.414117180100234,2,3,22,18
1532811600,7009.25,7035.282420339697,47.79091826018399,2,3,22,19
1532808000,7042.31,7036.560162096115,46.2993660559962,2,3,22,20
1532804400,7027.36,7034.887405351366,54.2754641884253,2,3,22,21
1532800800,7023.63,7032.840604378391,50.61439329917084,2,3,22,22
1532797200,7017.76,7030.098676309592,49.7133820281673,2,3,22,23
1532793600,6966.0,7018.4443715260295,48.257471443450925,2,4,23,0
1532790000,6993.54,7013.916303975842,37.757171662639344,2,4,23,1
1532786400,6998.12,7011.044248707507,44.65722459656421,2,4,23,2
1532782800,7018.2,7012.345294397051,45.73461284646791,2,4,23,3
1532779200,7020.8,7013.882513597586,50.30262897851455,2,4,23,4
1532775600,7014.98,7014.082056579842,50.879215308840195,2,4,23,5
1532772000,7023.66,7015.8235008380525,49.494928910835576,2,4,23,6
1532768400,7035.7,7019.437409776588,51.609522346441054,2,4,23,7
1532764800,7035.38,7022.33606254448,54.45789272066541,2,4,23,8
1532761200,7029.54,7023.645869354575,54.36629714840216,2,4,23,9
