,Prix,ema,rsi,month,weekday,day,hour
1532901600,7017.5,7011.954174169984,59.57198159036443,2,2,21,18
1532898000,7023.9,7014.126142502714,58.90935121933971,2,2,21,19
1532894400,7039.1,7018.666843865857,59.73257245780137,2,2,21,20
1532890800,7039.21,7022.401963162974,61.695359817228784,2,2,21,21
1532887200,7020.34,7022.027060769706,61.709905683255464,2,2,21,22
1532883600,7014.7,7020.694867902486,57.66451266543898,2,2,21,23
1532880000,7041.57,7024.49034646567,56.47289273214955,2,3,22,0
1532876400,7040.34,7027.372101653729,60.64540677510218,2,3,22,1
1532872800,7029.94,7027.838992262142,60.36016668817715,2,3,22,2
1532869200,7040.51,7030.142811850843,57.88124163470379,2,3,22,3
1532865600,6998.69,7024.424118787053,59.69307784227186,2,3,22,4
1532862000,6991.12,7018.3688244621335,50.4467319483674,2,3,22,5
1532858400,7001.17,7015.241765469018,48.96811366311347,2,3,22,6
1532854800,7003.35,7013.0796262928325,51.02065029157148,2,3,22,7
1532851200,7017.14,7013.817876057772,51.47655703700526,2,3,22,8
1532847600,7038.33,7018.27462586545,54.36994362767694,2,3,22,9
1532844000,7038.5,7021.951966617186,58.46809573843445,2,3,22,10
1532840400,7035.69,7024.449790868607,58.50029787564888,2,3,22,11
1532836800,7056.0,7030.18619252886,57.703863809324076,2,3,22,12
1532833200,7068.37,7037.128702978159,61.75650042696117,2,3,22,13
1532829600,7073.71,7043.779847891221,64.017854087154,2,3,22,14
1532826000,7080.38,7050.434421001908,64.98052259162961,2,3,22,15
1532822400,7054.49,7051.17179900156,66.19702747220416,2,3,22,16
1532818800,7026.7,7046.7223810012765,57.80342044209559,2,3,22,17
1532815200,7015.62,7041.067402637407,50.414117180100234,2,3,22,18
1532811600,7009.25,7035.282420339697,47.79091826018399,2,3,22,19
1532808000,7042.31,7036.560162096115,46.2993660559962,2,3,22,20
1532804400,7027.36,7034.887405351366,54.2754641884253,2,3,22,21
1532800800,7023.63,7032.840604378391,50.61439329917084,2,3,22,22
1532797200,7017.76,7030.098676309592,49.7133820281673,2,3,22,23
1532793600,6966.0,7018.4443715260295,48.257471443450925,2,4,23,0
1532790000,6993.54,7013.916303975842,37.757171662639344,2,4,23,1
1532786400,6998.12,7011.044248707507,44.65722459656421,2,4,23,2
1532782800,7018.2,7012.345294397051,45.73461284646791,2,4,23,3
1532779200,7020.8,7013.882513597586,50.30262897851455,2,4,23,4
1532775600,7014.98,7014.082056579842,50.879215308840195,2,4,23,5
1532772000,7023.66,7015.8235008380525,49.494928910835576,2,4,23,6
1532768400,7035.7,7019.437409776588,51.609522346441054,2,4,23,7
1532764800,7035.38,7022.33606254448,54.45789272066541,2,4,23,8
1532761200,7029.54,7023.645869354575,54.36629714840216,2,4,23,9
1532757600,7022.18,7023.379347653743,52.626627679375524,2,4,23,10
1532754000,7048.86,7028.01219353488,50.4361996266957,2,4,23,11
1532750400,7005.39,7023.899067437628,57.363962051376255,2,4,23,12
1532746800,7014.31,7022.1556006307865,46.06605689179529,2,4,23,13
1532743200,7016.38,7021.105491425189,48.31551979456861,2,4,23,14
1532739600,7013.03,7019.637220256973,48.84868723646469,2,4,23,15
1532736000,7012.86,7018.404998392069,47.98595357617412,2,4,23,16
1532732400,7067.66,7027.360453229874,47.93968269196814,2,4,23,17
1532728800,7078.67,7036.689461733533,60.995964889610406,2,4,23,18
1532725200,7052.93,7039.6422868728905,63.003507243642694,2,4,23,19
1532721600,7043.75,7040.389143805091,55.77570659535485,2,4,23,20
1532718000,7083.7,7048.263844931438,53.42185423399187,2,4,23,21
1532714400,7006.39,7040.650418580268,61.11309347538536,2,4,23,22
1532710800,7017.83,7036.501251565673,45.46678351273533,2,4,23,23
1532707200,6986.02,7027.322842190095,47.60448381982245,2,5,24,0
1532703600,6729.89,6973.244143610077,42.60352202018373,2,5,24,1
1532700000,6766.32,6935.621572044608,22.29460114305519,2,5,24,2
1532696400,6743.25,6900.644922581952,27.58233135323397,2,5,24,3
1532692800,6818.39,6885.689482112506,26.359064537286926,2,5,24,4
1532689200,6841.04,6877.5713944556865,36.272523719068744,2,5,24,5
1532685600,6847.65,6872.131140918289,38.94084673602442,2,5,24,6
1532682000,6858.57,6869.665478933146,39.73390063072277,2,5,24,7
1532678400,6794.76,6856.0463009453015,41.09506161801476,2,5,24,8
1532674800,6791.97,6844.3960644097915,35.98105699131439,2,5,24,9
1532671200,6800.5,6836.414961789829,35.7714488468974,2,5,24,10
1532667600,6811.52,6831.8886051007685,36.98021055924886,2,5,24,11
1532664000,6763.08,6819.377949627901,38.588194410607805,2,5,24,12
1532660400,6761.97,6808.940140604646,34.42962246898895,2,5,24,13
1532656800,6781.62,6803.972842312892,34.33830116711603,2,5,24,14
1532653200,6791.03,6801.619598256002,37.498777932693265,2,5,24,15
1532649600,6813.8,6803.834216754911,39.01265961351097,2,5,24,16
1532646000,6812.3,6805.373450072199,42.63358225368625,2,5,24,17
1532642400,6835.88,6810.9200955136175,42.454761111241105,2,5,24,18
1532638800,6996.92,6844.738259965687,46.269994825445146,2,5,24,19
1532635200,7106.2,6892.276758153743,63.88203499293806,2,5,24,20
1532631600,7073.32,6925.193711216698,70.8618818328739,2,5,24,21
1532628000,7052.56,6948.351218268208,66.68613669373443,2,5,24,22
1532624400,7040.81,6965.161905855806,64.11707104903039,2,5,24,23
1532620800,7043.78,6979.456104791114,62.64601806484841,2,6,25,0
1532617200,7055.86,6993.34772210182,62.87785942575701,2,6,25,1
1532613600,7033.37,7000.624499901489,63.860360419705096,2,6,25,2
1532610000,7036.67,7007.1782271921265,60.64237977358408,2,6,25,3
1532606400,7048.63,7014.714913157194,60.95329757852244,2,6,25,4
1532602800,7083.13,7027.154019855885,62.12122175345468,2,6,25,5
1532599200,7067.95,7034.5714707911775,65.34163059610911,2,6,25,6
1532595600,7048.79,7037.1566579200535,62.81122762264669,2,6,25,7
1532592000,7033.47,7036.4863564800435,59.67024207951878,2,6,25,8
1532588400,7049.3,7038.816109847308,57.20689843142044,2,6,25,9
1532584800,6988.77,7029.716817147797,59.086396018602834,2,6,25,10
1532581200,7010.99,7026.3119413027425,50.0367508460214,2,6,25,11
1532577600,7010.88,7023.506133793153,52.88922899518116,2,6,25,12
1532574000,6981.09,7015.794109467125,52.873135883097746,2,6,25,13
1532570400,7000.91,7013.0879077458285,48.56345714481398,2,6,25,14
1532566800,7010.45,7012.608288155678,51.40169495465098,2,6,25,15
1532563200,6960.1,7003.061326672827,52.75308245558702,2,6,25,16
1532559600,7045.05,7010.6956309141315,45.553371172608706,2,6,25,17
1532556000,7058.95,7019.469152566107,56.372177951605074,2,6,25,18
1532552400,6971.43,7010.734761190451,57.84809410569602,2,6,25,19
1532548800,6951.33,6999.93389551946,47.054289229586196,2,6,25,20
1532545200,6899.54,6981.6804599704665,44.97858838966787,2,6,25,21
1532541600,6941.08,6974.298558157654,40.073394161960245,2,6,25,22
1532538000,6986.95,6976.598820310807,45.23254485063425,2,6,25,23
1532534400,6948.76,6971.537216617933,50.31879360882675,2,0,26,0
1532530800,7008.11,6978.1868135964905,46.450897941302145,2,0,26,1
1532527200,7011.99,6984.332847488038,52.554613263031676,2,0,26,2
1532523600,7012.2,6989.399602490213,52.932325024634515,2,0,26,3
1532520000,6987.85,6989.1178565829005,52.95415534154061,2,0,26,4
1532516400,7023.07,6995.290973567828,50.055141164291825,2,0,26,5
1532512800,7038.96,7003.2307965554955,53.97956648369067,2,0,26,6
1532509200,7096.74,7020.232469909041,55.671891251564716,2,0,26,7
1532505600,7136.35,7041.344748107397,61.25175243473754,2,0,26,8
1532502000,7128.23,7057.142066633325,64.54645245283047,2,0,26,9
1532498400,7214.72,7085.79259997272,63.35714193265165,2,0,26,10
1532494800,7204.46,7107.368490886771,69.75058028172441,2,0,26,11
1532491200,7146.9,7114.556037998267,68.22973521203039,2,0,26,12
1532487600,7132.27,7117.776758362219,60.2878266097125,2,0,26,13
1532484000,7191.24,7131.1337113872705,58.42630598656329,2,0,26,14
1532480400,7192.32,7142.25849113504,63.33994075111964,2,0,26,15
1532476800,7192.23,7151.344220019577,63.42520039667765,2,0,26,16
1532473200,7117.04,7145.107089106926,63.41196536419862,2,0,26,17
1532469600,7063.01,7130.180345632939,53.38859235493922,2,0,26,18
1532466000,7040.3,7113.838464608768,47.56979151504393,2,0,26,19
1532462400,7054.82,7103.107834679901,45.33329042047633,2,0,26,20
1532458800,7062.72,7095.764592010828,47.0474792917107,2,0,26,21
1532455200,7047.72,7087.029211645222,48.00282518895497,2,0,26,22
1532451600,6998.16,7070.8711731642725,46.294948690598794,2,0,26,23
1532448000,7002.83,7058.500050770768,41.092828078380705,2,1,27,0
1532444400,6981.07,7044.421859721538,41.756970215110435,2,1,27,1
1532440800,7043.63,7044.277885226712,39.5210903080257,2,1,27,2
1532437200,7023.92,7040.576451549127,48.12167490637315,2,1,27,3
1532433600,7035.41,7039.637096722013,45.906671533428664,2,1,27,4
1532430000,6939.26,7021.386715499829,47.42590170776631,2,1,27,5
1532426400,6854.05,6990.961858136224,37.84683174782647,2,1,27,6
1532422800,6835.19,6962.639702111455,31.73026868242728,2,1,27,7
1532419200,6848.8,6941.941574454827,30.553281857557465,2,1,27,8
1532415600,6838.92,6923.210379099404,32.49912737934363,2,1,27,9
1532412000,6817.4,6903.972128354058,31.80249865506127,2,1,27,10
1532408400,6717.91,6870.142650471502,30.280004550331256,2,1,27,11
1532404800,6628.54,6826.2148958403195,24.451883733786786,2,1,27,12
1532401200,6616.87,6788.152187505715,20.613701407016734,2,1,27,13
1532397600,6616.19,6756.886335231948,20.16850588542593,2,1,27,14
1532394000,6601.53,6728.639728826139,20.14120962860467,2,1,27,15
1532390400,6600.05,6705.259778130478,19.527605732670267,2,1,27,16
1532386800,6603.01,6686.668909379481,19.463140152247334,2,1,27,17
1532383200,6631.13,6676.570925855938,20.031745831450024,2,1,27,18
1532379600,6587.56,6660.3871211548585,25.418832550159763,2,1,27,19
1532376000,6621.88,6653.385826399429,22.850299408110843,2,1,27,20
1532372400,6624.19,6648.077494326805,28.941333489526457,2,1,27,21
1532368800,6609.09,6640.988858994659,29.345671844398822,2,1,27,22
1532365200,6610.57,6635.458157359266,28.215447944459513,2,1,27,23
1532361600,6600.5,6629.10212874849,28.506090316152708,2,2,28,0
1532358000,6577.26,6619.676287157855,27.684753971559033,2,2,28,1
1532354400,6594.6,6615.116962220062,25.834724863786647,2,2,28,2
1532350800,6570.0,6606.91387818005,29.61411001365292,2,2,28,3
1532347200,6556.37,6597.724082147313,27.475019111481373,2,2,28,4
1532343600,6555.29,6590.008794484165,26.339778031705663,2,2,28,5
1532340000,6581.29,6588.423559123407,26.2472344660264,2,2,28,6
1532336400,6578.17,6586.559275646423,32.40447785261739,2,2,28,7
1532332800,6605.52,6590.006680074345,32.05860335704895,2,2,28,8
1532329200,6549.7,6582.6781927881,38.27790459018703,2,2,28,9
1532325600,6519.49,6571.1894304629905,31.86643253425116,2,2,28,10
1532322000,6534.09,6564.444079469718,29.032202124623723,2,2,28,11
1532318400,6494.8,6551.781519566133,32.171971261648935,2,2,28,12
1532314800,6492.32,6540.9703341904715,28.51573080789612,2,2,28,13
1532311200,6397.29,6514.846637064931,28.297128980971067,2,2,28,14
1532307600,6357.37,6486.214521234944,21.49671785677164,2,2,28,15
1532304000,6302.48,6452.808244646772,19.388780171468625,2,2,28,16
1532300400,6317.6,6428.224927438268,16.930443656128944,2,2,28,17
