,Prix,ema,rsi,month,weekday,day,hour
1532566800,7010.45,7012.608288155678,51.40169495465098,2,6,25,15
1532563200,6960.1,7003.061326672827,52.75308245558702,2,6,25,16
1532559600,7045.05,7010.6956309141315,45.553371172608706,2,6,25,17
1532556000,7058.95,7019.469152566107,56.372177951605074,2,6,25,18
1532552400,6971.43,7010.734761190451,57.84809410569602,2,6,25,19
1532548800,6951.33,6999.93389551946,47.054289229586196,2,6,25,20
1532545200,6899.54,6981.6804599704665,44.97858838966787,2,6,25,21
1532541600,6941.08,6974.298558157654,40.073394161960245,2,6,25,22
1532538000,6986.95,6976.598820310807,45.23254485063425,2,6,25,23
1532534400,6948.76,6971.537216617933,50.31879360882675,2,0,26,0
1532530800,7008.11,6978.1868135964905,46.450897941302145,2,0,26,1
1532527200,7011.99,6984.332847488038,52.554613263031676,2,0,26,2
1532523600,7012.2,6989.399602490213,52.932325024634515,2,0,26,3
1532520000,6987.85,6989.1178565829005,52.95415534154061,2,0,26,4
1532516400,7023.07,6995.290973567828,50.055141164291825,2,0,26,5
1532512800,7038.96,7003.2307965554955,53.97956648369067,2,0,26,6
1532509200,7096.74,7020.232469909041,55.671891251564716,2,0,26,7
1532505600,7136.35,7041.344748107397,61.25175243473754,2,0,26,8
1532502000,7128.23,7057.142066633325,64.54645245283047,2,0,26,9
1532498400,7214.72,7085.79259997272,63.35714193265165,2,0,26,10
1532494800,7204.46,7107.368490886771,69.75058028172441,2,0,26,11
1532491200,7146.9,7114.556037998267,68.22973521203039,2,0,26,12
1532487600,7132.27,7117.776758362219,60.2878266097125,2,0,26,13
1532484000,7191.24,7131.1337113872705,58.42630598656329,2,0,26,14
1532480400,7192.32,7142.25849113504,63.33994075111964,2,0,26,15
1532476800,7192.23,7151.344220019577,63.42520039667765,2,0,26,16
1532473200,7117.04,7145.107089106926,63.41196536419862,2,0,26,17
1532469600,7063.01,7130.180345632939,53.38859235493922,2,0,26,18
1532466000,7040.3,7113.838464608768,47.56979151504393,2,0,26,19
1532462400,7054.82,7103.107834679901,45.33329042047633,2,0,26,20
1532458800,7062.72,7095.764592010828,47.0474792917107,2,0,26,21
1532455200,7047.72,7087.029211645222,48.00282518895497,2,0,26,22
1532451600,6998.16,7070.8711731642725,46.294948690598794,2,0,26,23
1532448000,7002.83,7058.500050770768,41.092828078380705,2,1,27,0
1532444400,6981.07,7044.421859721538,41.756970215110435,2,1,27,1
1532440800,7043.63,7044.277885226712,39.5210903080257,2,1,27,2
1532437200,7023.92,7040.576451549127,48.12167490637315,2,1,27,3
1532433600,7035.41,7039.637096722013,45.906671533428664,2,1,27,4
1532430000,6939.26,7021.386715499829,47.42590170776631,2,1,27,5
1532426400,6854.05,6990.961858136224,37.84683174782647,2,1,27,6
1532422800,6835.19,6962.639702111455,31.73026868242728,2,1,27,7
1532419200,6848.8,6941.941574454827,30.553281857557465,2,1,27,8
1532415600,6838.92,6923.210379099404,32.49912737934363,2,1,27,9
1532412000,6817.4,6903.972128354058,31.80249865506127,2,1,27,10
1532408400,6717.91,6870.142650471502,30.280004550331256,2,1,27,11
1532404800,6628.54,6826.2148958403195,24.451883733786786,2,1,27,12
1532401200,6616.87,6788.152187505715,20.613701407016734,2,1,27,13
1532397600,6616.19,6756.886335231948,20.16850588542593,2,1,27,14
1532394000,6601.53,6728.639728826139,20.14120962860467,2,1,27,15
1532390400,6600.05,6705.259778130478,19.527605732670267,2,1,27,16
1532386800,6603.01,6686.668909379481,19.463140152247334,2,1,27,17
1532383200,6631.13,6676.570925855938,20.031745831450024,2,1,27,18
1532379600,6587.56,6660.3871211548585,25.418832550159763,2,1,27,19
1532376000,6621.88,6653.385826399429,22.850299408110843,2,1,27,20
1532372400,6624.19,6648.077494326805,28.941333489526457,2,1,27,21
1532368800,6609.09,6640.988858994659,29.345671844398822,2,1,27,22
1532365200,6610.57,6635.458157359266,28.215447944459513,2,1,27,23
1532361600,6600.5,6629.10212874849,28.506090316152708,2,2,28,0
1532358000,6577.26,6619.676287157855,27.684753971559033,2,2,28,1
1532354400,6594.6,6615.116962220062,25.834724863786647,2,2,28,2
1532350800,6570.0,6606.91387818005,29.61411001365292,2,2,28,3
1532347200,6556.37,6597.724082147313,27.475019111481373,2,2,28,4
1532343600,6555.29,6590.008794484165,26.339778031705663,2,2,28,5
1532340000,6581.29,6588.423559123407,26.2472344660264,2,2,28,6
1532336400,6578.17,6586.559275646423,32.40447785261739,2,2,28,7
1532332800,6605.52,6590.006680074345,32.05860335704895,2,2,28,8
1532329200,6549.7,6582.6781927881,38.27790459018703,2,2,28,9
1532325600,6519.49,6571.1894304629905,31.86643253425116,2,2,28,10
1532322000,6534.09,6564.444079469718,29.032202124623723,2,2,28,11
1532318400,6494.8,6551.781519566133,32.171971261648935,2,2,28,12
1532314800,6492.32,6540.9703341904715,28.51573080789612,2,2,28,13
1532311200,6397.29,6514.846637064931,28.297128980971067,2,2,28,14
1532307600,6357.37,6486.214521234944,21.49671785677164,2,2,28,15
1532304000,6302.48,6452.808244646772,19.388780171468625,2,2,28,16
1532300400,6317.6,6428.224927438268,16.930443656128944,2,2,28,17
1532296800,6284.93,6402.171304267674,19.941651386692257,2,2,28,18
1532293200,6409.25,6403.45833985537,18.390433450241815,2,2,28,19
1532289600,6410.83,6404.798641699847,38.11727918986857,2,2,28,20
1532286000,6404.8,6404.79888866351,38.321336567040774,2,2,28,21
1532282400,6393.02,6402.657272542872,37.80892125945799,2,2,28,22
1532278800,6401.29,6402.408677535077,36.77439934054004,2,2,28,23
1532275200,6406.86,6403.218008892335,38.055817396468676,3,3,1,0
1532271600,6367.42,6396.7092800028195,38.95323564066191,3,3,1,1
1532268000,6354.39,6389.014865456852,35.078020326523884,3,3,1,2
1532264400,6337.61,6379.668526282879,33.87887058986131,3,3,1,3
1532260800,6346.48,6373.634248776901,32.345374243647285,3,3,1,4
1532257200,6353.23,6369.924385362918,34.04486490520057,3,3,1,5
1532253600,6334.39,6363.463588024205,35.37527289710654,3,3,1,6
1532250000,6340.84,6359.35020838344,33.35302993303097,3,3,1,7
1532246400,6304.51,6349.379261404632,34.72871553819854,3,3,1,8
1532242800,6292.09,6338.963032058335,30.864286070700757,3,3,1,9
1532239200,6304.11,6332.626117138638,29.64962060016302,3,3,1,10
1532235600,6304.0,6327.421368567976,32.421513625340225,3,3,1,11
1532232000,6322.18,6326.468392464707,32.40892878821721,3,3,1,12
1532228400,6329.32,6326.986866562032,36.77686433699757,3,3,1,13
1532224800,6358.23,6332.667436278027,38.45892248226939,3,3,1,14
1532221200,6335.83,6333.24244786384,44.85621366477175,3,3,1,15
1532217600,6303.27,6327.792911888597,41.27596745134735,3,3,1,16
1532214000,6312.9,6325.085109727033,36.69161338578331,3,3,1,17
1532210400,6305.13,6321.456907958482,38.85468381575473,3,3,1,18
1532206800,6301.37,6317.804742875121,37.734404468117845,3,3,1,19
1532203200,6318.39,6317.9111532614625,37.17581219281351,3,3,1,20
1532199600,6327.82,6319.712761759378,41.40424990625119,3,3,1,21
1532196000,6317.98,6319.397714166764,43.66658010385384,3,3,1,22
1532192400,6304.06,6316.609038863715,41.85080611254718,3,3,1,23
1532188800,6308.4,6315.1164863430395,39.35753599142094,3,4,2,0
1532185200,6260.04,6305.102579735213,40.546793668957655,3,4,2,1
1532181600,6260.48,6296.989383419719,32.822597170130095,3,4,2,2
1532178000,6256.99,6289.716768252497,32.94775590983568,3,4,2,3
1532174400,6234.66,6279.706446752043,32.431620031997014,3,4,2,4
1532170800,6223.31,6269.45254734258,29.27197553021007,3,4,2,5
1532167200,6234.54,6263.10481146211,27.789971119899405,3,4,2,6
1532163600,6233.37,6257.698482105362,31.48608081377452,3,4,2,7
1532160000,6248.62,6256.047848995296,31.30628908300018,3,4,2,8
1532156400,6258.34,6256.464603723423,36.403721486205484,3,4,2,9
1532152800,6244.93,6254.367403046437,39.485997189769506,3,4,2,10
1532149200,6217.76,6247.711511583448,36.83364224389729,3,4,2,11
1532145600,6204.38,6239.833054931912,32.12517476801628,3,4,2,12
1532142000,6203.32,6233.194317671564,30.08557750719551,3,4,2,13
1532138400,6185.53,6224.528078094915,29.923491463539804,3,4,2,14
1532134800,6164.83,6213.673882077657,27.26827628982005,3,4,2,15
1532131200,6249.73,6220.22953988172,24.539701782875056,3,4,2,16
1532127600,6273.25,6229.869623539588,47.668879512686985,3,4,2,17
1532124000,6232.35,6230.320601077845,52.053323215449446,3,4,2,18
1532120400,6279.18,6239.2041281546,44.99376570206796,3,4,2,19
1532116800,6245.89,6240.419741217399,52.874559673463374,3,4,2,20
1532113200,6279.69,6247.559788268781,47.648421388553864,3,4,2,21
1532109600,6260.83,6249.972554038093,52.75444349541314,3,4,2,22
1532106000,6385.49,6274.612089667531,49.83374894530065,3,4,2,23
1532102400,6385.17,6294.713527909798,64.0150977501221,3,5,3,0
1532098800,6389.48,6311.943795562562,63.965110806010166,3,5,3,1
1532095200,6383.49,6324.952196369368,64.36868004948744,3,5,3,2
1532091600,6385.7,6335.997251574937,63.30751155324485,3,5,3,3
1532088000,6428.4,6352.797751288585,63.54629354554894,3,5,3,4
1532084400,6409.95,6363.189069236114,67.89374146929914,3,5,3,5
1532080800,6392.34,6368.489238465911,64.32413897180453,3,5,3,6
1532077200,6416.52,6377.222104199382,61.026117172761765,3,5,3,7
1532073600,6391.89,6379.8889943449485,63.77272605058698,3,5,3,8
1532070000,6341.61,6372.929177191321,59.19645594840128,3,5,3,9
1532066400,6365.47,6371.5729631565355,51.13023687486555,3,5,3,10
1532062800,6401.22,6376.963333491711,54.31178400057808,3,5,3,11
1532059200,6404.45,6381.96090922049,58.654999859214186,3,5,3,12
1532055600,6407.27,6386.562562089492,59.03391575739664,3,5,3,13
1532052000,6406.35,6390.160278073221,59.38390066088782,3,5,3,14
1532048400,6362.4,6385.112954787181,59.206189227801794,3,5,3,15
1532044800,6418.26,6391.13969028042,51.30705536526249,3,5,3,16
1532041200,6425.65,6397.414292047616,58.82607720024703,3,5,3,17
1532037600,6386.57,6395.442602584413,59.71240593684014,3,5,3,18
1532034000,6382.46,6393.082129387247,53.191477444516366,3,5,3,19
1532030400,6414.52,6396.979924044112,52.54161677991055,3,5,3,20
1532026800,6378.39,6393.599937854273,56.959017087252825,3,5,3,21
1532023200,6371.17,6389.521767335314,51.177736844826015,3,5,3,22
1532019600,6354.07,6383.075991456166,50.083749520781346,3,5,3,23
1532016000,6369.95,6380.689447555044,47.49424995352851,3,6,4,0
1532012400,6421.85,6388.173184363218,50.075735819778146,3,6,4,1
1532008800,6447.04,6398.876241751723,57.44053035537178,3,6,4,2
1532005200,6400.51,6399.173288705954,60.48724491679769,3,6,4,3
1532001600,6394.3,6398.287236213962,52.94728822666791,3,6,4,4
1531998000,6368.41,6392.855011447788,52.01536543628427,3,6,4,5
1531994400,6372.44,6389.143191184552,48.20592030450496,3,6,4,6
1531990800,6308.89,6374.55170187827,48.83407781083039,3,6,4,7
1531987200,6294.41,6359.980483354948,40.49393309839149,3,6,4,8
1531983600,6314.24,6351.664031835866,38.865202625135844,3,6,4,9
1531980000,6295.16,6341.390571502072,42.28861780884354,3,6,4,10
1531976400,6284.74,6331.090467592604,39.969412483854846,3,6,4,11
1531972800,6287.13,6323.09765530304,38.72050364702324,3,6,4,12
1531969200,6293.81,6317.772627066123,39.18985050024841,3,6,4,13
1531965600,6276.02,6310.181240326828,40.56016287234027,3,6,4,14
