,Prix,ema,rsi,month,weekday,day,hour
1532412000,6817.4,6903.972128354058,31.80249865506127,2,1,27,10
1532408400,6717.91,6870.142650471502,30.280004550331256,2,1,27,11
1532404800,6628.54,6826.2148958403195,24.451883733786786,2,1,27,12
1532401200,6616.87,6788.152187505715,20.613701407016734,2,1,27,13
1532397600,6616.19,6756.886335231948,20.16850588542593,2,1,27,14
1532394000,6601.53,6728.639728826139,20.14120962860467,2,1,27,15
1532390400,6600.05,6705.259778130478,19.527605732670267,2,1,27,16
1532386800,6603.01,6686.668909379481,19.463140152247334,2,1,27,17
1532383200,6631.13,6676.570925855938,20.031745831450024,2,1,27,18
1532379600,6587.56,6660.3871211548585,25.418832550159763,2,1,27,19
1532376000,6621.88,6653.385826399429,22.850299408110843,2,1,27,20
1532372400,6624.19,6648.077494326805,28.941333489526457,2,1,27,21
1532368800,6609.09,6640.988858994659,29.345671844398822,2,1,27,22
1532365200,6610.57,6635.458157359266,28.215447944459513,2,1,27,23
1532361600,6600.5,6629.10212874849,28.506090316152708,2,2,28,0
1532358000,6577.26,6619.676287157855,27.684753971559033,2,2,28,1
1532354400,6594.6,6615.116962220062,25.834724863786647,2,2,28,2
1532350800,6570.0,6606.91387818005,29.61411001365292,2,2,28,3
1532347200,6556.37,6597.724082147313,27.475019111481373,2,2,28,4
1532343600,6555.29,6590.008794484165,26.339778031705663,2,2,28,5
1532340000,6581.29,6588.423559123407,26.2472344660264,2,2,28,6
1532336400,6578.17,6586.559275646423,32.40447785261739,2,2,28,7
1532332800,6605.52,6590.006680074345,32.05860335704895,2,2,28,8
1532329200,6549.7,6582.6781927881,38.27790459018703,2,2,28,9
1532325600,6519.49,6571.1894304629905,31.86643253425116,2,2,28,10
1532322000,6534.09,6564.444079469718,29.032202124623723,2,2,28,11
1532318400,6494.8,6551.781519566133,32.171971261648935,2,2,28,12
1532314800,6492.32,6540.9703341904715,28.51573080789612,2,2,28,13
1532311200,6397.29,6514.846637064931,28.297128980971067,2,2,28,14
1532307600,6357.37,6486.214521234944,21.49671785677164,2,2,28,15
1532304000,6302.48,6452.808244646772,19.388780171468625,2,2,28,16
1532300400,6317.6,6428.224927438268,16.930443656128944,2,2,28,17
1532296800,6284.93,6402.171304267674,19.941651386692257,2,2,28,18
1532293200,6409.25,6403.45833985537,18.390433450241815,2,2,28,19
1532289600,6410.83,6404.798641699847,38.11727918986857,2,2,28,20
1532286000,6404.8,6404.79888866351,38.321336567040774,2,2,28,21
1532282400,6393.02,6402.657272542872,37.80892125945799,2,2,28,22
1532278800,6401.29,6402.408677535077,36.77439934054004,2,2,28,23
1532275200,6406.86,6403.218008892335,38.055817396468676,3,3,1,0
1532271600,6367.42,6396.7092800028195,38.95323564066191,3,3,1,1
1532268000,6354.39,6389.014865456852,35.078020326523884,3,3,1,2
1532264400,6337.61,6379.668526282879,33.87887058986131,3,3,1,3
1532260800,6346.48,6373.634248776901,32.345374243647285,3,3,1,4
1532257200,6353.23,6369.924385362918,34.04486490520057,3,3,1,5
1532253600,6334.39,6363.463588024205,35.37527289710654,3,3,1,6
1532250000,6340.84,6359.35020838344,33.35302993303097,3,3,1,7
1532246400,6304.51,6349.379261404632,34.72871553819854,3,3,1,8
1532242800,6292.09,6338.963032058335,30.864286070700757,3,3,1,9
1532239200,6304.11,6332.626117138638,29.64962060016302,3,3,1,10
1532235600,6304.0,6327.421368567976,32.421513625340225,3,3,1,11
1532232000,6322.18,6326.468392464707,32.40892878821721,3,3,1,12
1532228400,6329.32,6326.986866562032,36.77686433699757,3,3,1,13
1532224800,6358.23,6332.667436278027,38.45892248226939,3,3,1,14
1532221200,6335.83,6333.24244786384,44.85621366477175,3,3,1,15
1532217600,6303.27,6327.792911888597,41.27596745134735,3,3,1,16
1532214000,6312.9,6325.085109727033,36.69161338578331,3,3,1,17
1532210400,6305.13,6321.456907958482,38.85468381575473,3,3,1,18
1532206800,6301.37,6317.804742875121,37.734404468117845,3,3,1,19
1532203200,6318.39,6317.9111532614625,37.17581219281351,3,3,1,20
1532199600,6327.82,6319.712761759378,41.40424990625119,3,3,1,21
1532196000,6317.98,6319.397714166764,43.66658010385384,3,3,1,22
1532192400,6304.06,6316.609038863715,41.85080611254718,3,3,1,23
1532188800,6308.4,6315.1164863430395,39.35753599142094,3,4,2,0
1532185200,6260.04,6305.102579735213,40.546793668957655,3,4,2,1
1532181600,6260.48,6296.989383419719,32.822597170130095,3,4,2,2
1532178000,6256.99,6289.716768252497,32.94775590983568,3,4,2,3
1532174400,6234.66,6279.706446752043,32.431620031997014,3,4,2,4
1532170800,6223.31,6269.45254734258,29.27197553021007,3,4,2,5
1532167200,6234.54,6263.10481146211,27.789971119899405,3,4,2,6
1532163600,6233.37,6257.698482105362,31.48608081377452,3,4,2,7
1532160000,6248.62,6256.047848995296,31.30628908300018,3,4,2,8
1532156400,6258.34,6256.464603723423,36.403721486205484,3,4,2,9
1532152800,6244.93,6254.367403046437,39.485997189769506,3,4,2,10
1532149200,6217.76,6247.711511583448,36.83364224389729,3,4,2,11
1532145600,6204.38,6239.833054931912,32.12517476801628,3,4,2,12
1532142000,6203.32,6233.194317671564,30.08557750719551,3,4,2,13
1532138400,6185.53,6224.528078094915,29.923491463539804,3,4,2,14
1532134800,6164.83,6213.673882077657,27.26827628982005,3,4,2,15
1532131200,6249.73,6220.22953988172,24.539701782875056,3,4,2,16
1532127600,6273.25,6229.869623539588,47.668879512686985,3,4,2,17
1532124000,6232.35,6230.320601077845,52.053323215449446,3,4,2,18
1532120400,6279.18,6239.2041281546,44.99376570206796,3,4,2,19
1532116800,6245.89,6240.419741217399,52.874559673463374,3,4,2,20
1532113200,6279.69,6247.559788268781,47.648421388553864,3,4,2,21
1532109600,6260.83,6249.972554038093,52.75444349541314,3,4,2,22
1532106000,6385.49,6274.612089667531,49.83374894530065,3,4,2,23
1532102400,6385.17,6294.713527909798,64.0150977501221,3,5,3,0
1532098800,6389.48,6311.943795562562,63.965110806010166,3,5,3,1
1532095200,6383.49,6324.952196369368,64.36868004948744,3,5,3,2
1532091600,6385.7,6335.997251574937,63.30751155324485,3,5,3,3
1532088000,6428.4,6352.797751288585,63.54629354554894,3,5,3,4
1532084400,6409.95,6363.189069236114,67.89374146929914,3,5,3,5
1532080800,6392.34,6368.489238465911,64.32413897180453,3,5,3,6
1532077200,6416.52,6377.222104199382,61.026117172761765,3,5,3,7
1532073600,6391.89,6379.8889943449485,63.77272605058698,3,5,3,8
1532070000,6341.61,6372.929177191321,59.19645594840128,3,5,3,9
1532066400,6365.47,6371.5729631565355,51.13023687486555,3,5,3,10
1532062800,6401.22,6376.963333491711,54.31178400057808,3,5,3,11
1532059200,6404.45,6381.96090922049,58.654999859214186,3,5,3,12
1532055600,6407.27,6386.562562089492,59.03391575739664,3,5,3,13
1532052000,6406.35,6390.160278073221,59.38390066088782,3,5,3,14
1532048400,6362.4,6385.112954787181,59.206189227801794,3,5,3,15
1532044800,6418.26,6391.13969028042,51.30705536526249,3,5,3,16
1532041200,6425.65,6397.414292047616,58.82607720024703,3,5,3,17
1532037600,6386.57,6395.442602584413,59.71240593684014,3,5,3,18
1532034000,6382.46,6393.082129387247,53.191477444516366,3,5,3,19
1532030400,6414.52,6396.979924044112,52.54161677991055,3,5,3,20
1532026800,6378.39,6393.599937854273,56.959017087252825,3,5,3,21
1532023200,6371.17,6389.521767335314,51.177736844826015,3,5,3,22
1532019600,6354.07,6383.075991456166,50.083749520781346,3,5,3,23
1532016000,6369.95,6380.689447555044,47.49424995352851,3,6,4,0
1532012400,6421.85,6388.173184363218,50.075735819778146,3,6,4,1
1532008800,6447.04,6398.876241751723,57.44053035537178,3,6,4,2
1532005200,6400.51,6399.173288705954,60.48724491679769,3,6,4,3
1532001600,6394.3,6398.287236213962,52.94728822666791,3,6,4,4
1531998000,6368.41,6392.855011447788,52.01536543628427,3,6,4,5
1531994400,6372.44,6389.143191184552,48.20592030450496,3,6,4,6
1531990800,6308.89,6374.55170187827,48.83407781083039,3,6,4,7
1531987200,6294.41,6359.980483354948,40.49393309839149,3,6,4,8
1531983600,6314.24,6351.664031835866,38.865202625135844,3,6,4,9
1531980000,6295.16,6341.390571502072,42.28861780884354,3,6,4,10
1531976400,6284.74,6331.090467592604,39.969412483854846,3,6,4,11
1531972800,6287.13,6323.09765530304,38.72050364702324,3,6,4,12
1531969200,6293.81,6317.772627066123,39.18985050024841,3,6,4,13
1531965600,6276.02,6310.181240326828,40.56016287234027,3,6,4,14
1531962000,6299.35,6308.2119239037675,38.09793036689079,3,6,4,15
1531958400,6328.07,6311.8224831939915,42.98596860613619,3,6,4,16
1531954800,6321.54,6313.589304431447,48.38887148414637,3,6,4,17
1531951200,6298.87,6310.913067262093,47.29152899640655,3,6,4,18
1531947600,6295.1,6308.03796412353,43.595295886476364,3,6,4,19
1531944000,6334.23,6312.800152464706,42.99349440044974,3,6,4,20
1531940400,6376.02,6324.2946701983965,50.61380045239097,3,6,4,21
1531936800,6435.08,6344.437457435051,57.19479829298331,3,6,4,22
1531933200,6380.11,6350.923374265041,64.41236800465677,3,6,4,23
1531929600,6376.36,6355.54821530776,55.099947065092955,3,0,5,0
1531926000,6391.07,6362.00672161544,54.52085685894669,3,0,5,1
1531922400,6399.94,6368.903681321723,56.45419342875329,3,0,5,2
1531918800,6402.52,6375.015739263227,57.623991418054146,3,0,5,3
1531915200,6378.76,6375.69651394264,57.97760271025246,3,0,5,4
1531911600,6367.96,6374.289875043978,53.546153559893234,3,0,5,5
1531908000,6361.96,6372.0480795814365,51.614971532423745,3,0,5,6
1531904400,6343.1,6366.784792384811,50.52475853145227,3,0,5,7
1531900800,6392.56,6371.47119376939,47.153263370710306,3,0,5,8
1546300800,3247.79,5803.529158538591,55.53337118711214,3,0,5,9
1546297200,3251.02,5339.436584258847,4.68318837783869,3,0,5,10
1546293600,3236.68,4957.117205302693,4.779630478313081,3,0,5,11
1546290000,3243.83,4645.610440702203,4.756619932634038,3,0,5,12
1546286400,3257.53,4393.232178756348,5.002196956306136,3,0,5,13
1546282800,3315.95,4197.362691709739,5.5049574748451136,3,0,5,14
1546279200,3312.38,4036.4567477625133,7.747050022252168,3,0,5,15
1546275600,3319.64,3906.1264299875106,7.734972033940579,3,0,5,16
1546272000,3340.8,3803.3398063534178,8.048927559962891,3,0,5,17
1546268400,3349.18,3720.765296107342,9.020639678277263,3,0,5,18
1546264800,3323.65,3648.562514996916,9.428849774485997,3,0,5,19
1546261200,3325.45,3589.814784997476,9.292062882255706,3,0,5,20
1546257600,3317.49,3540.3011877252075,9.391869493395745,3,0,5,21
1546254000,3363.19,3508.0991535933513,9.342911736505343,3,0,5,22
1546250400,3366.92,3482.4302165763784,12.17353884680837,3,0,5,23
1546246800,3355.37,3459.3283590170367,12.413916073167513,3,1,6,0
1546243200,3358.34,3440.966839195757,12.30163959770806,3,1,6,1
1546239600,3358.11,3425.901959341983,12.520740523444502,3,1,6,2
1546236000,3349.12,3411.941603097986,12.518132278675267,3,1,6,3
1546232400,3351.66,3400.9813116256246,12.409318771167747,3,1,6,4
1546228800,3343.23,3390.481073148238,12.640372379702626,3,1,6,5
1546225200,3337.3,3380.8117871212858,12.522308300352236,3,1,6,6
1546221600,3358.72,3376.795098553779,12.434326672796757,3,1,6,7
1546218000,3383.41,3377.9978079076373,14.763922145345404,3,1,6,8
1546214400,3392.27,3380.5927519244306,17.488792668294025,3,1,6,9
