,Prix,ema,rsi,month,weekday,day,hour
1532134800,6164.83,6213.673882077657,27.26827628982005,3,4,2,15
1532131200,6249.73,6220.22953988172,24.539701782875056,3,4,2,16
1532127600,6273.25,6229.869623539588,47.668879512686985,3,4,2,17
1532124000,6232.35,6230.320601077845,52.053323215449446,3,4,2,18
1532120400,6279.18,6239.2041281546,44.99376570206796,3,4,2,19
1532116800,6245.89,6240.419741217399,52.874559673463374,3,4,2,20
1532113200,6279.69,6247.559788268781,47.648421388553864,3,4,2,21
1532109600,6260.83,6249.972554038093,52.75444349541314,3,4,2,22
1532106000,6385.49,6274.612089667531,49.83374894530065,3,4,2,23
1532102400,6385.17,6294.713527909798,64.0150977501221,3,5,3,0
1532098800,6389.48,6311.943795562562,63.965110806010166,3,5,3,1
1532095200,6383.49,6324.952196369368,64.36868004948744,3,5,3,2
1532091600,6385.7,6335.997251574937,63.30751155324485,3,5,3,3
1532088000,6428.4,6352.797751288585,63.54629354554894,3,5,3,4
1532084400,6409.95,6363.189069236114,67.89374146929914,3,5,3,5
1532080800,6392.34,6368.489238465911,64.32413897180453,3,5,3,6
1532077200,6416.52,6377.222104199382,61.026117172761765,3,5,3,7
1532073600,6391.89,6379.8889943449485,63.77272605058698,3,5,3,8
1532070000,6341.61,6372.929177191321,59.19645594840128,3,5,3,9
1532066400,6365.47,6371.5729631565355,51.13023687486555,3,5,3,10
1532062800,6401.22,6376.963333491711,54.31178400057808,3,5,3,11
1532059200,6404.45,6381.96090922049,58.654999859214186,3,5,3,12
1532055600,6407.27,6386.562562089492,59.03391575739664,3,5,3,13
1532052000,6406.35,6390.160278073221,59.38390066088782,3,5,3,14
1532048400,6362.4,6385.112954787181,59.206189227801794,3,5,3,15
1532044800,6418.26,6391.13969028042,51.30705536526249,3,5,3,16
1532041200,6425.65,6397.414292047616,58.82607720024703,3,5,3,17
1532037600,6386.57,6395.442602584413,59.71240593684014,3,5,3,18
1532034000,6382.46,6393.082129387247,53.191477444516366,3,5,3,19
1532030400,6414.52,6396.979924044112,52.54161677991055,3,5,3,20
1532026800,6378.39,6393.599937854273,56.959017087252825,3,5,3,21
1532023200,6371.17,6389.521767335314,51.177736844826015,3,5,3,22
1532019600,6354.07,6383.075991456166,50.083749520781346,3,5,3,23
1532016000,6369.95,6380.689447555044,47.49424995352851,3,6,4,0
1532012400,6421.85,6388.173184363218,50.075735819778146,3,6,4,1
1532008800,6447.04,6398.876241751723,57.44053035537178,3,6,4,2
1532005200,6400.51,6399.173288705954,60.48724491679769,3,6,4,3
1532001600,6394.3,6398.287236213962,52.94728822666791,3,6,4,4
1531998000,6368.41,6392.855011447788,52.01536543628427,3,6,4,5
1531994400,6372.44,6389.143191184552,48.20592030450496,3,6,4,6
1531990800,6308.89,6374.55170187827,48.83407781083039,3,6,4,7
1531987200,6294.41,6359.980483354948,40.49393309839149,3,6,4,8
1531983600,6314.24,6351.664031835866,38.865202625135844,3,6,4,9
1531980000,6295.16,6341.390571502072,42.28861780884354,3,6,4,10
1531976400,6284.74,6331.090467592604,39.969412483854846,3,6,4,11
1531972800,6287.13,6323.09765530304,38.72050364702324,3,6,4,12
1531969200,6293.81,6317.772627066123,39.18985050024841,3,6,4,13
1531965600,6276.02,6310.181240326828,40.56016287234027,3,6,4,14
1531962000,6299.35,6308.2119239037675,38.09793036689079,3,6,4,15
1531958400,6328.07,6311.8224831939915,42.98596860613619,3,6,4,16
1531954800,6321.54,6313.589304431447,48.38887148414637,3,6,4,17
1531951200,6298.87,6310.913067262093,47.29152899640655,3,6,4,18
1531947600,6295.1,6308.03796412353,43.595295886476364,3,6,4,19
1531944000,6334.23,6312.800152464706,42.99349440044974,3,6,4,20
1531940400,6376.02,6324.2946701983965,50.61380045239097,3,6,4,21
1531936800,6435.08,6344.437457435051,57.19479829298331,3,6,4,22
1531933200,6380.11,6350.923374265041,64.41236800465677,3,6,4,23
1531929600,6376.36,6355.54821530776,55.099947065092955,3,0,5,0
1531926000,6391.07,6362.00672161544,54.52085685894669,3,0,5,1
1531922400,6399.94,6368.903681321723,56.45419342875329,3,0,5,2
1531918800,6402.52,6375.015739263227,57.623991418054146,3,0,5,3
1531915200,6378.76,6375.69651394264,57.97760271025246,3,0,5,4
1531911600,6367.96,6374.289875043978,53.546153559893234,3,0,5,5
1531908000,6361.96,6372.0480795814365,51.614971532423745,3,0,5,6
1531904400,6343.1,6366.784792384811,50.52475853145227,3,0,5,7
1531900800,6392.56,6371.47119376939,47.153263370710306,3,0,5,8
1546300800,3247.79,5803.529158538591,55.53337118711214,3,0,5,9
1546297200,3251.02,5339.436584258847,4.68318837783869,3,0,5,10
1546293600,3236.68,4957.117205302693,4.779630478313081,3,0,5,11
1546290000,3243.83,4645.610440702203,4.756619932634038,3,0,5,12
1546286400,3257.53,4393.232178756348,5.002196956306136,3,0,5,13
1546282800,3315.95,4197.362691709739,5.5049574748451136,3,0,5,14
1546279200,3312.38,4036.4567477625133,7.747050022252168,3,0,5,15
1546275600,3319.64,3906.1264299875106,7.734972033940579,3,0,5,16
1546272000,3340.8,3803.3398063534178,8.048927559962891,3,0,5,17
1546268400,3349.18,3720.765296107342,9.020639678277263,3,0,5,18
1546264800,3323.65,3648.562514996916,9.428849774485997,3,0,5,19
1546261200,3325.45,3589.814784997476,9.292062882255706,3,0,5,20
1546257600,3317.49,3540.3011877252075,9.391869493395745,3,0,5,21
1546254000,3363.19,3508.0991535933513,9.342911736505343,3,0,5,22
1546250400,3366.92,3482.4302165763784,12.17353884680837,3,0,5,23
1546246800,3355.37,3459.3283590170367,12.413916073167513,3,1,6,0
1546243200,3358.34,3440.966839195757,12.30163959770806,3,1,6,1
1546239600,3358.11,3425.901959341983,12.520740523444502,3,1,6,2
1546236000,3349.12,3411.941603097986,12.518132278675267,3,1,6,3
1546232400,3351.66,3400.9813116256246,12.409318771167747,3,1,6,4
1546228800,3343.23,3390.481073148238,12.640372379702626,3,1,6,5
1546225200,3337.3,3380.8117871212858,12.522308300352236,3,1,6,6
1546221600,3358.72,3376.795098553779,12.434326672796757,3,1,6,7
1546218000,3383.41,3377.9978079076373,14.763922145345404,3,1,6,8
1546214400,3392.27,3380.5927519244306,17.488792668294025,3,1,6,9
1546210800,3383.72,3381.161342483625,18.495724614048697,3,1,6,10
1546207200,3374.55,3379.959280213875,18.26409061405178,3,1,6,11
1546203600,3374.92,3379.0430474477157,18.003667312885625,3,1,6,12
1546200000,3372.05,3377.7715842754033,18.054439315002412,3,1,6,13
1546196400,3375.38,3377.3367507707844,17.96153451476843,3,1,6,14
1546192800,3378.03,3377.4627960851867,18.485659888697143,3,1,6,15
1546189200,3369.23,3375.965924069698,18.929540947043236,3,1,6,16
1546185600,3362.78,3373.568483329753,18.567949602643225,3,1,6,17
1546182000,3370.11,3372.9396681788885,18.29214325100311,3,1,6,18
1546178400,3358.55,3370.323364873636,19.750987590485863,3,1,6,19
1546174800,3367.18,3369.7518439875203,19.169689680920825,3,1,6,20
1546171200,3386.0,3372.7060541716073,21.0380702563819,3,1,6,21
1546167600,3387.4,3375.3776806858605,25.103852219154362,3,1,6,22
1546164000,3397.66,3379.429011470249,25.411526469176806,3,1,6,23
1546160400,3359.39,3375.7855548392945,27.75386831323148,3,2,7,0
1546156800,3322.87,3366.1645448685135,24.64499467068974,3,2,7,1
1546153200,3320.22,3357.8109912560562,22.100830504178248,3,2,7,2
1546149600,3323.99,3351.6617201185913,21.92396816927149,3,2,7,3
1546146000,3326.4,3347.0686800970293,22.869622416297744,3,2,7,4
1546142400,3302.43,3338.9525564430237,23.507436691659848,3,2,7,5
1546138800,3308.41,3333.3993643624735,21.59471440804144,3,2,7,6
1546135200,3308.28,3328.83220720566,23.272042849515955,3,2,7,7
1546131600,3294.12,3322.520896804631,23.260393097743744,3,2,7,8
1546128000,3296.75,3317.8352792037886,21.97029527579342,3,2,7,9
1546124400,3444.97,3340.950682984918,22.82644803363496,3,2,7,10
1546120800,3457.63,3362.165104260387,53.67532768506115,3,2,7,11
1546117200,3405.38,3370.022358031226,55.318234065052636,3,2,7,12
1546113600,3382.83,3372.351020207366,47.785781197435796,3,2,7,13
1546110000,3379.78,3373.7017438060266,44.94157339800713,3,2,7,14
1546106400,3393.58,3377.3159722049304,44.555295431042595,3,2,7,15
1546102800,3383.15,3378.3767045313066,46.78402619701128,3,2,7,16
1546099200,3424.7,3386.7991218892503,45.30183829072303,3,2,7,17
1546095600,3419.1,3392.672008818477,51.846735223693514,3,2,7,18
1546092000,3427.31,3398.9698253969354,50.961669723850726,3,2,7,19
1546088400,3419.72,3402.742584415674,52.24867185745914,3,2,7,20
1546084800,3415.49,3405.060296340097,50.918217182572,3,2,7,21
1546081200,3405.31,3405.105697005534,50.15174890364747,3,2,7,22
1546077600,3437.43,3410.9828430045272,48.26862866399529,3,2,7,23
1546074000,3447.64,3417.6477806400676,54.12203360283728,3,3,8,0
1546070400,3455.21,3424.4772750691463,55.83279478144203,3,3,8,1
1546066800,3433.63,3426.1414068747563,57.10981555530372,3,3,8,2
1546063200,3417.47,3424.5647874429824,52.453791918928786,3,3,8,3
1546059600,3437.24,3426.8693715442582,49.217843437611336,3,3,8,4
1546056000,3433.11,3428.0040312634837,53.035073641679965,3,3,8,5
1546052400,3439.39,3430.0742073973956,52.15312037130645,3,3,8,6
1546048800,3441.41,3432.135260597869,53.42153671808019,3,3,8,7
1546045200,3440.86,3433.7215768528017,53.84537467654332,3,3,8,8
1546041600,3435.33,3434.014017425019,53.702089296908525,3,3,8,9
1546038000,3423.37,3432.078741529561,52.198064487440945,3,3,8,10
1546034400,3443.29,3434.1171521605497,49.00163505454879,3,3,8,11
1546030800,3449.27,3436.8722154040856,54.048830560746424,3,3,8,12
1546027200,3433.82,3436.3172671487973,55.473483658504044,3,3,8,13
1546023600,3420.04,3433.357764030834,51.06818866487686,3,3,8,14
1546020000,3409.41,3429.003625116137,47.448916268574884,3,3,8,15
1546016400,3411.67,3425.852056913203,44.81063757666457,3,3,8,16
1546012800,3386.33,3418.6662283835294,45.50440772226245,3,3,8,17
1546009200,3197.4,3378.4360050410696,39.5075567324588,3,3,8,18
1546005600,3194.3,3344.956731397239,19.19562913984693,3,3,8,19
1546002000,3201.98,3318.960962052286,19.022810295416193,3,3,8,20
1545998400,3218.86,3300.7607871336886,20.922257463832267,3,3,8,21
1545994800,3201.13,3282.646098563927,25.081819854626374,3,3,8,22
1545991200,3210.8,3269.5831715523036,23.673268821753922,3,3,8,23
1545987600,3202.08,3257.309867633703,26.110510683805217,3,4,9,0
1545984000,3185.24,3244.206255336666,25.32518590287434,3,4,9,1
1545980400,3172.57,3231.18148163909,23.834292845223374,3,4,9,2
1545976800,3174.81,3220.932121341074,22.749170689721097,3,4,9,3
1545973200,3170.98,3211.8499174608783,23.413047100716255,3,4,9,4
1545969600,3177.55,3205.613568831627,23.04832763338098,3,4,9,5
1545966000,3184.66,3201.803829044058,25.20085614206073,3,4,9,6
1545962400,3173.82,3196.7158601269566,27.562335762382517,3,4,9,7
1545958800,3186.63,3194.882067376601,26.204022611973613,3,4,9,8
1545955200,3174.84,3191.2380551263095,30.559174371983175,3,4,9,9
1545951600,3174.35,3188.167499648798,28.87039583388058,3,4,9,10
1545948000,3172.93,3185.3970451671985,28.799163378549167,3,4,9,11
1545944400,3168.0,3182.2339460458893,28.57909854397937,3,4,9,12
1545940800,3191.45,3183.9095922193637,27.785266540449015,3,4,9,13
1545937200,3296.16,3204.3187572703882,36.780487418807816,3,4,9,14
