,Prix,ema,rsi,month,weekday,day,hour
1546250400,3366.92,3482.4302165763784,12.17353884680837,3,0,5,23
1546246800,3355.37,3459.3283590170367,12.413916073167513,3,1,6,0
1546243200,3358.34,3440.966839195757,12.30163959770806,3,1,6,1
1546239600,3358.11,3425.901959341983,12.520740523444502,3,1,6,2
1546236000,3349.12,3411.941603097986,12.518132278675267,3,1,6,3
1546232400,3351.66,3400.9813116256246,12.409318771167747,3,1,6,4
1546228800,3343.23,3390.481073148238,12.640372379702626,3,1,6,5
1546225200,3337.3,3380.8117871212858,12.522308300352236,3,1,6,6
1546221600,3358.72,3376.795098553779,12.434326672796757,3,1,6,7
1546218000,3383.41,3377.9978079076373,14.763922145345404,3,1,6,8
1546214400,3392.27,3380.5927519244306,17.488792668294025,3,1,6,9
1546210800,3383.72,3381.161342483625,18.495724614048697,3,1,6,10
1546207200,3374.55,3379.959280213875,18.26409061405178,3,1,6,11
1546203600,3374.92,3379.0430474477157,18.003667312885625,3,1,6,12
1546200000,3372.05,3377.7715842754033,18.054439315002412,3,1,6,13
1546196400,3375.38,3377.3367507707844,17.96153451476843,3,1,6,14
1546192800,3378.03,3377.4627960851867,18.485659888697143,3,1,6,15
1546189200,3369.23,3375.965924069698,18.929540947043236,3,1,6,16
1546185600,3362.78,3373.568483329753,18.567949602643225,3,1,6,17
1546182000,3370.11,3372.9396681788885,18.29214325100311,3,1,6,18
1546178400,3358.55,3370.323364873636,19.750987590485863,3,1,6,19
1546174800,3367.18,3369.7518439875203,19.169689680920825,3,1,6,20
1546171200,3386.0,3372.7060541716073,21.0380702563819,3,1,6,21
1546167600,3387.4,3375.3776806858605,25.103852219154362,3,1,6,22
1546164000,3397.66,3379.429011470249,25.411526469176806,3,1,6,23
1546160400,3359.39,3375.7855548392945,27.75386831323148,3,2,7,0
1546156800,3322.87,3366.1645448685135,24.64499467068974,3,2,7,1
1546153200,3320.22,3357.8109912560562,22.100830504178248,3,2,7,2
1546149600,3323.99,3351.6617201185913,21.92396816927149,3,2,7,3
1546146000,3326.4,3347.0686800970293,22.869622416297744,3,2,7,4
1546142400,3302.43,3338.9525564430237,23.507436691659848,3,2,7,5
1546138800,3308.41,3333.3993643624735,21.59471440804144,3,2,7,6
1546135200,3308.28,3328.83220720566,23.272042849515955,3,2,7,7
1546131600,3294.12,3322.520896804631,23.260393097743744,3,2,7,8
1546128000,3296.75,3317.8352792037886,21.97029527579342,3,2,7,9
1546124400,3444.97,3340.950682984918,22.82644803363496,3,2,7,10
1546120800,3457.63,3362.165104260387,53.67532768506115,3,2,7,11
1546117200,3405.38,3370.022358031226,55.318234065052636,3,2,7,12
1546113600,3382.83,3372.351020207366,47.785781197435796,3,2,7,13
1546110000,3379.78,3373.7017438060266,44.94157339800713,3,2,7,14
1546106400,3393.58,3377.3159722049304,44.555295431042595,3,2,7,15
1546102800,3383.15,3378.3767045313066,46.78402619701128,3,2,7,16
1546099200,3424.7,3386.7991218892503,45.30183829072303,3,2,7,17
1546095600,3419.1,3392.672008818477,51.846735223693514,3,2,7,18
1546092000,3427.31,3398.9698253969354,50.961669723850726,3,2,7,19
1546088400,3419.72,3402.742584415674,52.24867185745914,3,2,7,20
1546084800,3415.49,3405.060296340097,50.918217182572,3,2,7,21
1546081200,3405.31,3405.105697005534,50.15174890364747,3,2,7,22
1546077600,3437.43,3410.9828430045272,48.26862866399529,3,2,7,23
1546074000,3447.64,3417.6477806400676,54.12203360283728,3,3,8,0
1546070400,3455.21,3424.4772750691463,55.83279478144203,3,3,8,1
1546066800,3433.63,3426.1414068747563,57.10981555530372,3,3,8,2
1546063200,3417.47,3424.5647874429824,52.453791918928786,3,3,8,3
1546059600,3437.24,3426.8693715442582,49.217843437611336,3,3,8,4
1546056000,3433.11,3428.0040312634837,53.035073641679965,3,3,8,5
1546052400,3439.39,3430.0742073973956,52.15312037130645,3,3,8,6
1546048800,3441.41,3432.135260597869,53.42153671808019,3,3,8,7
1546045200,3440.86,3433.7215768528017,53.84537467654332,3,3,8,8
1546041600,3435.33,3434.014017425019,53.702089296908525,3,3,8,9
1546038000,3423.37,3432.078741529561,52.198064487440945,3,3,8,10
1546034400,3443.29,3434.1171521605497,49.00163505454879,3,3,8,11
1546030800,3449.27,3436.8722154040856,54.048830560746424,3,3,8,12
1546027200,3433.82,3436.3172671487973,55.473483658504044,3,3,8,13
1546023600,3420.04,3433.357764030834,51.06818866487686,3,3,8,14
1546020000,3409.41,3429.003625116137,47.448916268574884,3,3,8,15
1546016400,3411.67,3425.852056913203,44.81063757666457,3,3,8,16
1546012800,3386.33,3418.6662283835294,45.50440772226245,3,3,8,17
1546009200,3197.4,3378.4360050410696,39.5075567324588,3,3,8,18
1546005600,3194.3,3344.956731397239,19.19562913984693,3,3,8,19
1546002000,3201.98,3318.960962052286,19.022810295416193,3,3,8,20
1545998400,3218.86,3300.7607871336886,20.922257463832267,3,3,8,21
1545994800,3201.13,3282.646098563927,25.081819854626374,3,3,8,22
1545991200,3210.8,3269.5831715523036,23.673268821753922,3,3,8,23
1545987600,3202.08,3257.309867633703,26.110510683805217,3,4,9,0
1545984000,3185.24,3244.206255336666,25.32518590287434,3,4,9,1
1545980400,3172.57,3231.18148163909,23.834292845223374,3,4,9,2
1545976800,3174.81,3220.932121341074,22.749170689721097,3,4,9,3
1545973200,3170.98,3211.8499174608783,23.413047100716255,3,4,9,4
1545969600,3177.55,3205.613568831627,23.04832763338098,3,4,9,5
1545966000,3184.66,3201.803829044058,25.20085614206073,3,4,9,6
1545962400,3173.82,3196.7158601269566,27.562335762382517,3,4,9,7
1545958800,3186.63,3194.882067376601,26.204022611973613,3,4,9,8
1545955200,3174.84,3191.2380551263095,30.559174371983175,3,4,9,9
1545951600,3174.35,3188.167499648798,28.87039583388058,3,4,9,10
1545948000,3172.93,3185.3970451671985,28.799163378549167,3,4,9,11
1545944400,3168.0,3182.2339460458893,28.57909854397937,3,4,9,12
1545940800,3191.45,3183.9095922193637,27.785266540449015,3,4,9,13
1545937200,3296.16,3204.3187572703882,36.780487418807816,3,4,9,14
1545933600,3308.07,3223.182619584863,60.462725511588594,3,4,9,15
1545930000,3315.87,3240.034870569433,62.19733723466798,3,4,9,16
1545926400,3309.45,3252.6558031931727,63.331958168496094,3,4,9,17
1545922800,3319.81,3264.86565715805,61.69071359673438,3,4,9,18
1545919200,3330.69,3276.8337194929495,63.34165860916837,3,4,9,19
1545915600,3329.2,3286.3548614033225,65.04533652892515,3,4,9,20
1545912000,3321.42,3292.730341148173,64.6025378474223,3,4,9,21
1545908400,3312.65,3296.3520973030504,62.220748242588606,3,4,9,22
1545904800,3325.79,3301.7044432479506,59.55524913292538,3,4,9,23
1545901200,3310.44,3303.292726293778,62.1701677837503,3,5,10,0
1545897600,3322.5,3306.784957876727,57.49373955565646,3,5,10,1
1545894000,3319.54,3309.1040564445943,60.03712713829814,3,5,10,2
1545890400,3306.22,3308.579682545577,59.10238093228405,3,5,10,3
1545886800,3320.75,3310.7924675372897,54.955849771178144,3,5,10,4
1545883200,3317.9,3312.0847461668727,58.385652335267366,3,5,10,5
1545879600,3326.61,3314.7257014092593,57.46144126457968,3,5,10,6
1545876000,3343.8,3320.0119375166664,59.56788317637112,3,5,10,7
1545872400,3386.37,3332.0770397863635,63.41802132801225,3,5,10,8
1545868800,3383.71,3341.464850734297,70.82679645059878,3,5,10,9
1545865200,3386.22,3349.6021506007883,69.87452501101845,3,5,10,10
1545861600,3351.03,3349.861759582463,70.28057576392442,3,5,10,11
1545858000,3347.67,3349.463257840197,58.396544287096724,3,5,10,12
1545854400,3376.93,3354.457210960161,57.398536351057885,3,5,10,13
1545850800,3340.33,3351.8886271492224,63.28331390823817,3,5,10,14
1545847200,3343.16,3350.301604031182,53.35506549007873,3,5,10,15
1545843600,3327.06,3346.075857843694,53.95657305735042,3,5,10,16
1545840000,3307.4,3339.043883690295,50.005808196887116,3,5,10,17
1545836400,3292.18,3330.5231775647867,45.613686933981526,3,5,10,18
1545832800,3343.77,3332.931690734825,42.501444736683446,3,5,10,19
1545829200,3339.91,3334.200474237584,53.966745423775215,3,5,10,20
1545825600,3327.66,3333.0112971034773,53.11337250828493,3,5,10,21
1545822000,3328.57,3332.2037885392083,50.3900987329524,3,5,10,22
1545818400,3311.24,3328.3921906229884,50.59275872327329,3,5,10,23
1545814800,3331.96,3329.0408832369903,46.68175122590535,3,6,11,0
1545811200,3347.8,3332.4516317393554,51.50836943264145,3,6,11,1
1545807600,3360.49,3337.5495168776542,54.87167548907098,3,6,11,2
1545804000,3391.07,3347.28051380899,57.419677000260954,3,6,11,3
1545800400,3379.46,3353.1313294800825,62.86140121413798,3,6,11,4
1545796800,3389.78,3359.7947241200673,59.73984548029076,3,6,11,5
1545793200,3397.2,3366.595683370964,61.56679199529304,3,6,11,6
1545789600,3392.73,3371.3473773035157,62.87136466002872,3,6,11,7
1545786000,3341.07,3365.8423996119673,61.51666591436736,3,6,11,8
1545782400,3344.78,3362.0128724097913,48.50795247272863,3,6,11,9
1545778800,3343.09,3358.5723501534653,49.33654413590135,3,6,11,10
1545775200,3361.66,3359.133741034653,48.95013112968832,3,6,11,11
1545771600,3355.22,3358.4221517556252,53.280191459986874,3,6,11,12
1545768000,3316.12,3350.7308514364204,51.64420552980774,3,6,11,13
1545764400,3302.63,3341.9852420843436,43.009396953786144,3,6,11,14
1545760800,3280.75,3330.8515617053718,40.493808385468895,3,6,11,15
1545757200,3313.88,3327.765823213486,36.74028730943966,3,6,11,16
1545753600,3295.49,3321.8974917201244,45.04652238460528,3,6,11,17
1545750000,3321.83,3321.8852204982836,41.76808744893982,3,6,11,18
1545746400,3331.73,3323.6751804076866,47.64540102183592,3,6,11,19
1545742800,3344.92,3327.5378748790163,49.700285608254205,3,6,11,20
1545739200,3333.44,3328.6109885373767,52.381915294551,3,6,11,21
1545735600,3323.73,3327.7235360760355,49.888932546320646,3,6,11,22
1545732000,3354.99,3332.6810749713018,47.816054910554726,3,6,11,23
1545728400,3317.69,3329.9554249765197,54.386797403215844,3,0,12,0
1545724800,3334.27,3330.7398931626067,46.81247655282764,3,0,12,1
1545721200,3337.01,3331.8799125875867,50.13671003618388,3,0,12,2
1545717600,3349.64,3335.1090193898435,50.68525129037934,3,0,12,3
1545714000,3326.11,3333.472834046235,53.238840909808566,3,0,12,4
1545710400,3297.19,3326.8759551287376,48.22835349913456,3,0,12,5
1545706800,3380.06,3336.5457814689667,42.8860508846982,3,0,12,6
1545703200,3378.01,3344.0847302927905,57.435768878111794,3,0,12,7
1545699600,3371.63,3349.0929611486467,57.048601645090315,3,0,12,8
1545696000,3564.34,3388.228786394347,55.78819703609397,3,0,12,9
1545692400,3579.81,3423.0617343226477,74.275663941203,3,0,12,10
1545688800,3588.58,3453.1559644458025,75.17315765574823,3,0,12,11
1545685200,3555.6,3471.7821527283836,75.69094248931751,3,0,12,12
1545681600,3556.93,3487.263579505041,69.7958179857555,3,0,12,13
1545678000,3577.53,3503.6756559586697,69.89763850525975,3,0,12,14
1545674400,3600.03,3521.194627602548,71.50018463289965,3,0,12,15
1545670800,3598.03,3535.164695311175,73.17966216187298,3,0,12,16
1545667200,3578.99,3543.1329325273246,72.76916354816711,3,0,12,17
1545663600,3711.59,3573.7614902496293,68.81180089918789,3,0,12,18
1545660000,3672.11,3591.6430374769698,77.84721502973743,3,0,12,19
1545656400,3648.24,3601.933394299339,71.2305051543004,3,0,12,20
1545652800,3666.02,3613.5855044267314,67.49515295973097,3,0,12,21
1545649200,3645.79,3619.440867258235,68.80730004707348,3,0,12,22
