,Prix,ema,rsi,month,weekday,day,hour
1524106800,6639.74,6631.572302024276,33.05273609156592,11,5,17,6
1524103200,6618.97,6629.280974383498,38.48969331385921,11,5,17,7
1524099600,6590.28,6622.189888131952,35.27751701364707,11,5,17,8
1524096000,6602.17,6618.549908471597,31.381607637478027,11,5,17,9
1524092400,6596.17,6614.480834204033,34.604845783256394,11,5,17,10
1524088800,6624.21,6616.249773439663,33.74346416383521,11,5,17,11
1524085200,6621.47,6617.1989055415415,41.11978067339634,11,5,17,12
1524081600,6561.12,6607.002740897625,40.64361250772271,11,5,17,13
1524078000,6552.94,6597.17315164351,31.885441868952356,11,5,17,14
1524074400,6540.41,6586.852578617418,30.91308831149216,11,5,17,15
1524070800,6557.8,6581.570291596068,29.432477101679282,11,5,17,16
1524067200,6472.36,6561.713874942237,34.14669253295223,11,5,17,17
1524063600,6441.32,6539.824079498194,25.229023734294458,11,5,17,18
1524060000,6550.53,6541.770610498523,22.8902002650065,11,5,17,19
1524056400,6548.42,6542.979590407882,42.934674682487284,11,5,17,20
1524052800,6558.55,6545.810573970085,42.703704783899624,11,5,17,21
1524049200,6558.85,6548.181378702797,44.25420209193471,11,5,17,22
1524045600,6551.35,6548.757491665924,44.3022725702437,11,5,17,23
1524042000,6546.29,6548.308856817574,43.297079236284766,11,6,18,0
1524038400,6563.99,6551.1599737598335,42.59488862414067,11,6,18,1
1524034800,6569.8,6554.549069439863,45.900107709597286,11,6,18,2
1524031200,6413.75,6528.949238632616,46.979260694907516,11,6,18,3
1524027600,6415.92,6508.39846797214,29.79069658567147,11,6,18,4
1524024000,6419.1,6492.162382886296,30.173288382913597,11,6,18,5
1524020400,6405.1,6476.332858725151,30.76867042605737,11,6,18,6
1524016800,6423.0,6466.635975320578,29.57314913608387,11,6,18,7
1524013200,6413.5,6456.974888898654,33.14967825312904,11,6,18,8
1524009600,6393.19,6445.377636371626,32.21463444023533,11,6,18,9
1524006000,6402.15,6437.518066122238,30.250139024282177,11,6,18,10
1524002400,6402.42,6431.136599554558,32.21404328277626,11,6,18,11
1523998800,6407.61,6426.859035999183,32.275924733576105,11,6,18,12
1523995200,6388.08,6419.808302181149,33.53201697893084,11,6,18,13
1523991600,6437.48,6423.021338148212,31.187875541310476,11,6,18,14
1523988000,6555.46,6447.101094848536,42.19553338577706,11,6,18,15
1523984400,6577.87,6470.87725942153,59.045463310510925,11,6,18,16
1523980800,6557.02,6486.539575890342,61.350103766538055,11,6,18,17
1523977200,6579.95,6503.523289364825,58.07561241006164,11,6,18,18
1523973600,6561.57,6514.077236753039,60.568239944044045,11,6,18,19
1523970000,6576.2,6525.372284616123,57.61141678006394,11,6,18,20
1523966400,6571.05,6533.677323776827,59.31400205669786,11,6,18,21
1523962800,6563.6,6539.117810362857,58.424387810533254,11,6,18,22
1523959200,6591.49,6548.640026660519,57.09043165663866,11,6,18,23
1523955600,6588.71,6555.925476358605,60.70732654952033,11,0,19,0
1523952000,6556.48,6556.026298838859,60.16295941329917,11,0,19,1
1523948400,6483.19,6542.783335413611,54.10547634474528,11,0,19,2
1523944800,6446.95,6525.3590926111365,43.403640696669804,11,0,19,3
1523941200,6495.51,6519.931984863657,39.26764516623091,11,0,19,4
1523937600,6483.84,6513.369805797537,46.60931078985594,11,0,19,5
1523934000,6499.32,6510.81529565253,45.195325599669445,11,0,19,6
1523930400,6483.86,6505.914332806615,47.471733238520294,11,0,19,7
1523926800,6500.57,6504.942635932684,45.44166836393575,11,0,19,8
1523923200,6498.95,6503.8530657631045,48.0286336824704,11,0,19,9
1523919600,6486.26,6500.654326533449,47.79203718218182,11,0,19,10
1523916000,6472.62,6495.557176254641,45.885206776808154,11,0,19,11
1523912400,6470.25,6490.955871481069,43.85958447593518,11,0,19,12
1523908800,6454.34,6484.298440302693,43.500252214518035,11,0,19,13
1523905200,6495.88,6486.404178429476,41.06782466313773,11,0,19,14
1523901600,6499.11,6488.714327805934,49.0746946486984,11,0,19,15
1523898000,6460.76,6483.63172275031,49.647558673369566,11,0,19,16
1523894400,6453.44,6478.142318613889,43.40446507990696,11,0,19,17
1523890800,6454.79,6473.896442502272,42.31080187673596,11,0,19,18
1523887200,6429.92,6465.900725683677,42.59806711752042,11,0,19,19
1523883600,6434.74,6460.235139195735,38.768142144855844,11,0,19,20
1523880000,6547.72,6476.141477523783,39.896013552413585,11,0,19,21
1523876400,6546.32,6488.901208883094,58.9724409836201,11,0,19,22
1523872800,6555.43,6500.997352722532,58.7237165507623,11,0,19,23
1523869200,6599.8,6518.961470409344,59.90865289062518,11,1,20,0
1523865600,6577.3,6529.568475789462,65.15535295101182,11,1,20,1
1523862000,6575.11,6537.8487529186505,60.80940878898022,11,1,20,2
1523858400,6534.3,6537.203525115259,60.38720198512658,11,1,20,3
1523854800,6616.72,6551.661066003394,53.00212701524213,11,1,20,4
1523851200,6613.11,6562.833599457322,62.87650156076746,11,1,20,5
1523847600,6610.55,6571.509308646899,62.25948588404421,11,1,20,6
1523844000,6751.27,6604.193070711099,61.79637152029589,11,1,20,7
1523840400,6804.69,6640.647057854535,73.47587408553834,11,1,20,8
1523836800,6777.36,6665.503956426437,76.42265212932296,11,1,20,9
1523833200,6775.23,6685.454146167084,72.01459419696297,11,1,20,10
1523829600,6721.17,6691.947937773068,71.66763936263588,11,1,20,11
1523826000,6731.11,6699.068312723418,63.32830459670401,11,1,20,12
1523822400,6746.41,6707.675892228251,64.15423078939224,11,1,20,13
1523818800,6779.44,6720.723911823114,65.44431908575982,11,1,20,14
1523815200,6738.95,6724.037746037093,68.11243511870042,11,1,20,15
1523811600,6736.6,6726.321792212167,61.81184996273871,11,1,20,16
1523808000,6716.26,6724.492375446318,61.45652375701364,11,1,20,17
1523804400,6782.84,6735.101034456077,58.331000793344565,11,1,20,18
1523800800,6775.86,6742.511755464063,64.66573367673479,11,1,20,19
1523797200,6782.01,6749.693254470597,63.574557444505004,11,1,20,20
1523793600,6765.4,6752.549026385033,64.14858321192014,11,1,20,21
1523790000,6607.9,6726.249203405936,61.337140264355426,11,1,20,22
1523786400,6578.59,6699.402075513947,42.37318494221265,11,1,20,23
1523782800,6610.04,6683.154425420502,39.900849014608085,11,2,21,0
1523779200,6562.32,6661.184529889501,43.69695041491118,11,2,21,1
1523775600,6597.37,6649.581888091409,39.60881062189839,11,2,21,2
1523772000,6586.8,6638.166999347517,43.76997753686631,11,2,21,3
1523768400,6588.98,6629.223908557059,42.81194952645587,11,2,21,4
1523764800,6564.26,6617.412288819412,43.08862277435643,11,2,21,5
1523761200,6580.26,6610.657327215882,40.68496580857121,11,2,21,6
1523757600,6573.27,6603.8596313584485,42.90502208654046,11,2,21,7
1523754000,6549.73,6594.0178802023665,42.16257047312137,11,2,21,8
1523750400,6489.92,6575.090992892845,39.6727593677152,11,2,21,9
1523746800,6544.32,6569.496266912327,34.15409339329618,11,2,21,10
1523743200,6517.68,6560.075127473721,42.050046699504655,11,2,21,11
1523739600,6560.44,6560.141467933045,39.548948545520936,11,2,21,12
1523736000,6511.63,6551.321201036128,45.18472796027801,11,2,21,13
1523732400,6525.37,6546.602800847741,40.53875835268359,11,2,21,14
1523728800,6476.83,6533.9168370572415,42.33618297995803,11,2,21,15
1523725200,6491.55,6526.213775774107,37.96952117740941,11,2,21,16
1523721600,6465.79,6515.227634724269,39.99089991425505,11,2,21,17
1523718000,6482.36,6509.251701138037,37.67701487499414,11,2,21,18
1523714400,6463.96,6501.016846385666,40.0787377117952,11,2,21,19
1523710800,6426.97,6487.5537834064535,38.31309869565105,11,2,21,20
1523707200,6479.83,6486.149459150734,34.97712103502725,11,2,21,21
1523703600,6465.41,6482.378648396055,42.6605782164084,11,2,21,22
1523700000,6518.2,6488.891621414953,41.229315397674675,11,2,21,23
1523696400,6594.73,6508.13496297587,48.094847583426095,11,3,22,0
1523692800,6596.19,6524.1449697075295,56.10113979419812,11,3,22,1
1523689200,6514.92,6522.467702487978,56.23981726704224,11,3,22,2
1523685600,6464.31,6511.893574762891,47.28532197619714,11,3,22,3
1523682000,6473.93,6504.991106624184,42.72334375201811,11,3,22,4
1523678400,6515.54,6506.909087237968,43.8326067942314,11,3,22,5
1523674800,6519.71,6509.236525921974,48.480300857079264,11,3,22,6
1523671200,6522.25,6511.602612117978,48.93632553962428,11,3,22,7
1523667600,6425.45,6495.9385008238005,49.23110356120945,11,3,22,8
1523664000,6385.6,6475.876955219473,39.801230263525376,11,3,22,9
1523660400,6413.07,6464.457508815931,36.68590646529591,11,3,22,10
1523656800,6379.11,6448.939779940306,40.16281198528083,11,3,22,11
1523653200,6393.58,6438.874365405705,37.42650115014757,11,3,22,12
1523649600,6570.28,6462.766298968303,39.323416581031104,11,3,22,13
1523646000,6592.05,6486.272426428611,56.618276066997666,11,3,22,14
1523642400,6596.05,6506.231985259772,58.19911617755181,11,3,22,15
1523638800,6600.13,6523.3043515761765,58.49836509745921,11,3,22,16
1523635200,6604.56,6538.078105835053,58.822178891220624,11,3,22,17
1523631600,6586.34,6546.852995683224,59.19446553558185,11,3,22,18
1523628000,6584.3,6553.661541922637,56.91531723752157,11,3,22,19
1523624400,6660.3,6573.050352482157,56.65230524860239,11,3,22,20
1523620800,6583.05,6574.868470212674,63.43207322693123,11,3,22,21
1523617200,6556.56,6571.539657446732,54.159631641595574,11,3,22,22
1523613600,6551.88,6567.965174274598,51.38570075153183,11,3,22,23
1523610000,6604.97,6574.693324406489,50.88979492175313,11,4,23,0
1523606400,6592.21,6577.8781745144,56.0691756743562,11,4,23,1
1523602800,6360.6,6538.373051875418,54.57927777510704,11,4,23,2
1523599200,6327.21,6499.979769716251,35.92098540236516,11,4,23,3
1523595600,6353.2,6473.29253885875,34.11057535847323,11,4,23,4
1523592000,6351.18,6451.09025906625,36.781416236884006,11,4,23,5
1523588400,6387.47,6439.5229392360225,36.65704512215772,11,4,23,6
1523584800,6323.54,6418.4351321022,40.54650042478572,11,4,23,7
1523581200,6412.95,6417.437835356346,36.31600741473354,11,4,23,8
1523577600,6421.46,6418.169138018828,44.964606329499695,11,4,23,9
1523574000,6370.18,6409.443840197222,45.720188932057304,11,4,23,10
1523570400,6349.6,6398.5631419795445,41.98006400648957,11,4,23,11
1523566800,6269.59,6375.113479801445,40.54651143699337,11,4,23,12
1523563200,6223.99,6347.636483473909,35.47460044844945,11,4,23,13
1523559600,6241.57,6328.351668296834,32.94521113255951,11,4,23,14
1523556000,6229.1,6310.305910424682,34.873165921901276,11,4,23,15
1523552400,6182.19,6287.012108529285,34.12369402730194,11,4,23,16
1523548800,6187.33,6268.888088796688,31.390642365456884,11,4,23,17
1523545200,6214.7,6259.035709015471,32.03299323381073,11,4,23,18
1523541600,6243.69,6256.245580103568,35.496140993237404,11,4,23,19
1523538000,6249.63,6255.042747357465,39.03922506726893,11,4,23,20
1523534400,6288.07,6261.04770238338,39.76924875685611,11,4,23,21
1523530800,5633.43,6146.935392859129,44.408781904371835,11,4,23,22
1523527200,5553.36,6039.012594157469,18.406013680716796,11,4,23,23
1523523600,5552.47,5950.5503043106555,17.08807321199248,11,5,24,0
1523520000,5531.54,5874.366612617809,17.073439249813745,11,5,24,1
1523516400,5502.55,5806.763592141843,16.711000037829265,11,5,24,2
1523512800,5621.03,5772.993848116053,16.198089492294443,11,5,24,3
1523509200,5641.83,5749.145875731316,26.17152127152822,11,5,24,4
1523505600,5611.62,5724.141171052894,27.796149638117157,11,5,24,5
