,Prix,ema,rsi,month,weekday,day,hour
1545836400,3292.18,3330.5231775647867,45.613686933981526,3,5,10,18
1545832800,3343.77,3332.931690734825,42.501444736683446,3,5,10,19
1545829200,3339.91,3334.200474237584,53.966745423775215,3,5,10,20
1545825600,3327.66,3333.0112971034773,53.11337250828493,3,5,10,21
1545822000,3328.57,3332.2037885392083,50.3900987329524,3,5,10,22
1545818400,3311.24,3328.3921906229884,50.59275872327329,3,5,10,23
1545814800,3331.96,3329.0408832369903,46.68175122590535,3,6,11,0
1545811200,3347.8,3332.4516317393554,51.50836943264145,3,6,11,1
1545807600,3360.49,3337.5495168776542,54.87167548907098,3,6,11,2
1545804000,3391.07,3347.28051380899,57.419677000260954,3,6,11,3
1545800400,3379.46,3353.1313294800825,62.86140121413798,3,6,11,4
1545796800,3389.78,3359.7947241200673,59.73984548029076,3,6,11,5
1545793200,3397.2,3366.595683370964,61.56679199529304,3,6,11,6
1545789600,3392.73,3371.3473773035157,62.87136466002872,3,6,11,7
1545786000,3341.07,3365.8423996119673,61.51666591436736,3,6,11,8
1545782400,3344.78,3362.0128724097913,48.50795247272863,3,6,11,9
1545778800,3343.09,3358.5723501534653,49.33654413590135,3,6,11,10
1545775200,3361.66,3359.133741034653,48.95013112968832,3,6,11,11
1545771600,3355.22,3358.4221517556252,53.280191459986874,3,6,11,12
1545768000,3316.12,3350.7308514364204,51.64420552980774,3,6,11,13
1545764400,3302.63,3341.9852420843436,43.009396953786144,3,6,11,14
1545760800,3280.75,3330.8515617053718,40.493808385468895,3,6,11,15
1545757200,3313.88,3327.765823213486,36.74028730943966,3,6,11,16
1545753600,3295.49,3321.8974917201244,45.04652238460528,3,6,11,17
1545750000,3321.83,3321.8852204982836,41.76808744893982,3,6,11,18
1545746400,3331.73,3323.6751804076866,47.64540102183592,3,6,11,19
1545742800,3344.92,3327.5378748790163,49.700285608254205,3,6,11,20
1545739200,3333.44,3328.6109885373767,52.381915294551,3,6,11,21
1545735600,3323.73,3327.7235360760355,49.888932546320646,3,6,11,22
1545732000,3354.99,3332.6810749713018,47.816054910554726,3,6,11,23
1545728400,3317.69,3329.9554249765197,54.386797403215844,3,0,12,0
1545724800,3334.27,3330.7398931626067,46.81247655282764,3,0,12,1
1545721200,3337.01,3331.8799125875867,50.13671003618388,3,0,12,2
1545717600,3349.64,3335.1090193898435,50.68525129037934,3,0,12,3
1545714000,3326.11,3333.472834046235,53.238840909808566,3,0,12,4
1545710400,3297.19,3326.8759551287376,48.22835349913456,3,0,12,5
1545706800,3380.06,3336.5457814689667,42.8860508846982,3,0,12,6
1545703200,3378.01,3344.0847302927905,57.435768878111794,3,0,12,7
1545699600,3371.63,3349.0929611486467,57.048601645090315,3,0,12,8
1545696000,3564.34,3388.228786394347,55.78819703609397,3,0,12,9
1545692400,3579.81,3423.0617343226477,74.275663941203,3,0,12,10
1545688800,3588.58,3453.1559644458025,75.17315765574823,3,0,12,11
1545685200,3555.6,3471.7821527283836,75.69094248931751,3,0,12,12
1545681600,3556.93,3487.263579505041,69.7958179857555,3,0,12,13
1545678000,3577.53,3503.6756559586697,69.89763850525975,3,0,12,14
1545674400,3600.03,3521.194627602548,71.50018463289965,3,0,12,15
1545670800,3598.03,3535.164695311175,73.17966216187298,3,0,12,16
1545667200,3578.99,3543.1329325273246,72.76916354816711,3,0,12,17
1545663600,3711.59,3573.7614902496293,68.81180089918789,3,0,12,18
1545660000,3672.11,3591.6430374769698,77.84721502973743,3,0,12,19
1545656400,3648.24,3601.933394299339,71.2305051543004,3,0,12,20
1545652800,3666.02,3613.5855044267314,67.49515295973097,3,0,12,21
1545649200,3645.79,3619.440867258235,68.80730004707348,3,0,12,22
1545645600,3719.23,3637.584345938556,65.5642738340903,3,0,12,23
1545642000,3717.86,3652.179919404273,70.92222324775966,3,1,13,0
1545638400,3710.33,3662.752661330768,70.70122497260101,3,1,13,1
1545634800,3716.58,3672.539450179719,69.4207967760863,3,1,13,2
1545631200,3733.41,3683.606822874315,69.90793256959822,3,1,13,3
1545627600,3695.36,3685.7437641698943,71.23670700383319,3,1,13,4
1545624000,3705.48,3689.332170684459,64.32142172269843,3,1,13,5
1545620400,3694.22,3690.220866923648,65.28661386914571,3,1,13,6
1545616800,3725.26,3696.5916183920754,63.23678053194776,3,1,13,7
1545613200,3709.45,3698.9295059571523,66.37131003884208,3,1,13,8
1545609600,3502.46,3663.2077776013066,63.405909235095315,3,1,13,9
1545606000,3509.81,3635.3172725828867,38.90055493826369,3,1,13,10
1545602400,3516.9,3613.786859385998,39.7904106134867,3,1,13,11
1545598800,3520.0,3596.734703133998,40.687777594544684,3,1,13,12
1545595200,3517.73,3582.370211655089,41.10112154622044,3,1,13,13
1545591600,3541.27,3574.897445899618,40.87648018147124,3,1,13,14
1545588000,3524.18,3565.6760920996876,44.277668068581825,3,1,13,15
1545584400,3526.69,3558.587711717926,42.37190620317,3,1,13,16
1545580800,3502.84,3548.4517641328484,42.761568119044185,3,1,13,17
1545577200,3531.42,3545.3550797450575,39.994300520602586,3,1,13,18
1545573600,3574.76,3550.7014288823198,44.61932763994162,3,1,13,19
1545570000,3566.11,3553.5029872673526,50.81091355563276,3,1,13,20
1545566400,3580.73,3558.453353218743,49.618574293770834,3,1,13,21
1545562800,3588.64,3563.9418344516985,51.682359560010504,3,1,13,22
1545559200,3547.1,3560.8796827332076,52.80870028551874,3,1,13,23
1545555600,3536.11,3556.3761040544423,46.65749551446312,3,2,14,0
1545552000,3533.19,3552.1604487718164,45.15880141974173,3,2,14,1
1545548400,3546.68,3551.164003540577,44.7475281673839,3,2,14,2
1545544800,3555.29,3551.9141847150177,47.142542463644546,3,2,14,3
1545541200,3544.64,3550.5916056759233,48.67182629009509,3,2,14,4
1545537600,3560.97,3552.478586462119,46.86562007180502,3,2,14,5
1545534000,3529.88,3548.3697525599155,49.93363196330135,3,2,14,6
1545530400,3542.9,3547.3752520944763,44.64793762310025,3,2,14,7
1545526800,3545.47,3547.028842622753,47.17004778911303,3,2,14,8
1545523200,3529.81,3543.89814396407,47.67684127314864,3,2,14,9
1545519600,3432.71,3523.6821177887846,44.85333435624962,3,2,14,10
1545516000,3450.0,3510.2853690999145,32.142518236114455,3,2,14,11
1545512400,3453.96,3500.04439289993,35.63999790624176,3,2,14,12
1545508800,3453.25,3491.536321463579,36.44792481394364,3,2,14,13
1545505200,3440.43,3482.244263015655,36.35979450571086,3,2,14,14
1545501600,3417.53,3470.478033376445,34.7269907389324,3,2,14,15
1545498000,3426.74,3462.5256636716367,31.965601693157552,3,2,14,16
1545494400,3411.44,3453.2373611858848,34.230727437541375,3,2,14,17
1545490800,3408.7,3445.139659152087,32.30644246355695,3,2,14,18
1545487200,3407.46,3438.2888120335256,31.959942601351244,3,2,14,19
1545483600,3410.86,3433.3017553001573,31.79375007446272,3,2,14,20
1545480000,3449.63,3436.2705270637653,32.82521321347956,3,2,14,21
1545476400,3473.87,3443.106794870353,43.34627513708169,3,2,14,22
1545472800,3487.84,3451.2401048939255,48.75084896097137,3,2,14,23
1545469200,3406.77,3443.154631276848,51.6155995804696,3,3,15,0
1545465600,3408.42,3436.839243771966,38.2524722747446,3,3,15,1
1545462000,3397.41,3429.670290358881,38.60088794082553,3,3,15,2
1545458400,3391.3,3422.6938739299935,37.09670221696459,3,3,15,3
1545454800,3379.15,3414.7768059427217,36.25243500211386,3,3,15,4
1545451200,3393.58,3410.922841225863,34.567687951186414,3,3,15,5
1545447600,3409.16,3410.6023246393424,38.238722959773206,3,3,15,6
1545444000,3394.15,3407.6109928867345,42.020995499506604,3,3,15,7
1545440400,3407.16,3407.528994180055,39.51056765155808,3,3,15,8
1545436800,3407.6,3407.541904329136,42.70559728844856,3,3,15,9
1545433200,3393.29,3404.9506489965656,42.81560748918358,3,3,15,10
1545429600,3416.04,3406.9668946335532,40.11769200137443,3,3,15,11
1545426000,3367.4,3399.772913791089,45.94888406677768,3,3,15,12
1545422400,3377.64,3395.7487476472543,37.533487541069846,3,3,15,13
1545418800,3489.52,3412.7980662568443,40.02388695850855,3,3,15,14
1545415200,3487.13,3426.3129633010544,59.17473298941598,3,3,15,15
1545411600,3482.31,3436.4942427008623,58.743216399701886,3,3,15,16
1545408000,3509.21,3449.7152894825235,57.82735794072011,3,3,15,17
1545404400,3555.4,3468.9306913947917,61.440552644323084,3,3,15,18
1545400800,3563.54,3486.1323838684657,66.71408296218831,3,3,15,19
1545397200,3566.42,3500.7301322560174,67.55618305393634,3,3,15,20
1545393600,3553.15,3510.2610173003777,67.86594035383804,3,3,15,21
1545390000,3545.38,3516.646286882127,64.79619581594389,3,3,15,22
1545386400,3514.89,3516.326961994467,62.999308166157874,3,3,15,23
1545382800,3567.15,3525.5675143591093,56.39083638926156,3,4,16,0
1545379200,3531.44,3526.635239021089,63.4649445339014,3,4,16,1
1545375600,3521.97,3525.7870137445275,56.69696722052585,3,4,16,2
1545372000,3477.44,3516.9966476091586,55.0212517914322,3,4,16,3
1545368400,3537.52,3520.7281662256746,47.85839929217905,3,4,16,4
1545364800,3559.56,3527.7884996391886,56.15238735464302,3,4,16,5
1545361200,3550.11,3531.846954250245,58.74491211325902,3,4,16,6
1545357600,3634.68,3550.543871659291,57.18372728730946,3,4,16,7
1545354000,3571.59,3554.370440448511,65.91402397229209,3,4,16,8
1545350400,3585.99,3560.1194512760544,56.63625500735364,3,4,16,9
1545346800,3582.81,3564.2450055894988,58.086386809821725,3,4,16,10
1545343200,3517.6,3555.764095482317,57.628071784858115,3,4,16,11
1545339600,3424.97,3531.9833508491683,49.07668222830116,3,4,16,12
1545336000,3558.07,3536.7263779675013,39.9973148977059,3,4,16,13
1545332400,3558.62,3540.7070365188647,53.351781095263696,3,4,16,14
1545328800,3570.3,3546.0875753336168,53.397937322714796,3,4,16,15
1545325200,3644.8,3564.035288909323,54.429147587278564,3,4,16,16
1545321600,3556.88,3562.734327289446,60.44192768659055,3,4,16,17
1545318000,3551.26,3560.6480859640924,51.76201368916853,3,4,16,18
1545314400,3545.21,3557.841161243348,51.25531550735768,3,4,16,19
1545310800,3591.41,3563.94458647183,50.68016704538064,3,4,16,20
1545307200,3536.46,3558.9473889314972,54.84693724881636,3,4,16,21
1545303600,3557.48,3558.680590943952,49.491232502748666,3,4,16,22
1545300000,3578.62,3562.3059380450513,51.44445958123645,3,4,16,23
1545296400,3505.3,3551.94122203686,53.39638200707816,3,5,17,0
1545292800,3301.5,3506.406454393794,46.42557289855157,3,5,17,1
1545289200,3282.67,3465.7270990494676,33.380843553433834,3,5,17,2
1545285600,3267.47,3429.680353767746,32.472959281162744,3,5,17,3
1545282000,3312.83,3408.4348349008833,31.722919521386856,3,5,17,4
1545278400,3294.44,3387.7085012825405,36.4408813797954,3,5,17,5
1545274800,3302.33,3372.1851374129874,35.373663983322004,3,5,17,6
1545271200,3306.73,3360.2842033378984,36.23647620939996,3,5,17,7
1545267600,3281.5,3345.9598027310076,36.74366672846435,3,5,17,8
1545264000,3258.63,3330.081656779915,35.023360020135414,3,5,17,9
1545260400,3289.33,3322.672264638112,33.492604250993324,3,5,17,10
1545256800,3244.67,3308.4900347039097,37.44505645783642,3,5,17,11
1545253200,3304.62,3307.7863920304717,34.25575712382458,3,5,17,12
1545249600,3340.18,3313.6761389340218,41.46325486377255,3,5,17,13
1545246000,3346.87,3319.7113864005632,45.29429460498649,3,5,17,14
1545242400,3344.26,3324.1747706913698,46.010188968443174,3,5,17,15
1545238800,3361.83,3331.021176020211,45.758602000464656,3,5,17,16
1545235200,3331.43,3331.0955076529,47.82682483947316,3,5,17,17
