,Prix,ema,rsi,month,weekday,day,hour
1545652800,3666.02,3613.5855044267314,67.49515295973097,3,0,12,21
1545649200,3645.79,3619.440867258235,68.80730004707348,3,0,12,22
1545645600,3719.23,3637.584345938556,65.5642738340903,3,0,12,23
1545642000,3717.86,3652.179919404273,70.92222324775966,3,1,13,0
1545638400,3710.33,3662.752661330768,70.70122497260101,3,1,13,1
1545634800,3716.58,3672.539450179719,69.4207967760863,3,1,13,2
1545631200,3733.41,3683.606822874315,69.90793256959822,3,1,13,3
1545627600,3695.36,3685.7437641698943,71.23670700383319,3,1,13,4
1545624000,3705.48,3689.332170684459,64.32142172269843,3,1,13,5
1545620400,3694.22,3690.220866923648,65.28661386914571,3,1,13,6
1545616800,3725.26,3696.5916183920754,63.23678053194776,3,1,13,7
1545613200,3709.45,3698.9295059571523,66.37131003884208,3,1,13,8
1545609600,3502.46,3663.2077776013066,63.405909235095315,3,1,13,9
1545606000,3509.81,3635.3172725828867,38.90055493826369,3,1,13,10
1545602400,3516.9,3613.786859385998,39.7904106134867,3,1,13,11
1545598800,3520.0,3596.734703133998,40.687777594544684,3,1,13,12
1545595200,3517.73,3582.370211655089,41.10112154622044,3,1,13,13
1545591600,3541.27,3574.897445899618,40.87648018147124,3,1,13,14
1545588000,3524.18,3565.6760920996876,44.277668068581825,3,1,13,15
1545584400,3526.69,3558.587711717926,42.37190620317,3,1,13,16
1545580800,3502.84,3548.4517641328484,42.761568119044185,3,1,13,17
1545577200,3531.42,3545.3550797450575,39.994300520602586,3,1,13,18
1545573600,3574.76,3550.7014288823198,44.61932763994162,3,1,13,19
1545570000,3566.11,3553.5029872673526,50.81091355563276,3,1,13,20
1545566400,3580.73,3558.453353218743,49.618574293770834,3,1,13,21
1545562800,3588.64,3563.9418344516985,51.682359560010504,3,1,13,22
1545559200,3547.1,3560.8796827332076,52.80870028551874,3,1,13,23
1545555600,3536.11,3556.3761040544423,46.65749551446312,3,2,14,0
1545552000,3533.19,3552.1604487718164,45.15880141974173,3,2,14,1
1545548400,3546.68,3551.164003540577,44.7475281673839,3,2,14,2
1545544800,3555.29,3551.9141847150177,47.142542463644546,3,2,14,3
1545541200,3544.64,3550.5916056759233,48.67182629009509,3,2,14,4
1545537600,3560.97,3552.478586462119,46.86562007180502,3,2,14,5
1545534000,3529.88,3548.3697525599155,49.93363196330135,3,2,14,6
1545530400,3542.9,3547.3752520944763,44.64793762310025,3,2,14,7
1545526800,3545.47,3547.028842622753,47.17004778911303,3,2,14,8
1545523200,3529.81,3543.89814396407,47.67684127314864,3,2,14,9
1545519600,3432.71,3523.6821177887846,44.85333435624962,3,2,14,10
1545516000,3450.0,3510.2853690999145,32.142518236114455,3,2,14,11
1545512400,3453.96,3500.04439289993,35.63999790624176,3,2,14,12
1545508800,3453.25,3491.536321463579,36.44792481394364,3,2,14,13
1545505200,3440.43,3482.244263015655,36.35979450571086,3,2,14,14
1545501600,3417.53,3470.478033376445,34.7269907389324,3,2,14,15
1545498000,3426.74,3462.5256636716367,31.965601693157552,3,2,14,16
1545494400,3411.44,3453.2373611858848,34.230727437541375,3,2,14,17
1545490800,3408.7,3445.139659152087,32.30644246355695,3,2,14,18
1545487200,3407.46,3438.2888120335256,31.959942601351244,3,2,14,19
1545483600,3410.86,3433.3017553001573,31.79375007446272,3,2,14,20
1545480000,3449.63,3436.2705270637653,32.82521321347956,3,2,14,21
1545476400,3473.87,3443.106794870353,43.34627513708169,3,2,14,22
1545472800,3487.84,3451.2401048939255,48.75084896097137,3,2,14,23
1545469200,3406.77,3443.154631276848,51.6155995804696,3,3,15,0
1545465600,3408.42,3436.839243771966,38.2524722747446,3,3,15,1
1545462000,3397.41,3429.670290358881,38.60088794082553,3,3,15,2
1545458400,3391.3,3422.6938739299935,37.09670221696459,3,3,15,3
1545454800,3379.15,3414.7768059427217,36.25243500211386,3,3,15,4
1545451200,3393.58,3410.922841225863,34.567687951186414,3,3,15,5
1545447600,3409.16,3410.6023246393424,38.238722959773206,3,3,15,6
1545444000,3394.15,3407.6109928867345,42.020995499506604,3,3,15,7
1545440400,3407.16,3407.528994180055,39.51056765155808,3,3,15,8
1545436800,3407.6,3407.541904329136,42.70559728844856,3,3,15,9
1545433200,3393.29,3404.9506489965656,42.81560748918358,3,3,15,10
1545429600,3416.04,3406.9668946335532,40.11769200137443,3,3,15,11
1545426000,3367.4,3399.772913791089,45.94888406677768,3,3,15,12
1545422400,3377.64,3395.7487476472543,37.533487541069846,3,3,15,13
1545418800,3489.52,3412.7980662568443,40.02388695850855,3,3,15,14
1545415200,3487.13,3426.3129633010544,59.17473298941598,3,3,15,15
1545411600,3482.31,3436.4942427008623,58.743216399701886,3,3,15,16
1545408000,3509.21,3449.7152894825235,57.82735794072011,3,3,15,17
1545404400,3555.4,3468.9306913947917,61.440552644323084,3,3,15,18
1545400800,3563.54,3486.1323838684657,66.71408296218831,3,3,15,19
1545397200,3566.42,3500.7301322560174,67.55618305393634,3,3,15,20
1545393600,3553.15,3510.2610173003777,67.86594035383804,3,3,15,21
1545390000,3545.38,3516.646286882127,64.79619581594389,3,3,15,22
1545386400,3514.89,3516.326961994467,62.999308166157874,3,3,15,23
1545382800,3567.15,3525.5675143591093,56.39083638926156,3,4,16,0
1545379200,3531.44,3526.635239021089,63.4649445339014,3,4,16,1
1545375600,3521.97,3525.7870137445275,56.69696722052585,3,4,16,2
1545372000,3477.44,3516.9966476091586,55.0212517914322,3,4,16,3
1545368400,3537.52,3520.7281662256746,47.85839929217905,3,4,16,4
1545364800,3559.56,3527.7884996391886,56.15238735464302,3,4,16,5
1545361200,3550.11,3531.846954250245,58.74491211325902,3,4,16,6
1545357600,3634.68,3550.543871659291,57.18372728730946,3,4,16,7
1545354000,3571.59,3554.370440448511,65.91402397229209,3,4,16,8
1545350400,3585.99,3560.1194512760544,56.63625500735364,3,4,16,9
1545346800,3582.81,3564.2450055894988,58.086386809821725,3,4,16,10
1545343200,3517.6,3555.764095482317,57.628071784858115,3,4,16,11
1545339600,3424.97,3531.9833508491683,49.07668222830116,3,4,16,12
1545336000,3558.07,3536.7263779675013,39.9973148977059,3,4,16,13
1545332400,3558.62,3540.7070365188647,53.351781095263696,3,4,16,14
1545328800,3570.3,3546.0875753336168,53.397937322714796,3,4,16,15
1545325200,3644.8,3564.035288909323,54.429147587278564,3,4,16,16
1545321600,3556.88,3562.734327289446,60.44192768659055,3,4,16,17
1545318000,3551.26,3560.6480859640924,51.76201368916853,3,4,16,18
1545314400,3545.21,3557.841161243348,51.25531550735768,3,4,16,19
1545310800,3591.41,3563.94458647183,50.68016704538064,3,4,16,20
1545307200,3536.46,3558.9473889314972,54.84693724881636,3,4,16,21
1545303600,3557.48,3558.680590943952,49.491232502748666,3,4,16,22
1545300000,3578.62,3562.3059380450513,51.44445958123645,3,4,16,23
1545296400,3505.3,3551.94122203686,53.39638200707816,3,5,17,0
1545292800,3301.5,3506.406454393794,46.42557289855157,3,5,17,1
1545289200,3282.67,3465.7270990494676,33.380843553433834,3,5,17,2
1545285600,3267.47,3429.680353767746,32.472959281162744,3,5,17,3
1545282000,3312.83,3408.4348349008833,31.722919521386856,3,5,17,4
1545278400,3294.44,3387.7085012825405,36.4408813797954,3,5,17,5
1545274800,3302.33,3372.1851374129874,35.373663983322004,3,5,17,6
1545271200,3306.73,3360.2842033378984,36.23647620939996,3,5,17,7
1545267600,3281.5,3345.9598027310076,36.74366672846435,3,5,17,8
1545264000,3258.63,3330.081656779915,35.023360020135414,3,5,17,9
1545260400,3289.33,3322.672264638112,33.492604250993324,3,5,17,10
1545256800,3244.67,3308.4900347039097,37.44505645783642,3,5,17,11
1545253200,3304.62,3307.7863920304717,34.25575712382458,3,5,17,12
1545249600,3340.18,3313.6761389340218,41.46325486377255,3,5,17,13
1545246000,3346.87,3319.7113864005632,45.29429460498649,3,5,17,14
1545242400,3344.26,3324.1747706913698,46.010188968443174,3,5,17,15
1545238800,3361.83,3331.021176020211,45.758602000464656,3,5,17,16
1545235200,3331.43,3331.0955076529,47.82682483947316,3,5,17,17
1545231600,3343.14,3333.2854153523726,44.65422350500951,3,5,17,18
1545228000,3420.33,3349.111703470123,46.13642458682351,3,5,17,19
1545224400,3398.41,3358.0750301119187,54.74078323125623,3,5,17,20
1545220800,3386.13,3363.1759337279336,52.191112644498006,3,5,17,21
1545217200,3351.39,3361.033036686491,50.764597091913735,3,5,17,22
1545213600,3311.61,3352.0470300162197,46.86230534399735,3,5,17,23
1545210000,3300.57,3342.6875700132705,42.80469920024318,3,6,18,0
1545206400,3284.04,3332.024375465403,41.724930243847794,3,6,18,1
1545202800,3305.11,3327.1308526535113,40.09410157447481,3,6,18,2
1545199200,3312.75,3324.5161521710547,43.144533322695494,3,6,18,3
1545195600,3291.78,3318.56412450359,44.25301024051748,3,6,18,4
1545192000,3326.64,3320.032465502937,41.84169783981767,3,6,18,5
1545188400,3295.63,3315.595653593312,47.01076252626796,3,6,18,6
1545184800,3270.83,3307.4564438490734,43.32210085165755,3,6,18,7
1545181200,3248.76,3296.7843631492415,40.579794502453616,3,6,18,8
1545177600,3250.08,3288.29266075847,38.25880489662616,3,6,18,9
1545174000,3158.25,3264.6485406205666,38.48542459867378,3,6,18,10
1545170400,3142.22,3242.3888059622814,30.18486747896604,3,6,18,11
1545166800,3111.46,3218.583568514594,29.008690418806182,3,6,18,12
1545163200,3129.39,3202.366556057395,26.846893177971978,3,6,18,13
1545159600,3101.41,3184.010818592414,30.116101537659134,3,6,18,14
1545156000,3116.08,3171.6597606665205,28.012273280694487,3,6,18,15
1545152400,3122.09,3162.647076908971,30.74399257022651,3,6,18,16
1545148800,3115.73,3154.116699289158,31.884382438078603,3,6,18,17
1545145200,3154.96,3154.270026691129,31.297073041424113,3,6,18,18
1545141600,3132.51,3150.3136582018324,38.787013791677786,3,6,18,19
1545138000,3085.31,3138.4948112560446,36.34509260579523,3,6,18,20
1545134400,3085.7,3128.8957546640363,31.810610988994952,3,6,18,21
1545130800,3073.9,3118.896526543302,31.88622879696686,3,6,18,22
1545127200,3061.23,3108.411703535429,30.774249160854552,3,6,18,23
1545123600,3060.53,3099.7059392562596,29.581383732263262,3,0,19,0
1545120000,3111.83,3101.910313936939,29.5133180608063,3,0,19,1
1545116400,3103.72,3102.2393477665864,40.34636381908761,3,0,19,2
1545112800,3096.42,3101.181284536298,39.31759307279468,3,0,19,3
1545109200,3131.75,3106.7392328024252,38.36921008791293,3,0,19,4
1545105600,3144.22,3113.5539177474384,45.252084975226026,3,0,19,5
1545102000,3113.19,3113.4877508842674,47.48150507479821,3,0,19,6
1545098400,3104.43,3111.8408870871276,42.80987648098806,3,0,19,7
1545094800,3111.11,3111.7079985258315,41.56652319948349,3,0,19,8
1545091200,3115.4,3112.379271521135,42.92775646884194,3,0,19,9
1545087600,3095.19,3109.253949426383,43.83269673541422,3,0,19,10
1545084000,3110.7,3109.516867712495,40.5691865497672,3,0,19,11
1545080400,3164.65,3119.54107358295,44.0142292625409,3,0,19,12
1545076800,3145.62,3124.2826965678682,54.00233359051231,3,0,19,13
1545073200,3137.47,3126.680388100983,50.57487475728636,3,0,19,14
1545069600,3063.5,3115.1930448098947,49.13651483606465,3,0,19,15
1545066000,3050.89,3103.5015821171864,38.44854228994834,3,0,19,16
1545062400,3031.63,3090.4340217322433,36.97212362204195,3,0,19,17
1545058800,3029.71,3079.393290508199,34.77562720094029,3,0,19,18
1545055200,3021.04,3068.78360132489,34.55523330488906,3,0,19,19
1545051600,3022.67,3060.3993101749097,33.52209538868428,3,0,19,20
