,Prix,ema,rsi,month,weekday,day,hour
1545087600,3095.19,3109.253949426383,43.83269673541422,3,0,19,10
1545084000,3110.7,3109.516867712495,40.5691865497672,3,0,19,11
1545080400,3164.65,3119.54107358295,44.0142292625409,3,0,19,12
1545076800,3145.62,3124.2826965678682,54.00233359051231,3,0,19,13
1545073200,3137.47,3126.680388100983,50.57487475728636,3,0,19,14
1545069600,3063.5,3115.1930448098947,49.13651483606465,3,0,19,15
1545066000,3050.89,3103.5015821171864,38.44854228994834,3,0,19,16
1545062400,3031.63,3090.4340217322433,36.97212362204195,3,0,19,17
1545058800,3029.71,3079.393290508199,34.77562720094029,3,0,19,18
1545055200,3021.04,3068.78360132489,34.55523330488906,3,0,19,19
1545051600,3022.67,3060.3993101749097,33.52209538868428,3,0,19,20
1545048000,2895.85,3030.4812537794714,33.922089834050794,3,0,19,21
1545044400,2898.06,3006.404662183204,22.552302274790136,3,0,19,22
1545040800,2894.57,2986.071087240803,23.036412506509436,3,0,19,23
1545037200,2899.17,2970.270889560657,22.79409988661895,3,1,20,0
1545033600,2904.75,2958.3580005496283,23.929875144629307,3,1,20,1
1545030000,2877.65,2943.6838186315135,25.36420852742971,3,1,20,2
1545026400,2869.49,2930.1940334257833,23.08737962075118,3,1,20,3
1545022800,2864.79,2918.3023909847316,22.4343569505168,3,1,20,4
1545019200,2858.51,2907.431047169326,22.04753944036821,3,1,20,5
1545015600,2858.57,2898.5472204112666,21.513767860035188,3,1,20,6
1545012000,2860.47,2891.6240894273997,21.53331381620309,3,1,20,7
1545008400,2869.74,2887.645164076963,22.194103093918415,3,1,20,8
1545004800,2856.03,2881.896952426606,25.490940823314958,3,1,20,9
1545001200,2860.05,2877.924779258132,23.87936676380008,3,1,20,10
1544997600,2866.75,2875.8930012111987,25.369260956693537,3,1,20,11
1544994000,2879.39,2876.5288191727986,27.90210840042205,3,1,20,12
1544990400,2883.47,2877.7908520504716,32.55274619193193,3,1,20,13
1544986800,2867.93,2875.9979698594766,34.031927862922814,3,1,20,14
1544983200,2864.2,2873.852884430481,31.223196865428903,3,1,20,15
1544979600,2874.07,2873.892359988575,30.571004361385818,3,1,20,16
1544976000,2869.9,2873.166476354289,34.4715158508713,3,1,20,17
1544972400,2858.94,2870.5798442898727,33.61233816617356,3,1,20,18
1544968800,2885.22,2873.2416907826228,31.397333927442006,3,1,20,19
1544965200,2888.86,2876.0813833676,41.37361042066324,3,1,20,20
1544961600,2892.93,2879.1447682098546,42.618301532835076,3,1,20,21
1544958000,2893.09,2881.680264898972,44.04869773045637,3,1,20,22
1544954400,2882.73,2881.871125826431,44.10768323743283,3,1,20,23
1544950800,2876.8,2880.949102948898,41.087266796784775,3,2,21,0
1544947200,2881.09,2880.974720594553,39.4231510362459,3,2,21,1
1544943600,2894.74,2883.4774986682705,41.27616202811651,3,2,21,2
1544940000,2890.86,2884.819771637676,46.847448337918316,3,2,21,3
1544936400,2894.72,2886.6198131580977,45.52530758424642,3,2,21,4
1544932800,2891.76,2887.5543925838983,47.12409180565339,3,2,21,5
1544929200,2882.34,2886.6063212050076,46.00895907219856,3,2,21,6
1544925600,2848.44,2879.6669900768243,42.55749392865375,3,2,21,7
1544922000,2846.04,2873.552991881038,32.97156637478099,3,2,21,8
1544918400,2848.24,2868.950629720849,32.41489493309139,3,2,21,9
1544914800,2854.72,2866.3632424988764,33.522864375695406,3,2,21,10
1544911200,2862.71,2865.6990165899897,36.808881631248646,3,2,21,11
1544907600,2848.95,2862.653740846355,40.70112891063153,3,2,21,12
1544904000,2834.01,2857.4457879651995,36.52830342915904,3,2,21,13
1544900400,2815.7,2849.8556446987996,32.61810063462684,3,2,21,14
1544896800,2812.86,2843.1291638444723,28.58018495890073,3,2,21,15
1544893200,2819.15,2838.7693158727498,28.001170456573945,3,2,21,16
1544889600,2802.84,2832.236712986795,31.319903298947906,3,2,21,17
1544886000,2815.81,2829.2500378982863,27.748241553637968,3,2,21,18
1544882400,2807.21,2825.242758280416,34.1766112515312,3,2,21,19
1544878800,2816.6,2823.671347683977,32.134996303782074,3,2,21,20
1544875200,2822.09,2823.3838299232534,36.58910245569272,3,2,21,21
1544871600,2812.9,2821.477679028116,39.105527475065266,3,2,21,22
1544868000,2814.6,2820.2271919320947,36.494702423888235,3,2,21,23
1544864400,2855.59,2826.6567933989863,37.32824838073229,3,3,22,0
1544860800,2851.5,2831.173740053716,53.2588634141934,3,3,22,1
1544857200,2855.84,2835.658514589404,51.842811013104466,3,3,22,2
1544853600,2865.3,2841.0478755731488,53.26285156591514,3,3,22,3
1544850000,2867.83,2845.917352741667,56.28851925394197,3,3,22,4
1544846400,2872.4,2850.732379515909,57.08862160989193,3,3,22,5
1544842800,2865.07,2853.3392196039254,58.56401574319492,3,3,22,6
1544839200,2858.49,2854.275725130484,55.28092171870929,3,3,22,7
1544835600,2862.62,2855.7928660158504,52.43899153025474,3,3,22,8
1544832000,2848.35,2854.439617649332,54.03620459531414,3,3,22,9
1544828400,2863.91,2856.1615053494534,48.033897257539934,3,3,22,10
1544824800,2815.57,2848.781231649553,54.03011153956485,3,3,22,11
1544821200,2826.65,2844.757371349634,38.98147878200716,3,3,22,12
1544817600,2835.62,2843.096031104246,42.90669987950862,3,3,22,13
1544814000,2836.0,2841.8058436307465,45.93868071540434,3,3,22,14
1544810400,2835.85,2840.7229629706103,46.06934378201556,3,3,22,15
1544806800,2841.27,2840.822424248681,46.02205865126408,3,3,22,16
1544803200,2889.41,2849.6565289307387,48.09512603968045,3,3,22,17
1544799600,2905.76,2859.8571600342407,62.04000460090679,3,3,22,18
1544796000,2905.19,2868.099494573469,65.43642618154213,3,3,22,19
1544792400,2923.69,2878.2068591964744,65.21734738166734,3,3,22,20
1544788800,2904.31,2882.952884797115,68.86122558516962,3,3,22,21
1544785200,2918.73,2889.4578148340033,61.582951890598,3,3,22,22
1544781600,2908.79,2892.972757591457,64.58257562469882,3,3,22,23
1544778000,2907.33,2895.583165302101,61.04428417799553,3,4,23,0
1544774400,2900.31,2896.442589792628,60.519806598406646,3,4,23,1
1544770800,2908.56,2898.6457552848774,57.942034024305535,3,4,23,2
1544767200,2887.19,2896.562890687627,60.093301385427964,3,4,23,3
1544763600,2899.96,2897.18054692624,52.58951374185359,3,4,23,4
1544760000,2882.62,2894.5331747578325,56.115921384988894,3,4,23,5
1544756400,2888.08,2893.359870256408,50.61105966459051,3,4,23,6
1544752800,2911.43,2896.6453483916066,52.20109401107812,3,4,23,7
1544749200,2909.04,2898.8989214113144,58.373142747156244,3,4,23,8
1544745600,2897.4,2898.6263902456208,57.553957204715786,3,4,23,9
1544742000,2901.68,2899.181592019144,53.608116788327244,3,4,23,10
1544738400,2891.42,2897.7703934702085,54.83428125155652,3,4,23,11
1544734800,2884.69,2895.3921401119887,51.33175717682764,3,4,23,12
1544731200,2945.38,2904.480841909809,49.11559875115343,3,4,23,13
1544727600,3001.76,2922.1679615625712,64.14766971961323,3,4,23,14
1544724000,2994.43,2935.30651400574,72.32649505771673,3,4,23,15
1544720400,3010.28,2948.9380569137875,70.08787682937614,3,4,23,16
1544716800,3023.15,2962.431137474917,72.09888636215037,3,4,23,17
1544713200,3014.83,2971.958203388568,73.64810496897435,3,4,23,18
1544709600,3024.16,2981.4494391361013,70.90709677879974,3,4,23,19
1544706000,3022.83,2988.9731774749916,72.15846448020135,3,4,23,20
1544702400,2992.02,2989.5271452068114,71.68511538823181,3,4,23,21
1544698800,3011.07,2993.444027896482,61.60361434209283,3,4,23,22
1544695200,3009.15,2996.2996591880305,64.89135978987915,3,4,23,23
1544691600,2995.6,2996.17244842657,64.29381840227079,3,5,24,0
1544688000,2996.07,2996.1538214399206,60.08853307258266,3,5,24,1
1544684400,2984.83,2994.09494481448,60.185809449237034,3,5,24,2
1544680800,2983.48,2992.164954848211,56.63099432707271,3,5,24,3
1544677200,2989.77,2991.7295085121723,56.20163195618784,3,5,24,4
1544673600,3001.97,2993.591416055414,57.806776189981925,3,5,24,5
1544670000,3004.46,2995.5675222271566,60.80703116814265,3,5,24,6
1544666400,2999.91,2996.3570636404006,61.410163477996946,3,5,24,7
1544662800,3030.87,3002.6321429785094,59.605131841884614,3,5,24,8
1544659200,3048.08,3010.895389709689,66.76377200582925,3,5,24,9
1544655600,3032.43,3014.8107733988363,69.95156954787248,3,5,24,10
1544652000,3054.42,3022.0124509626844,63.945287766934854,3,5,24,11
1544648400,3052.04,3027.4720053331052,68.09115081443099,3,5,24,12
1544644800,3047.14,3031.0480043634498,67.1906212285614,3,5,24,13
1544641200,3062.87,3036.8338217519135,65.27650625922095,3,5,24,14
1544637600,3054.25,3040.000399615202,68.38969450604694,3,5,24,15
1544634000,3060.06,3043.647599685165,64.95297385176278,3,5,24,16
1544630400,3060.63,3046.7353088333166,66.18635993709206,3,5,24,17
1544626800,3020.72,3042.0052526818044,66.31161964952821,3,5,24,18
1544623200,3024.83,3038.882479466931,51.83325468098482,3,5,24,19
1544619600,3030.3,3037.3220286547617,52.9720116911052,3,5,24,20
1544616000,3048.05,3039.2725688993505,54.51334976050346,3,5,24,21
1544612400,3047.5,3040.768465463105,59.18776796976051,3,5,24,22
1544608800,3016.77,3036.4051081061766,58.985494998736755,3,5,24,23
1544605200,3012.16,3031.996906632326,48.924962919105184,3,6,25,0
1544601600,3013.52,3028.637469062812,47.61299189667819,3,6,25,1
1544598000,2998.72,3023.19792923321,48.05553510574892,3,6,25,3
1544594400,2989.7,3017.107396645353,43.726561820615466,3,6,25,4
1544590800,2984.22,3011.1278699825616,41.285554321046014,3,6,25,5
1544587200,2980.66,3005.588257258459,39.83076166890111,3,6,25,6
1544583600,2985.72,3001.9758468478303,38.87246671336441,3,6,25,7
1544580000,2977.68,2997.5584201482247,41.04364948954906,3,6,25,8
1544576400,2976.51,2993.731434666729,38.692008588510376,3,6,25,9
1544572800,2988.41,2992.76390109096,38.347675643788385,3,6,25,10
1544569200,2998.09,2993.7322827107855,43.823594812316,3,6,25,11
1544565600,3006.09,2995.9791403997333,47.87899255469983,3,6,25,12
1544562000,2984.82,2993.9502057816,51.025636637802236,3,6,25,13
1544558400,2975.54,2990.6028956394907,43.505272044528674,3,6,25,14
1544554800,2983.9,2989.3841873414012,40.68767727862169,3,6,25,15
1544551200,2989.48,2989.401607824783,44.19406560633336,3,6,25,16
1544547600,2975.73,2986.9158609475494,46.46881994625553,3,6,25,17
1544544000,2964.85,2982.903886229813,41.9329299902233,3,6,25,18
1544540400,2966.57,2979.9340887334833,38.712848418738595,3,6,25,19
1544536800,2976.14,2979.244254418304,39.50375343385865,3,6,25,20
1544533200,2964.27,2976.521662705885,43.845900545164795,3,6,25,21
1544529600,2971.32,2975.575905850269,40.0099937092392,3,6,25,22
1544526000,2967.02,2974.0202866047653,43.18902207388684,3,6,25,23
1544522400,3017.06,2981.845689040262,41.736264677440296,3,0,26,0
1544518800,3026.98,2990.0519273965783,59.01405520377748,3,0,26,1
1544515200,3021.58,2995.784304233564,61.45436064620433,3,0,26,2
1544511600,3030.19,3002.0398852820067,59.38169799932458,3,0,26,3
1544508000,3029.88,3007.101724321642,61.605223598030726,3,0,26,4
1544504400,3019.94,3009.435956263161,61.47473868918132,3,0,26,5
1544500800,3008.25,3009.220327851677,57.28494513986884,3,0,26,6
1544497200,3009.38,3009.249359151372,52.73305593648757,3,0,26,7
1544493600,3007.75,3008.976748396577,53.12083084375019,3,0,26,8
1544490000,3016.74,3010.3882486881084,52.45236214958456,3,0,26,9
1544486400,3033.73,3014.6322034720883,55.75907996177344,3,0,26,10
