,Prix,ema,rsi,month,weekday,day,hour
1544781600,2908.79,2892.972757591457,64.58257562469882,3,3,22,23
1544778000,2907.33,2895.583165302101,61.04428417799553,3,4,23,0
1544774400,2900.31,2896.442589792628,60.519806598406646,3,4,23,1
1544770800,2908.56,2898.6457552848774,57.942034024305535,3,4,23,2
1544767200,2887.19,2896.562890687627,60.093301385427964,3,4,23,3
1544763600,2899.96,2897.18054692624,52.58951374185359,3,4,23,4
1544760000,2882.62,2894.5331747578325,56.115921384988894,3,4,23,5
1544756400,2888.08,2893.359870256408,50.61105966459051,3,4,23,6
1544752800,2911.43,2896.6453483916066,52.20109401107812,3,4,23,7
1544749200,2909.04,2898.8989214113144,58.373142747156244,3,4,23,8
1544745600,2897.4,2898.6263902456208,57.553957204715786,3,4,23,9
1544742000,2901.68,2899.181592019144,53.608116788327244,3,4,23,10
1544738400,2891.42,2897.7703934702085,54.83428125155652,3,4,23,11
1544734800,2884.69,2895.3921401119887,51.33175717682764,3,4,23,12
1544731200,2945.38,2904.480841909809,49.11559875115343,3,4,23,13
1544727600,3001.76,2922.1679615625712,64.14766971961323,3,4,23,14
1544724000,2994.43,2935.30651400574,72.32649505771673,3,4,23,15
1544720400,3010.28,2948.9380569137875,70.08787682937614,3,4,23,16
1544716800,3023.15,2962.431137474917,72.09888636215037,3,4,23,17
1544713200,3014.83,2971.958203388568,73.64810496897435,3,4,23,18
1544709600,3024.16,2981.4494391361013,70.90709677879974,3,4,23,19
1544706000,3022.83,2988.9731774749916,72.15846448020135,3,4,23,20
1544702400,2992.02,2989.5271452068114,71.68511538823181,3,4,23,21
1544698800,3011.07,2993.444027896482,61.60361434209283,3,4,23,22
1544695200,3009.15,2996.2996591880305,64.89135978987915,3,4,23,23
1544691600,2995.6,2996.17244842657,64.29381840227079,3,5,24,0
1544688000,2996.07,2996.1538214399206,60.08853307258266,3,5,24,1
1544684400,2984.83,2994.09494481448,60.185809449237034,3,5,24,2
1544680800,2983.48,2992.164954848211,56.63099432707271,3,5,24,3
1544677200,2989.77,2991.7295085121723,56.20163195618784,3,5,24,4
1544673600,3001.97,2993.591416055414,57.806776189981925,3,5,24,5
1544670000,3004.46,2995.5675222271566,60.80703116814265,3,5,24,6
1544666400,2999.91,2996.3570636404006,61.410163477996946,3,5,24,7
1544662800,3030.87,3002.6321429785094,59.605131841884614,3,5,24,8
1544659200,3048.08,3010.895389709689,66.76377200582925,3,5,24,9
1544655600,3032.43,3014.8107733988363,69.95156954787248,3,5,24,10
1544652000,3054.42,3022.0124509626844,63.945287766934854,3,5,24,11
1544648400,3052.04,3027.4720053331052,68.09115081443099,3,5,24,12
1544644800,3047.14,3031.0480043634498,67.1906212285614,3,5,24,13
1544641200,3062.87,3036.8338217519135,65.27650625922095,3,5,24,14
1544637600,3054.25,3040.000399615202,68.38969450604694,3,5,24,15
1544634000,3060.06,3043.647599685165,64.95297385176278,3,5,24,16
1544630400,3060.63,3046.7353088333166,66.18635993709206,3,5,24,17
1544626800,3020.72,3042.0052526818044,66.31161964952821,3,5,24,18
1544623200,3024.83,3038.882479466931,51.83325468098482,3,5,24,19
1544619600,3030.3,3037.3220286547617,52.9720116911052,3,5,24,20
1544616000,3048.05,3039.2725688993505,54.51334976050346,3,5,24,21
1544612400,3047.5,3040.768465463105,59.18776796976051,3,5,24,22
1544608800,3016.77,3036.4051081061766,58.985494998736755,3,5,24,23
1544605200,3012.16,3031.996906632326,48.924962919105184,3,6,25,0
1544601600,3013.52,3028.637469062812,47.61299189667819,3,6,25,1
1544598000,2998.72,3023.19792923321,48.05553510574892,3,6,25,3
1544594400,2989.7,3017.107396645353,43.726561820615466,3,6,25,4
1544590800,2984.22,3011.1278699825616,41.285554321046014,3,6,25,5
1544587200,2980.66,3005.588257258459,39.83076166890111,3,6,25,6
1544583600,2985.72,3001.9758468478303,38.87246671336441,3,6,25,7
1544580000,2977.68,2997.5584201482247,41.04364948954906,3,6,25,8
1544576400,2976.51,2993.731434666729,38.692008588510376,3,6,25,9
1544572800,2988.41,2992.76390109096,38.347675643788385,3,6,25,10
1544569200,2998.09,2993.7322827107855,43.823594812316,3,6,25,11
1544565600,3006.09,2995.9791403997333,47.87899255469983,3,6,25,12
1544562000,2984.82,2993.9502057816,51.025636637802236,3,6,25,13
1544558400,2975.54,2990.6028956394907,43.505272044528674,3,6,25,14
1544554800,2983.9,2989.3841873414012,40.68767727862169,3,6,25,15
1544551200,2989.48,2989.401607824783,44.19406560633336,3,6,25,16
1544547600,2975.73,2986.9158609475494,46.46881994625553,3,6,25,17
1544544000,2964.85,2982.903886229813,41.9329299902233,3,6,25,18
1544540400,2966.57,2979.9340887334833,38.712848418738595,3,6,25,19
1544536800,2976.14,2979.244254418304,39.50375343385865,3,6,25,20
1544533200,2964.27,2976.521662705885,43.845900545164795,3,6,25,21
1544529600,2971.32,2975.575905850269,40.0099937092392,3,6,25,22
1544526000,2967.02,2974.0202866047653,43.18902207388684,3,6,25,23
1544522400,3017.06,2981.845689040262,41.736264677440296,3,0,26,0
1544518800,3026.98,2990.0519273965783,59.01405520377748,3,0,26,1
1544515200,3021.58,2995.784304233564,61.45436064620433,3,0,26,2
1544511600,3030.19,3002.0398852820067,59.38169799932458,3,0,26,3
1544508000,3029.88,3007.101724321642,61.605223598030726,3,0,26,4
1544504400,3019.94,3009.435956263161,61.47473868918132,3,0,26,5
1544500800,3008.25,3009.220327851677,57.28494513986884,3,0,26,6
1544497200,3009.38,3009.249359151372,52.73305593648757,3,0,26,7
1544493600,3007.75,3008.976748396577,53.12083084375019,3,0,26,8
1544490000,3016.74,3010.3882486881084,52.45236214958456,3,0,26,9
1544486400,3033.73,3014.6322034720883,55.75907996177344,3,0,26,10
1544482800,3044.93,3020.14089374989,61.24461080913961,3,0,26,11
1544479200,3031.37,3022.1825494317277,64.38004178422116,3,0,26,12
1544475600,3026.46,3022.9602677168677,58.2369102080609,3,0,26,13
1544472000,3007.32,3020.1165826774372,56.14772374329706,3,0,26,14
1544468400,3030.55,3022.013567645176,48.79866168783283,3,0,26,15
1544464800,3039.46,3025.1856462551436,56.27842004119031,3,0,26,16
1544461200,3063.59,3032.1682560269355,58.76652863347447,3,0,26,17
1544457600,3024.34,3030.744936749311,64.63600206613084,3,0,26,18
1544454000,3059.8,3036.0276755221635,51.73554034693474,3,0,26,19
1544450400,3089.26,3045.706279972679,59.58374910697568,3,0,26,20
1544446800,3070.58,3050.2287745231006,64.71694640755484,3,0,26,21
1544443200,3095.35,3058.4326337007187,59.55209546018496,3,0,26,22
1544439600,3088.63,3063.9230639369516,63.690165719214384,3,0,26,23
1544436000,3088.54,3068.3988704938693,61.84170082011204,3,1,27,0
1544432400,3077.89,3070.1245304040744,61.81582486329345,3,1,27,1
1544428800,3085.19,3072.8637066942424,58.68653876810957,3,1,27,2
1544425200,3077.31,3073.6721236589256,60.17474164294648,3,1,27,3
1544421600,3113.85,3080.977192084575,57.75618054194149,3,1,27,4
1544418000,3118.52,3087.803157160107,64.81764455404583,3,1,27,5
1544414400,3123.22,3094.2425831309965,65.60888922172059,3,1,27,6
1544410800,3120.43,3099.0039316526336,66.42723832811905,3,1,27,7
1544407200,3140.95,3106.6304895339726,65.43189493963149,3,1,27,8
1544403600,3150.74,3114.6504005277957,69.09925480719684,3,1,27,9
1544400000,3129.78,3117.401236795469,70.69655538317745,3,1,27,10
1544396400,3118.52,3117.6046482872016,63.168055104829236,3,1,27,11
1544392800,3130.04,3119.865621325892,59.50220206109813,3,1,27,12
1544389200,3179.52,3130.7118719939112,61.936032779179754,3,1,27,13
1544385600,3167.14,3137.3351679950183,70.21563093181935,3,1,27,14
1544382000,3176.09,3144.381501086833,66.32814612863979,3,1,27,15
1544378400,3163.21,3147.8048645255903,67.71957564248214,3,1,27,16
1544374800,3197.01,3156.7512527936647,63.64364541088579,3,1,27,17
1544371200,3173.37,3159.7728431948162,68.92878300356743,3,1,27,18
1544367600,3113.62,3151.381417159395,62.12630780538599,3,1,27,19
1544364000,3086.99,3139.6738867667773,48.971491012113894,3,1,27,20
1544360400,3039.72,3121.500452809181,44.45361522634451,3,1,27,21
1544356800,3040.83,3106.833097752966,37.789255720167084,3,1,27,22
1544353200,3014.63,3090.068898161517,38.02421652238663,3,1,27,23
1544349600,3022.02,3077.6963712230595,34.69347579724291,3,2,28,0
1544346000,3027.75,3068.6152128188664,36.38609946340372,3,2,28,1
1544342400,3022.48,3060.226992306345,37.73367142093077,3,2,28,2
1544338800,3046.03,3057.6457209779187,36.958225130676524,3,2,28,3
1544335200,3021.62,3051.0955898910242,42.631824634954505,3,2,28,4
1544331600,3027.74,3046.849119001747,38.740015071634794,3,2,28,5
1544328000,3024.52,3042.7892791832473,40.2136437735802,3,2,28,6
1544324400,3038.01,3041.9203193317476,39.672896635295416,3,2,28,7
1544320800,3033.85,3040.452988544157,43.12349540517839,3,2,28,8
1544317200,3022.53,3037.19426335431,42.3196180519431,3,2,28,9
1544313600,3019.52,3033.9807609262534,40.12753932772264,3,2,28,10
1544310000,3091.2,3044.384258939662,39.54104036082279,3,2,28,11
1544306400,2910.71,3020.0798482233595,56.02459176093544,3,2,28,12
1544302800,2952.86,3007.858057637294,32.21070831371442,3,2,28,13
1544299200,2976.96,3002.2402289759675,38.757568490619136,3,2,28,14
1544295600,2994.8,3000.887460071246,42.195055795181545,3,2,28,15
1544292000,2972.22,2995.6751946037466,44.6707988446374,3,2,28,16
1544288400,2979.03,2992.6487955848834,42.206819943433594,3,2,28,17
1544284800,2972.59,2989.001741842177,43.22397257120971,3,2,28,18
1544281200,2951.97,2982.2686978708716,42.462871502706854,3,2,28,19
1544277600,2949.05,2976.228934621622,40.03226163838687,3,2,28,20
1544274000,2964.76,2974.143673781327,39.68582787244629,3,2,28,21
1544270400,3019.0,2982.2993694574493,42.565613070109094,3,2,28,22
1544266800,2990.0,2983.699484101549,51.22464501833002,3,2,28,23
1544263200,3000.25,2986.708668810358,47.13310846443412,3,3,29,0
1544259600,2989.23,2987.16709266302,48.693000867904225,3,3,29,1
1544256000,3034.91,2995.8476212697433,47.08446438864827,3,3,29,2
1544252400,3026.96,3001.504417402517,53.88489972979946,3,3,29,3
1544248800,3034.69,3007.5381596929683,52.61751186710002,3,3,29,4
1544245200,3042.56,3013.9057670215198,53.75642580267259,3,3,29,5
1544241600,3043.54,3019.2938093812436,54.9438530648328,3,3,29,6
1544238000,3026.71,3020.642207675563,55.098468484321,3,3,29,7
1544234400,3035.35,3023.3163517345515,51.81027492659585,3,3,29,8
1544230800,3068.96,3031.615196873724,53.34945309989427,3,3,29,9
1544227200,2994.56,3024.8778883512286,58.85489379250991,3,3,29,10
1544223600,2997.97,3019.9855450146415,45.93246359331098,3,3,29,11
1544220000,2995.77,3015.582718648343,46.5121364868662,3,3,29,12
1544216400,2945.59,3002.8567698031893,46.16822822865674,3,3,29,13
1544212800,3068.62,3014.813720748064,39.07190261119648,3,3,29,14
1544209200,2862.63,2987.143953339325,56.66073236791974,3,3,29,15
1544205600,2872.76,2966.3468709139934,37.263999311718244,3,3,29,16
1544202000,2883.37,2951.260167111449,38.38114046927434,3,3,29,17
1544198400,2929.17,2947.243773091185,39.59441461174236,3,3,29,18
1544194800,3000.31,2956.892177983697,44.65988863160942,3,3,29,19
1544191200,2990.54,2963.009963804843,51.46769203767372,3,3,29,20
1544187600,2986.34,2967.251788567599,50.5480126587298,3,3,29,21
1544184000,2984.15,2970.324190646217,50.13328090080794,3,3,29,22
1544180400,2978.82,2971.8688832559956,49.903363135431334,3,3,29,23
