,Prix,ema,rsi,month,weekday,day,hour
1544540400,2966.57,2979.9340887334833,38.712848418738595,3,6,25,19
1544536800,2976.14,2979.244254418304,39.50375343385865,3,6,25,20
1544533200,2964.27,2976.521662705885,43.845900545164795,3,6,25,21
1544529600,2971.32,2975.575905850269,40.0099937092392,3,6,25,22
1544526000,2967.02,2974.0202866047653,43.18902207388684,3,6,25,23
1544522400,3017.06,2981.845689040262,41.736264677440296,3,0,26,0
1544518800,3026.98,2990.0519273965783,59.01405520377748,3,0,26,1
1544515200,3021.58,2995.784304233564,61.45436064620433,3,0,26,2
1544511600,3030.19,3002.0398852820067,59.38169799932458,3,0,26,3
1544508000,3029.88,3007.101724321642,61.605223598030726,3,0,26,4
1544504400,3019.94,3009.435956263161,61.47473868918132,3,0,26,5
1544500800,3008.25,3009.220327851677,57.28494513986884,3,0,26,6
1544497200,3009.38,3009.249359151372,52.73305593648757,3,0,26,7
1544493600,3007.75,3008.976748396577,53.12083084375019,3,0,26,8
1544490000,3016.74,3010.3882486881084,52.45236214958456,3,0,26,9
1544486400,3033.73,3014.6322034720883,55.75907996177344,3,0,26,10
1544482800,3044.93,3020.14089374989,61.24461080913961,3,0,26,11
1544479200,3031.37,3022.1825494317277,64.38004178422116,3,0,26,12
1544475600,3026.46,3022.9602677168677,58.2369102080609,3,0,26,13
1544472000,3007.32,3020.1165826774372,56.14772374329706,3,0,26,14
1544468400,3030.55,3022.013567645176,48.79866168783283,3,0,26,15
1544464800,3039.46,3025.1856462551436,56.27842004119031,3,0,26,16
1544461200,3063.59,3032.1682560269355,58.76652863347447,3,0,26,17
1544457600,3024.34,3030.744936749311,64.63600206613084,3,0,26,18
1544454000,3059.8,3036.0276755221635,51.73554034693474,3,0,26,19
1544450400,3089.26,3045.706279972679,59.58374910697568,3,0,26,20
1544446800,3070.58,3050.2287745231006,64.71694640755484,3,0,26,21
1544443200,3095.35,3058.4326337007187,59.55209546018496,3,0,26,22
1544439600,3088.63,3063.9230639369516,63.690165719214384,3,0,26,23
1544436000,3088.54,3068.3988704938693,61.84170082011204,3,1,27,0
1544432400,3077.89,3070.1245304040744,61.81582486329345,3,1,27,1
1544428800,3085.19,3072.8637066942424,58.68653876810957,3,1,27,2
1544425200,3077.31,3073.6721236589256,60.17474164294648,3,1,27,3
1544421600,3113.85,3080.977192084575,57.75618054194149,3,1,27,4
1544418000,3118.52,3087.803157160107,64.81764455404583,3,1,27,5
1544414400,3123.22,3094.2425831309965,65.60888922172059,3,1,27,6
1544410800,3120.43,3099.0039316526336,66.42723832811905,3,1,27,7
1544407200,3140.95,3106.6304895339726,65.43189493963149,3,1,27,8
1544403600,3150.74,3114.6504005277957,69.09925480719684,3,1,27,9
1544400000,3129.78,3117.401236795469,70.69655538317745,3,1,27,10
1544396400,3118.52,3117.6046482872016,63.168055104829236,3,1,27,11
1544392800,3130.04,3119.865621325892,59.50220206109813,3,1,27,12
1544389200,3179.52,3130.7118719939112,61.936032779179754,3,1,27,13
1544385600,3167.14,3137.3351679950183,70.21563093181935,3,1,27,14
1544382000,3176.09,3144.381501086833,66.32814612863979,3,1,27,15
1544378400,3163.21,3147.8048645255903,67.71957564248214,3,1,27,16
1544374800,3197.01,3156.7512527936647,63.64364541088579,3,1,27,17
1544371200,3173.37,3159.7728431948162,68.92878300356743,3,1,27,18
1544367600,3113.62,3151.381417159395,62.12630780538599,3,1,27,19
1544364000,3086.99,3139.6738867667773,48.971491012113894,3,1,27,20
1544360400,3039.72,3121.500452809181,44.45361522634451,3,1,27,21
1544356800,3040.83,3106.833097752966,37.789255720167084,3,1,27,22
1544353200,3014.63,3090.068898161517,38.02421652238663,3,1,27,23
1544349600,3022.02,3077.6963712230595,34.69347579724291,3,2,28,0
1544346000,3027.75,3068.6152128188664,36.38609946340372,3,2,28,1
1544342400,3022.48,3060.226992306345,37.73367142093077,3,2,28,2
1544338800,3046.03,3057.6457209779187,36.958225130676524,3,2,28,3
1544335200,3021.62,3051.0955898910242,42.631824634954505,3,2,28,4
1544331600,3027.74,3046.849119001747,38.740015071634794,3,2,28,5
1544328000,3024.52,3042.7892791832473,40.2136437735802,3,2,28,6
1544324400,3038.01,3041.9203193317476,39.672896635295416,3,2,28,7
1544320800,3033.85,3040.452988544157,43.12349540517839,3,2,28,8
1544317200,3022.53,3037.19426335431,42.3196180519431,3,2,28,9
1544313600,3019.52,3033.9807609262534,40.12753932772264,3,2,28,10
1544310000,3091.2,3044.384258939662,39.54104036082279,3,2,28,11
1544306400,2910.71,3020.0798482233595,56.02459176093544,3,2,28,12
1544302800,2952.86,3007.858057637294,32.21070831371442,3,2,28,13
1544299200,2976.96,3002.2402289759675,38.757568490619136,3,2,28,14
1544295600,2994.8,3000.887460071246,42.195055795181545,3,2,28,15
1544292000,2972.22,2995.6751946037466,44.6707988446374,3,2,28,16
1544288400,2979.03,2992.6487955848834,42.206819943433594,3,2,28,17
1544284800,2972.59,2989.001741842177,43.22397257120971,3,2,28,18
1544281200,2951.97,2982.2686978708716,42.462871502706854,3,2,28,19
1544277600,2949.05,2976.228934621622,40.03226163838687,3,2,28,20
1544274000,2964.76,2974.143673781327,39.68582787244629,3,2,28,21
1544270400,3019.0,2982.2993694574493,42.565613070109094,3,2,28,22
1544266800,2990.0,2983.699484101549,51.22464501833002,3,2,28,23
1544263200,3000.25,2986.708668810358,47.13310846443412,3,3,29,0
1544259600,2989.23,2987.16709266302,48.693000867904225,3,3,29,1
1544256000,3034.91,2995.8476212697433,47.08446438864827,3,3,29,2
1544252400,3026.96,3001.504417402517,53.88489972979946,3,3,29,3
1544248800,3034.69,3007.5381596929683,52.61751186710002,3,3,29,4
1544245200,3042.56,3013.9057670215198,53.75642580267259,3,3,29,5
1544241600,3043.54,3019.2938093812436,54.9438530648328,3,3,29,6
1544238000,3026.71,3020.642207675563,55.098468484321,3,3,29,7
1544234400,3035.35,3023.3163517345515,51.81027492659585,3,3,29,8
1544230800,3068.96,3031.615196873724,53.34945309989427,3,3,29,9
1544227200,2994.56,3024.8778883512286,58.85489379250991,3,3,29,10
1544223600,2997.97,3019.9855450146415,45.93246359331098,3,3,29,11
1544220000,2995.77,3015.582718648343,46.5121364868662,3,3,29,12
1544216400,2945.59,3002.8567698031893,46.16822822865674,3,3,29,13
1544212800,3068.62,3014.813720748064,39.07190261119648,3,3,29,14
1544209200,2862.63,2987.143953339325,56.66073236791974,3,3,29,15
1544205600,2872.76,2966.3468709139934,37.263999311718244,3,3,29,16
1544202000,2883.37,2951.260167111449,38.38114046927434,3,3,29,17
1544198400,2929.17,2947.243773091185,39.59441461174236,3,3,29,18
1544194800,3000.31,2956.892177983697,44.65988863160942,3,3,29,19
1544191200,2990.54,2963.009963804843,51.46769203767372,3,3,29,20
1544187600,2986.34,2967.251788567599,50.5480126587298,3,3,29,21
1544184000,2984.15,2970.324190646217,50.13328090080794,3,3,29,22
1544180400,2978.82,2971.8688832559956,49.903363135431334,3,3,29,23
1544176800,2970.91,2971.694540845814,49.31063603495165,3,4,30,0
1544173200,2965.38,2970.546442510212,48.39202278944063,3,4,30,1
1544169600,2986.23,2973.3979984174457,47.72267746858612,3,4,30,2
1544166000,2974.26,2973.55472597791,50.50255006375941,3,4,30,3
1544162400,3014.81,2981.055684891017,48.895056357305826,3,4,30,4
1544158800,2970.27,2979.094651274468,54.21207658705294,3,4,30,5
1544155200,2949.13,2973.6465328609283,48.271358327728706,3,4,30,6
1544151600,2960.92,2971.332617795305,45.710986942011665,3,4,30,7
1544148000,2973.76,2971.7739600143404,47.38708459670216,3,4,30,8
1544144400,2956.0,2968.90596728446,49.22560327303399,3,4,30,9
1544140800,3053.44,2984.2757914145577,46.79008104938092,3,4,30,10
1544137200,3183.15,3020.4347384300927,58.826511521298805,3,4,30,11
1544133600,3194.05,3052.0011496246216,68.9088761957683,3,4,30,12
1544130000,3217.09,3082.0173042383267,69.58293800511407,3,4,30,13
1544126400,3217.58,3106.665067104085,71.013478208643,3,4,30,14
1544122800,3188.48,3121.540509448797,71.04466779716651,3,4,30,15
1544119200,3199.88,3135.7840531853794,66.47038189126545,3,4,30,16
1544115600,3201.5,3147.7324071516737,67.35708314486823,3,4,30,17
1544112000,3221.93,3161.222878578642,67.48865967713874,3,4,30,18
1544108400,3262.01,3179.5478097461614,69.17605092215491,3,4,30,19
1544104800,3263.17,3194.7518443377685,72.22202074309179,3,4,30,20
1544101200,3311.48,3215.9751453672648,72.30731452090026,3,4,30,21
1544097600,3354.47,3241.1560280277617,75.65937712100698,3,4,30,22
1544094000,3348.21,3260.620386568168,78.18942768114647,3,4,30,23
1544090400,3393.65,3284.807589010319,76.93537676763604,3,5,31,0
1544086800,3393.94,3304.649845553897,79.50496992670517,3,5,31,1
1544083200,3389.82,3320.1353281804613,79.52065109826805,3,5,31,2
1544079600,3388.83,3332.6252685112863,78.60054186688635,3,5,31,3
1544076000,3389.53,3342.9715833274163,78.36589798382293,3,5,31,4
1544072400,3277.46,3331.060386358795,78.41496436132581,3,5,31,5
1544068800,3302.13,3325.8003161117413,56.371467905827444,3,5,31,6
1544065200,3277.75,3317.0638950005155,59.09729334788973,3,5,31,7
1544061600,3311.9,3316.125005000422,55.41272845612709,3,5,31,8
1544058000,3312.73,3315.5077313639813,59.24568509262715,3,5,31,9
1544054400,3281.33,3309.293598388712,59.33717908537341,3,5,31,10
1544050800,3298.21,3307.278398681673,54.36470783376294,3,5,31,11
1544047200,3313.66,3308.4386898304597,56.47624726965956,3,5,31,12
1544043600,3319.98,3310.537109861285,58.37468609875941,3,5,31,13
1544040000,3294.78,3307.6721807955964,59.1594431143749,3,5,31,14
1544036400,3314.01,3308.824511560033,54.72884730529764,3,5,31,15
1544032800,3302.58,3307.689145821845,57.35357419671888,3,5,31,16
1544029200,3285.77,3303.7038465815094,55.301235509253374,3,5,31,17
1544025600,3403.21,3321.79587447578,52.33512080706735,3,5,31,18
1544022000,3394.73,3335.0566245710925,66.0395186335424,3,5,31,19
1544018400,3413.49,3349.317238285439,64.59531974617613,3,5,31,20
1544014800,3422.14,3362.557740415359,66.34858682900827,3,5,31,21
1544011200,3435.55,3375.829060339839,67.15620973768557,3,5,31,22
1544007600,3412.87,3382.563776641686,68.42151122584164,3,5,31,23
1544004000,3404.71,3386.5903627068337,63.93529330076907,4,6,1,0
1544000400,3393.93,3387.924842214682,62.35125849636052,4,6,1,1
1543996800,3374.16,3385.422143630194,60.228316788675436,4,6,1,2
1543993200,3426.2,3392.836299333795,56.433404942070815,4,6,1,3
1543989600,3425.11,3398.704244909469,63.03574933733626,4,6,1,4
1543986000,3400.35,3399.0034731077467,62.82100420751318,4,6,1,5
1543982400,3411.34,3401.246477997247,57.98834733259605,4,6,1,6
1543978800,3423.83,3405.3525729068383,59.4783926789514,4,6,1,7
1543975200,3448.38,3413.175741469231,61.16421290473374,4,6,1,8
1543971600,3468.99,3423.323788474825,64.3074418394795,4,6,1,9
1543968000,3469.45,3431.710372388493,66.74111768251356,4,6,1,10
1543964400,3462.82,3437.3666683178576,66.79553611792659,4,6,1,11
1543960800,3464.11,3442.229092260065,65.14115993781215,4,6,1,12
1543957200,3436.37,3441.163802758235,65.32113509750852,4,6,1,13
1543953600,3471.41,3446.6631113476465,58.345145950979784,4,6,1,14
1543950000,3477.67,3452.3007274662564,63.6289875317802,4,6,1,15
1543946400,3472.83,3456.0333224723913,64.49547599511517,4,6,1,16
1543942800,3498.65,3463.7818092955927,63.24100147545544,4,6,1,17
1543939200,3523.95,3474.721480332758,66.9357648724102,4,6,1,18
