,Prix,ema,rsi,month,weekday,day,hour
1544331600,3027.74,3046.849119001747,38.740015071634794,3,2,28,5
1544328000,3024.52,3042.7892791832473,40.2136437735802,3,2,28,6
1544324400,3038.01,3041.9203193317476,39.672896635295416,3,2,28,7
1544320800,3033.85,3040.452988544157,43.12349540517839,3,2,28,8
1544317200,3022.53,3037.19426335431,42.3196180519431,3,2,28,9
1544313600,3019.52,3033.9807609262534,40.12753932772264,3,2,28,10
1544310000,3091.2,3044.384258939662,39.54104036082279,3,2,28,11
1544306400,2910.71,3020.0798482233595,56.02459176093544,3,2,28,12
1544302800,2952.86,3007.858057637294,32.21070831371442,3,2,28,13
1544299200,2976.96,3002.2402289759675,38.757568490619136,3,2,28,14
1544295600,2994.8,3000.887460071246,42.195055795181545,3,2,28,15
1544292000,2972.22,2995.6751946037466,44.6707988446374,3,2,28,16
1544288400,2979.03,2992.6487955848834,42.206819943433594,3,2,28,17
1544284800,2972.59,2989.001741842177,43.22397257120971,3,2,28,18
1544281200,2951.97,2982.2686978708716,42.462871502706854,3,2,28,19
1544277600,2949.05,2976.228934621622,40.03226163838687,3,2,28,20
1544274000,2964.76,2974.143673781327,39.68582787244629,3,2,28,21
1544270400,3019.0,2982.2993694574493,42.565613070109094,3,2,28,22
1544266800,2990.0,2983.699484101549,51.22464501833002,3,2,28,23
1544263200,3000.25,2986.708668810358,47.13310846443412,3,3,29,0
1544259600,2989.23,2987.16709266302,48.693000867904225,3,3,29,1
1544256000,3034.91,2995.8476212697433,47.08446438864827,3,3,29,2
1544252400,3026.96,3001.504417402517,53.88489972979946,3,3,29,3
1544248800,3034.69,3007.5381596929683,52.61751186710002,3,3,29,4
1544245200,3042.56,3013.9057670215198,53.75642580267259,3,3,29,5
1544241600,3043.54,3019.2938093812436,54.9438530648328,3,3,29,6
1544238000,3026.71,3020.642207675563,55.098468484321,3,3,29,7
1544234400,3035.35,3023.3163517345515,51.81027492659585,3,3,29,8
1544230800,3068.96,3031.615196873724,53.34945309989427,3,3,29,9
1544227200,2994.56,3024.8778883512286,58.85489379250991,3,3,29,10
1544223600,2997.97,3019.9855450146415,45.93246359331098,3,3,29,11
1544220000,2995.77,3015.582718648343,46.5121364868662,3,3,29,12
1544216400,2945.59,3002.8567698031893,46.16822822865674,3,3,29,13
1544212800,3068.62,3014.813720748064,39.07190261119648,3,3,29,14
1544209200,2862.63,2987.143953339325,56.66073236791974,3,3,29,15
1544205600,2872.76,2966.3468709139934,37.263999311718244,3,3,29,16
1544202000,2883.37,2951.260167111449,38.38114046927434,3,3,29,17
1544198400,2929.17,2947.243773091185,39.59441461174236,3,3,29,18
1544194800,3000.31,2956.892177983697,44.65988863160942,3,3,29,19
1544191200,2990.54,2963.009963804843,51.46769203767372,3,3,29,20
1544187600,2986.34,2967.251788567599,50.5480126587298,3,3,29,21
1544184000,2984.15,2970.324190646217,50.13328090080794,3,3,29,22
1544180400,2978.82,2971.8688832559956,49.903363135431334,3,3,29,23
1544176800,2970.91,2971.694540845814,49.31063603495165,3,4,30,0
1544173200,2965.38,2970.546442510212,48.39202278944063,3,4,30,1
1544169600,2986.23,2973.3979984174457,47.72267746858612,3,4,30,2
1544166000,2974.26,2973.55472597791,50.50255006375941,3,4,30,3
1544162400,3014.81,2981.055684891017,48.895056357305826,3,4,30,4
1544158800,2970.27,2979.094651274468,54.21207658705294,3,4,30,5
1544155200,2949.13,2973.6465328609283,48.271358327728706,3,4,30,6
1544151600,2960.92,2971.332617795305,45.710986942011665,3,4,30,7
1544148000,2973.76,2971.7739600143404,47.38708459670216,3,4,30,8
1544144400,2956.0,2968.90596728446,49.22560327303399,3,4,30,9
1544140800,3053.44,2984.2757914145577,46.79008104938092,3,4,30,10
1544137200,3183.15,3020.4347384300927,58.826511521298805,3,4,30,11
1544133600,3194.05,3052.0011496246216,68.9088761957683,3,4,30,12
1544130000,3217.09,3082.0173042383267,69.58293800511407,3,4,30,13
1544126400,3217.58,3106.665067104085,71.013478208643,3,4,30,14
1544122800,3188.48,3121.540509448797,71.04466779716651,3,4,30,15
1544119200,3199.88,3135.7840531853794,66.47038189126545,3,4,30,16
1544115600,3201.5,3147.7324071516737,67.35708314486823,3,4,30,17
1544112000,3221.93,3161.222878578642,67.48865967713874,3,4,30,18
1544108400,3262.01,3179.5478097461614,69.17605092215491,3,4,30,19
1544104800,3263.17,3194.7518443377685,72.22202074309179,3,4,30,20
1544101200,3311.48,3215.9751453672648,72.30731452090026,3,4,30,21
1544097600,3354.47,3241.1560280277617,75.65937712100698,3,4,30,22
1544094000,3348.21,3260.620386568168,78.18942768114647,3,4,30,23
1544090400,3393.65,3284.807589010319,76.93537676763604,3,5,31,0
1544086800,3393.94,3304.649845553897,79.50496992670517,3,5,31,1
1544083200,3389.82,3320.1353281804613,79.52065109826805,3,5,31,2
1544079600,3388.83,3332.6252685112863,78.60054186688635,3,5,31,3
1544076000,3389.53,3342.9715833274163,78.36589798382293,3,5,31,4
1544072400,3277.46,3331.060386358795,78.41496436132581,3,5,31,5
1544068800,3302.13,3325.8003161117413,56.371467905827444,3,5,31,6
1544065200,3277.75,3317.0638950005155,59.09729334788973,3,5,31,7
1544061600,3311.9,3316.125005000422,55.41272845612709,3,5,31,8
1544058000,3312.73,3315.5077313639813,59.24568509262715,3,5,31,9
1544054400,3281.33,3309.293598388712,59.33717908537341,3,5,31,10
1544050800,3298.21,3307.278398681673,54.36470783376294,3,5,31,11
1544047200,3313.66,3308.4386898304597,56.47624726965956,3,5,31,12
1544043600,3319.98,3310.537109861285,58.37468609875941,3,5,31,13
1544040000,3294.78,3307.6721807955964,59.1594431143749,3,5,31,14
1544036400,3314.01,3308.824511560033,54.72884730529764,3,5,31,15
1544032800,3302.58,3307.689145821845,57.35357419671888,3,5,31,16
1544029200,3285.77,3303.7038465815094,55.301235509253374,3,5,31,17
1544025600,3403.21,3321.79587447578,52.33512080706735,3,5,31,18
1544022000,3394.73,3335.0566245710925,66.0395186335424,3,5,31,19
1544018400,3413.49,3349.317238285439,64.59531974617613,3,5,31,20
1544014800,3422.14,3362.557740415359,66.34858682900827,3,5,31,21
1544011200,3435.55,3375.829060339839,67.15620973768557,3,5,31,22
1544007600,3412.87,3382.563776641686,68.42151122584164,3,5,31,23
1544004000,3404.71,3386.5903627068337,63.93529330076907,4,6,1,0
1544000400,3393.93,3387.924842214682,62.35125849636052,4,6,1,1
1543996800,3374.16,3385.422143630194,60.228316788675436,4,6,1,2
1543993200,3426.2,3392.836299333795,56.433404942070815,4,6,1,3
1543989600,3425.11,3398.704244909469,63.03574933733626,4,6,1,4
1543986000,3400.35,3399.0034731077467,62.82100420751318,4,6,1,5
1543982400,3411.34,3401.246477997247,57.98834733259605,4,6,1,6
1543978800,3423.83,3405.3525729068383,59.4783926789514,4,6,1,7
1543975200,3448.38,3413.175741469231,61.16421290473374,4,6,1,8
1543971600,3468.99,3423.323788474825,64.3074418394795,4,6,1,9
1543968000,3469.45,3431.710372388493,66.74111768251356,4,6,1,10
1543964400,3462.82,3437.3666683178576,66.79553611792659,4,6,1,11
1543960800,3464.11,3442.229092260065,65.14115993781215,4,6,1,12
1543957200,3436.37,3441.163802758235,65.32113509750852,4,6,1,13
1543953600,3471.41,3446.6631113476465,58.345145950979784,4,6,1,14
1543950000,3477.67,3452.3007274662564,63.6289875317802,4,6,1,15
1543946400,3472.83,3456.0333224723913,64.49547599511517,4,6,1,16
1543942800,3498.65,3463.7818092955927,63.24100147545544,4,6,1,17
1543939200,3523.95,3474.721480332758,66.9357648724102,4,6,1,18
1543935600,3530.25,3484.817574817711,70.10642561354842,4,6,1,19
1543932000,3495.72,3486.799833941763,70.85588293897284,4,6,1,20
1543928400,3483.38,3486.1780459523516,61.72210400204858,4,6,1,21
1543924800,3494.18,3487.632946688287,58.80474280884969,4,6,1,22
1543921200,3479.19,3486.097865472235,60.56169909061452,4,6,1,23
1543917600,3500.39,3488.6964353863737,56.93229764052004,4,0,2,0
1543914000,3494.3,3489.715265316124,60.53454082974522,4,0,2,1
1543910400,3514.27,3494.179762531374,59.00769190192435,4,0,2,2
1543906800,3481.11,3491.8034420711238,62.36031159044045,4,0,2,3
1543903200,3338.1,3463.8573616945555,54.403646643366734,4,0,2,4
1543899600,3369.01,3446.6123868409995,34.16033728283661,4,0,2,5
1543896000,3371.08,3432.879225597181,39.408224148333346,4,0,2,6
1543892400,3395.15,3426.019366397694,39.75454384093705,4,0,2,7
1543888800,3417.72,3424.510390689022,43.77852699804174,4,0,2,8
1543885200,3415.67,3422.9030469273816,47.3309716163446,4,0,2,9
1543881600,3398.56,3418.4770383951304,47.0402337807727,4,0,2,10
1543878000,3409.07,3416.766667777834,44.57892255404573,4,0,2,11
1543874400,3432.91,3419.701819090955,46.43301611215424,4,0,2,12
1543870800,3401.11,3416.3214883471446,50.479948824749734,4,0,2,13
1543867200,3387.09,3411.0066722840274,45.53789682504878,4,0,2,14
1543863600,3403.25,3409.5963682323854,43.51518142819368,4,0,2,15
1543860000,3398.37,3407.5552103719515,46.466818086687944,4,0,2,16
1543856400,3388.98,3404.177899395233,45.690358472633406,4,0,2,17
1543852800,3398.89,3403.216463141554,44.16121782655458,4,0,2,18
1543849200,3502.15,3421.2043789339987,46.207372094280466,4,0,2,19
1543845600,3534.78,3441.8544918550897,61.88144888829491,4,0,2,20
1543842000,3547.23,3461.013675154164,65.32023375613943,4,0,2,21
1543838400,3534.17,3474.314825126134,66.55981295892693,4,0,2,22
1543834800,3542.82,3486.7703114668366,63.976499524151635,4,0,2,23
1543831200,3527.3,3494.1393457455933,64.94689577018725,4,1,3,0
1543827600,3538.62,3502.226737428213,61.73363945317002,4,1,3,1
1543824000,3517.57,3505.016421532174,63.16512055190985,4,1,3,2
1543820400,3516.04,3507.0207085263237,58.76299204554603,4,1,3,3
1543816800,3514.58,3508.395125157901,58.44416835542652,4,1,3,4
1543813200,3530.22,3512.363284220101,58.120112971381104,4,1,3,5
1543809600,3516.18,3513.057232543719,60.63793216618651,4,1,3,6
1543806000,3496.47,3510.041372081224,57.30717420123648,4,1,3,7
1543802400,3626.46,3531.208395339183,52.913112034249515,4,1,3,8
1543798800,3624.05,3548.088687095695,69.51484968311519,4,1,3,9
1543795200,3642.13,3565.1871076237503,69.02891667757815,4,1,3,10
1543791600,3659.18,3582.276724419432,70.68454019780786,4,1,3,11
1543788000,3696.69,3603.079138161353,72.19410812831106,4,1,3,12
1543784400,3711.42,3622.7774766774705,75.21758679571298,4,1,3,13
1543780800,3667.44,3630.897935463385,76.3070908107639,4,1,3,14
1543777200,3658.64,3635.941947197314,66.85636500781769,4,1,3,15
1543773600,3660.5,3640.407047706893,65.11849709104831,4,1,3,16
1543770000,3672.96,3646.3257663056397,65.32367097322268,4,1,3,17
1543766400,3668.02,3650.2701724318867,66.73523670380118,4,1,3,18
1543762800,3667.75,3653.4483228988165,65.59516179238713,4,1,3,19
1543759200,3643.64,3651.664991462668,65.52926944061797,4,1,3,20
1543755600,3661.76,3653.5004475603646,59.756714904573656,4,1,3,21
1543752000,3633.07,3649.785820731207,62.435028629844254,4,1,3,22
1543748400,3622.1,3644.7520351437147,56.07190487194995,4,1,3,23
1543744800,3691.8,3653.30621057213,53.813538654195305,4,2,4,0
1543741200,3670.72,3656.47235410447,63.792015305399715,4,2,4,1
1543737600,3665.96,3658.1973806309297,59.598236890875086,4,2,4,2
1543734000,3650.84,3656.85967506167,58.66044698243941,4,2,4,3
1543730400,3645.26,3654.7506432322753,55.664199824131536,4,2,4,4
