,Prix,ema,rsi,month,weekday,day,hour
1544036400,3314.01,3308.824511560033,54.72884730529764,3,5,31,15
1544032800,3302.58,3307.689145821845,57.35357419671888,3,5,31,16
1544029200,3285.77,3303.7038465815094,55.301235509253374,3,5,31,17
1544025600,3403.21,3321.79587447578,52.33512080706735,3,5,31,18
1544022000,3394.73,3335.0566245710925,66.0395186335424,3,5,31,19
1544018400,3413.49,3349.317238285439,64.59531974617613,3,5,31,20
1544014800,3422.14,3362.557740415359,66.34858682900827,3,5,31,21
1544011200,3435.55,3375.829060339839,67.15620973768557,3,5,31,22
1544007600,3412.87,3382.563776641686,68.42151122584164,3,5,31,23
1544004000,3404.71,3386.5903627068337,63.93529330076907,4,6,1,0
1544000400,3393.93,3387.924842214682,62.35125849636052,4,6,1,1
1543996800,3374.16,3385.422143630194,60.228316788675436,4,6,1,2
1543993200,3426.2,3392.836299333795,56.433404942070815,4,6,1,3
1543989600,3425.11,3398.704244909469,63.03574933733626,4,6,1,4
1543986000,3400.35,3399.0034731077467,62.82100420751318,4,6,1,5
1543982400,3411.34,3401.246477997247,57.98834733259605,4,6,1,6
1543978800,3423.83,3405.3525729068383,59.4783926789514,4,6,1,7
1543975200,3448.38,3413.175741469231,61.16421290473374,4,6,1,8
1543971600,3468.99,3423.323788474825,64.3074418394795,4,6,1,9
1543968000,3469.45,3431.710372388493,66.74111768251356,4,6,1,10
1543964400,3462.82,3437.3666683178576,66.79553611792659,4,6,1,11
1543960800,3464.11,3442.229092260065,65.14115993781215,4,6,1,12
1543957200,3436.37,3441.163802758235,65.32113509750852,4,6,1,13
1543953600,3471.41,3446.6631113476465,58.345145950979784,4,6,1,14
1543950000,3477.67,3452.3007274662564,63.6289875317802,4,6,1,15
1543946400,3472.83,3456.0333224723913,64.49547599511517,4,6,1,16
1543942800,3498.65,3463.7818092955927,63.24100147545544,4,6,1,17
1543939200,3523.95,3474.721480332758,66.9357648724102,4,6,1,18
1543935600,3530.25,3484.817574817711,70.10642561354842,4,6,1,19
1543932000,3495.72,3486.799833941763,70.85588293897284,4,6,1,20
1543928400,3483.38,3486.1780459523516,61.72210400204858,4,6,1,21
1543924800,3494.18,3487.632946688287,58.80474280884969,4,6,1,22
1543921200,3479.19,3486.097865472235,60.56169909061452,4,6,1,23
1543917600,3500.39,3488.6964353863737,56.93229764052004,4,0,2,0
1543914000,3494.3,3489.715265316124,60.53454082974522,4,0,2,1
1543910400,3514.27,3494.179762531374,59.00769190192435,4,0,2,2
1543906800,3481.11,3491.8034420711238,62.36031159044045,4,0,2,3
1543903200,3338.1,3463.8573616945555,54.403646643366734,4,0,2,4
1543899600,3369.01,3446.6123868409995,34.16033728283661,4,0,2,5
1543896000,3371.08,3432.879225597181,39.408224148333346,4,0,2,6
1543892400,3395.15,3426.019366397694,39.75454384093705,4,0,2,7
1543888800,3417.72,3424.510390689022,43.77852699804174,4,0,2,8
1543885200,3415.67,3422.9030469273816,47.3309716163446,4,0,2,9
1543881600,3398.56,3418.4770383951304,47.0402337807727,4,0,2,10
1543878000,3409.07,3416.766667777834,44.57892255404573,4,0,2,11
1543874400,3432.91,3419.701819090955,46.43301611215424,4,0,2,12
1543870800,3401.11,3416.3214883471446,50.479948824749734,4,0,2,13
1543867200,3387.09,3411.0066722840274,45.53789682504878,4,0,2,14
1543863600,3403.25,3409.5963682323854,43.51518142819368,4,0,2,15
1543860000,3398.37,3407.5552103719515,46.466818086687944,4,0,2,16
1543856400,3388.98,3404.177899395233,45.690358472633406,4,0,2,17
1543852800,3398.89,3403.216463141554,44.16121782655458,4,0,2,18
1543849200,3502.15,3421.2043789339987,46.207372094280466,4,0,2,19
1543845600,3534.78,3441.8544918550897,61.88144888829491,4,0,2,20
1543842000,3547.23,3461.013675154164,65.32023375613943,4,0,2,21
1543838400,3534.17,3474.314825126134,66.55981295892693,4,0,2,22
1543834800,3542.82,3486.7703114668366,63.976499524151635,4,0,2,23
1543831200,3527.3,3494.1393457455933,64.94689577018725,4,1,3,0
1543827600,3538.62,3502.226737428213,61.73363945317002,4,1,3,1
1543824000,3517.57,3505.016421532174,63.16512055190985,4,1,3,2
1543820400,3516.04,3507.0207085263237,58.76299204554603,4,1,3,3
1543816800,3514.58,3508.395125157901,58.44416835542652,4,1,3,4
1543813200,3530.22,3512.363284220101,58.120112971381104,4,1,3,5
1543809600,3516.18,3513.057232543719,60.63793216618651,4,1,3,6
1543806000,3496.47,3510.041372081224,57.30717420123648,4,1,3,7
1543802400,3626.46,3531.208395339183,52.913112034249515,4,1,3,8
1543798800,3624.05,3548.088687095695,69.51484968311519,4,1,3,9
1543795200,3642.13,3565.1871076237503,69.02891667757815,4,1,3,10
1543791600,3659.18,3582.276724419432,70.68454019780786,4,1,3,11
1543788000,3696.69,3603.079138161353,72.19410812831106,4,1,3,12
1543784400,3711.42,3622.7774766774705,75.21758679571298,4,1,3,13
1543780800,3667.44,3630.897935463385,76.3070908107639,4,1,3,14
1543777200,3658.64,3635.941947197314,66.85636500781769,4,1,3,15
1543773600,3660.5,3640.407047706893,65.11849709104831,4,1,3,16
1543770000,3672.96,3646.3257663056397,65.32367097322268,4,1,3,17
1543766400,3668.02,3650.2701724318867,66.73523670380118,4,1,3,18
1543762800,3667.75,3653.4483228988165,65.59516179238713,4,1,3,19
1543759200,3643.64,3651.664991462668,65.52926944061797,4,1,3,20
1543755600,3661.76,3653.5004475603646,59.756714904573656,4,1,3,21
1543752000,3633.07,3649.785820731207,62.435028629844254,4,1,3,22
1543748400,3622.1,3644.7520351437147,56.07190487194995,4,1,3,23
1543744800,3691.8,3653.30621057213,53.813538654195305,4,2,4,0
1543741200,3670.72,3656.47235410447,63.792015305399715,4,2,4,1
1543737600,3665.96,3658.1973806309297,59.598236890875086,4,2,4,2
1543734000,3650.84,3656.85967506167,58.66044698243941,4,2,4,3
1543730400,3645.26,3654.7506432322753,55.664199824131536,4,2,4,4
1543726800,3683.64,3660.0032535536793,54.556690538575104,4,2,4,5
1543723200,3694.97,3666.3608438166466,60.393708620980235,4,2,4,6
1543719600,3761.35,3683.631599486347,61.947572863138255,4,2,4,7
1543716000,3771.05,3699.5258541251933,69.49796811422173,4,2,4,8
1543712400,3718.64,3703.0011533751576,70.4215634020932,4,2,4,9
1543708800,3691.6,3700.928216397856,59.87263347601939,4,2,4,10
1543705200,3716.45,3703.7503588709733,55.272317815079504,4,2,4,11
1543701600,3715.44,3705.8757481671596,58.433213150336506,4,2,4,12
1543698000,3700.16,3704.836521227676,58.25302266647285,4,2,4,13
1543694400,3765.14,3715.8007900953708,55.46633547627005,4,2,4,14
1543690800,3743.56,3720.8479191689394,63.469570499237854,4,2,4,15
1543687200,3751.34,3726.3919338654955,59.636509169503086,4,2,4,16
1543683600,3764.82,3733.3788549808596,60.56124200395879,4,2,4,17
1543680000,3720.09,3730.962699529794,62.178078582329256,4,2,4,18
1543676400,3700.89,3725.494935978922,54.232967809656266,4,2,4,19
1543672800,3681.85,3717.5594930736634,51.20821880174443,4,2,4,20
1543669200,3683.07,3711.288676151179,48.32956613425045,4,2,4,21
1543665600,3685.05,3706.5180077600553,48.529224667990576,4,2,4,22
1543662000,3677.53,3701.2474608945904,48.8745061825152,4,2,4,23
1543658400,3533.78,3670.7988316410283,47.56930705022661,4,3,5,0
1543654800,3519.44,3643.2790440699323,30.694729715929725,4,3,5,1
1543651200,3503.69,3617.899217875399,29.56791437292766,4,3,5,2
1543647600,3489.07,3594.4757237162353,28.33745882018924,4,3,5,3
1543644000,3495.14,3576.414683040556,27.205693111158382,4,3,5,4
1543640400,3504.85,3563.4029224877277,28.48281411719438,4,3,5,5
1543636800,3521.39,3555.7642093081404,30.58092613098121,4,3,5,6
1543633200,3510.58,3547.548898524842,34.12606164684438,4,3,5,7
1543629600,3533.68,3545.0272806112343,32.94198803399949,4,3,5,8
1543626000,3529.42,3542.1895932273737,37.900502527935885,4,3,5,9
1543622400,3532.34,3540.3987580951234,37.351977043521146,4,3,5,10
1543618800,3511.02,3535.057165714192,38.01419661417419,4,3,5,11
1543615200,3501.99,3529.044953766157,35.09707461459796,4,3,5,12
1543611600,3522.63,3527.8785985359464,33.91014845866202,4,3,5,13
1543608000,3531.68,3528.569762438501,38.98902194233209,4,3,5,14
1543604400,3539.43,3530.544351086046,41.125428712559064,4,3,5,15
1543600800,3556.83,3535.3235599794916,42.96721134062734,4,3,5,16
1543597200,3570.58,3541.733821801402,46.97773531756906,4,3,5,17
1543593600,3532.42,3540.0403996556925,49.971594078505085,4,3,5,18
1543590000,3535.25,3539.1694179001115,42.756165453781456,4,3,5,19
1543586400,3533.35,3538.111341918273,43.408771073758295,4,3,5,20
1543582800,3522.4,3535.2547342967687,43.053887164322596,4,3,5,21
1543579200,3497.14,3528.324782606447,40.974808362043916,4,3,5,22
1543575600,3554.72,3533.123913041638,36.58572203333559,4,3,5,23
1543572000,3686.47,3561.00501976134,49.788934861881806,4,4,6,0
1543568400,3693.34,3585.065925259278,66.8145789625705,4,4,6,1
1543564800,3689.87,3604.121211575773,67.4346629134748,4,4,6,2
1543561200,3746.04,3629.9246276529047,66.75615967508172,4,4,6,3
1543557600,3764.69,3654.4274226251036,71.71698630992482,4,4,6,4
1543554000,3767.66,3675.0151639659935,73.14967397400825,4,4,6,5
1543550400,3752.16,3689.0414977903583,73.38092364117342,4,4,6,6
1543546800,3765.94,3703.0230436466563,69.99290713643968,4,4,6,7
1543543200,3715.12,3705.222490256355,71.26319746044369,4,4,6,8
1543539600,3709.47,3705.9947647551994,61.00614095406631,4,4,6,9
1543536000,3748.48,3713.7193529815268,59.97264421309287,4,4,6,10
1543532400,3728.82,3716.4649251667033,64.4506019905655,4,4,6,11
1543528800,3700.39,3713.54221150003,60.76131449324979,4,4,6,12
1543525200,3706.36,3712.236354863661,55.78812174764028,4,4,6,13
1543521600,3703.15,3710.5842903429952,56.59158172247939,4,4,6,14
1543518000,3723.54,3712.939873916996,56.00226836573054,4,4,6,15
1543514400,3778.14,3724.794442295724,58.92801693245267,4,4,6,16
1543510800,3796.61,3737.851816423774,65.53681173184631,4,4,6,17
1543507200,3749.41,3739.9533043467236,67.44513285937802,4,4,6,18
1543503600,3769.26,3745.281794465501,58.52632073572672,4,4,6,19
1543500000,3773.65,3750.439650017228,60.869853709086016,4,4,6,20
1543496400,3743.77,3749.226986377732,61.389482042902664,4,4,6,21
1543492800,3851.8,3767.8766252181445,55.94400807197036,4,4,6,22
1543489200,3803.89,3774.4245115421177,67.25373183756564,4,4,6,23
1543485600,3828.57,3784.2691458071868,59.90855378989719,4,5,7,0
1543482000,3719.73,3772.5347556604256,62.19886474524481,4,5,7,1
1543478400,3675.54,3754.899345540348,48.924898181239854,4,5,7,2
1543474800,3696.36,3744.255828169375,44.74924759058321,4,5,7,3
1543471200,3697.81,3735.8111321385795,47.04255690714236,4,5,7,4
1543467600,3661.32,3722.267289931565,47.206908340094095,4,5,7,5
1543464000,3647.77,3708.7223281258257,43.544472190183626,4,5,7,6
1543460400,3673.44,3702.3073593756753,42.2341491783142,4,5,7,7
1543456800,3646.02,3692.0732940346434,45.575420016736906,4,5,7,8
1543453200,3735.13,3699.9017860283443,42.73212906761153,4,5,7,9
1543449600,3737.36,3706.712370386827,52.99518405733973,4,5,7,10
1543446000,3714.92,3708.204666680131,53.221116487289756,4,5,7,11
1543442400,3740.44,3714.0656363746525,50.58617640524863,4,5,7,12
1543438800,3842.16,3737.35552067017,53.411130751033376,4,5,7,13
1543435200,3810.62,3750.6763350937754,62.591219650199264,4,5,7,14
