,Prix,ema,rsi,month,weekday,day,hour
1543784400,3711.42,3622.7774766774705,75.21758679571298,4,1,3,13
1543780800,3667.44,3630.897935463385,76.3070908107639,4,1,3,14
1543777200,3658.64,3635.941947197314,66.85636500781769,4,1,3,15
1543773600,3660.5,3640.407047706893,65.11849709104831,4,1,3,16
1543770000,3672.96,3646.3257663056397,65.32367097322268,4,1,3,17
1543766400,3668.02,3650.2701724318867,66.73523670380118,4,1,3,18
1543762800,3667.75,3653.4483228988165,65.59516179238713,4,1,3,19
1543759200,3643.64,3651.664991462668,65.52926944061797,4,1,3,20
1543755600,3661.76,3653.5004475603646,59.756714904573656,4,1,3,21
1543752000,3633.07,3649.785820731207,62.435028629844254,4,1,3,22
1543748400,3622.1,3644.7520351437147,56.07190487194995,4,1,3,23
1543744800,3691.8,3653.30621057213,53.813538654195305,4,2,4,0
1543741200,3670.72,3656.47235410447,63.792015305399715,4,2,4,1
1543737600,3665.96,3658.1973806309297,59.598236890875086,4,2,4,2
1543734000,3650.84,3656.85967506167,58.66044698243941,4,2,4,3
1543730400,3645.26,3654.7506432322753,55.664199824131536,4,2,4,4
1543726800,3683.64,3660.0032535536793,54.556690538575104,4,2,4,5
1543723200,3694.97,3666.3608438166466,60.393708620980235,4,2,4,6
1543719600,3761.35,3683.631599486347,61.947572863138255,4,2,4,7
1543716000,3771.05,3699.5258541251933,69.49796811422173,4,2,4,8
1543712400,3718.64,3703.0011533751576,70.4215634020932,4,2,4,9
1543708800,3691.6,3700.928216397856,59.87263347601939,4,2,4,10
1543705200,3716.45,3703.7503588709733,55.272317815079504,4,2,4,11
1543701600,3715.44,3705.8757481671596,58.433213150336506,4,2,4,12
1543698000,3700.16,3704.836521227676,58.25302266647285,4,2,4,13
1543694400,3765.14,3715.8007900953708,55.46633547627005,4,2,4,14
1543690800,3743.56,3720.8479191689394,63.469570499237854,4,2,4,15
1543687200,3751.34,3726.3919338654955,59.636509169503086,4,2,4,16
1543683600,3764.82,3733.3788549808596,60.56124200395879,4,2,4,17
1543680000,3720.09,3730.962699529794,62.178078582329256,4,2,4,18
1543676400,3700.89,3725.494935978922,54.232967809656266,4,2,4,19
1543672800,3681.85,3717.5594930736634,51.20821880174443,4,2,4,20
1543669200,3683.07,3711.288676151179,48.32956613425045,4,2,4,21
1543665600,3685.05,3706.5180077600553,48.529224667990576,4,2,4,22
1543662000,3677.53,3701.2474608945904,48.8745061825152,4,2,4,23
1543658400,3533.78,3670.7988316410283,47.56930705022661,4,3,5,0
1543654800,3519.44,3643.2790440699323,30.694729715929725,4,3,5,1
1543651200,3503.69,3617.899217875399,29.56791437292766,4,3,5,2
1543647600,3489.07,3594.4757237162353,28.33745882018924,4,3,5,3
1543644000,3495.14,3576.414683040556,27.205693111158382,4,3,5,4
1543640400,3504.85,3563.4029224877277,28.48281411719438,4,3,5,5
1543636800,3521.39,3555.7642093081404,30.58092613098121,4,3,5,6
1543633200,3510.58,3547.548898524842,34.12606164684438,4,3,5,7
1543629600,3533.68,3545.0272806112343,32.94198803399949,4,3,5,8
1543626000,3529.42,3542.1895932273737,37.900502527935885,4,3,5,9
1543622400,3532.34,3540.3987580951234,37.351977043521146,4,3,5,10
1543618800,3511.02,3535.057165714192,38.01419661417419,4,3,5,11
1543615200,3501.99,3529.044953766157,35.09707461459796,4,3,5,12
1543611600,3522.63,3527.8785985359464,33.91014845866202,4,3,5,13
1543608000,3531.68,3528.569762438501,38.98902194233209,4,3,5,14
1543604400,3539.43,3530.544351086046,41.125428712559064,4,3,5,15
1543600800,3556.83,3535.3235599794916,42.96721134062734,4,3,5,16
1543597200,3570.58,3541.733821801402,46.97773531756906,4,3,5,17
1543593600,3532.42,3540.0403996556925,49.971594078505085,4,3,5,18
1543590000,3535.25,3539.1694179001115,42.756165453781456,4,3,5,19
1543586400,3533.35,3538.111341918273,43.408771073758295,4,3,5,20
1543582800,3522.4,3535.2547342967687,43.053887164322596,4,3,5,21
1543579200,3497.14,3528.324782606447,40.974808362043916,4,3,5,22
1543575600,3554.72,3533.123913041638,36.58572203333559,4,3,5,23
1543572000,3686.47,3561.00501976134,49.788934861881806,4,4,6,0
1543568400,3693.34,3585.065925259278,66.8145789625705,4,4,6,1
1543564800,3689.87,3604.121211575773,67.4346629134748,4,4,6,2
1543561200,3746.04,3629.9246276529047,66.75615967508172,4,4,6,3
1543557600,3764.69,3654.4274226251036,71.71698630992482,4,4,6,4
1543554000,3767.66,3675.0151639659935,73.14967397400825,4,4,6,5
1543550400,3752.16,3689.0414977903583,73.38092364117342,4,4,6,6
1543546800,3765.94,3703.0230436466563,69.99290713643968,4,4,6,7
1543543200,3715.12,3705.222490256355,71.26319746044369,4,4,6,8
1543539600,3709.47,3705.9947647551994,61.00614095406631,4,4,6,9
1543536000,3748.48,3713.7193529815268,59.97264421309287,4,4,6,10
1543532400,3728.82,3716.4649251667033,64.4506019905655,4,4,6,11
1543528800,3700.39,3713.54221150003,60.76131449324979,4,4,6,12
1543525200,3706.36,3712.236354863661,55.78812174764028,4,4,6,13
1543521600,3703.15,3710.5842903429952,56.59158172247939,4,4,6,14
1543518000,3723.54,3712.939873916996,56.00226836573054,4,4,6,15
1543514400,3778.14,3724.794442295724,58.92801693245267,4,4,6,16
1543510800,3796.61,3737.851816423774,65.53681173184631,4,4,6,17
1543507200,3749.41,3739.9533043467236,67.44513285937802,4,4,6,18
1543503600,3769.26,3745.281794465501,58.52632073572672,4,4,6,19
1543500000,3773.65,3750.439650017228,60.869853709086016,4,4,6,20
1543496400,3743.77,3749.226986377732,61.389482042902664,4,4,6,21
1543492800,3851.8,3767.8766252181445,55.94400807197036,4,4,6,22
1543489200,3803.89,3774.4245115421177,67.25373183756564,4,4,6,23
1543485600,3828.57,3784.2691458071868,59.90855378989719,4,5,7,0
1543482000,3719.73,3772.5347556604256,62.19886474524481,4,5,7,1
1543478400,3675.54,3754.899345540348,48.924898181239854,4,5,7,2
1543474800,3696.36,3744.255828169375,44.74924759058321,4,5,7,3
1543471200,3697.81,3735.8111321385795,47.04255690714236,4,5,7,4
1543467600,3661.32,3722.267289931565,47.206908340094095,4,5,7,5
1543464000,3647.77,3708.7223281258257,43.544472190183626,4,5,7,6
1543460400,3673.44,3702.3073593756753,42.2341491783142,4,5,7,7
1543456800,3646.02,3692.0732940346434,45.575420016736906,4,5,7,8
1543453200,3735.13,3699.9017860283443,42.73212906761153,4,5,7,9
1543449600,3737.36,3706.712370386827,52.99518405733973,4,5,7,10
1543446000,3714.92,3708.204666680131,53.221116487289756,4,5,7,11
1543442400,3740.44,3714.0656363746525,50.58617640524863,4,5,7,12
1543438800,3842.16,3737.35552067017,53.411130751033376,4,5,7,13
1543435200,3810.62,3750.6763350937754,62.591219650199264,4,5,7,14
1543431600,3746.15,3749.853365076725,58.727160709631185,4,5,7,15
1543428000,3719.51,3744.3363896082296,51.7011159818585,4,5,7,16
1543424400,3698.12,3735.9334096794605,49.08771553755847,4,5,7,17
1543420800,3747.72,3738.0764261013765,47.03201034355943,4,5,7,18
1543417200,3761.61,3742.3552577193077,52.04688843476276,4,5,7,19
1543413600,3688.07,3732.4852108612513,53.378085186119215,4,5,7,20
1543410000,3681.15,3723.1515361592055,46.083842578694636,4,5,7,21
1543406400,3578.37,3696.827620493895,45.45439402767918,4,5,7,22
1543402800,3578.78,3675.364416767732,37.30437651708542,4,5,7,23
1543399200,3554.25,3653.343613719054,37.352631862301784,4,6,8,0
1543395600,3533.93,3631.6320475883167,35.58778303652744,4,6,8,1
1543392000,3593.05,3624.6171298449863,34.14842823612932,4,6,8,2
1543388400,3545.88,3610.3012880549886,41.5548858640484,4,6,8,3
1543384800,3546.54,3598.7083265904453,37.89288683815217,4,6,8,4
1543381200,3585.82,3596.3649944830913,37.975248273729036,4,6,8,5
1543377600,3430.98,3566.2949954861656,42.83408134455054,4,6,8,6
1543374000,3391.23,3534.4649963068623,32.14432841223656,4,6,8,7
1543370400,3386.86,3507.627724251069,30.06967480435587,4,6,8,8
1543366800,3384.0,3485.1499562054196,29.84164428536566,4,6,8,9
1543363200,3370.48,3464.3008732589797,29.682993865350255,4,6,8,10
1543359600,3386.07,3450.077078120983,28.90078373008501,4,6,8,11
1543356000,3368.16,3435.183063917168,31.15372711074491,4,6,8,12
1543352400,3322.71,3414.733415932228,29.978479909248748,4,6,8,13
1543348800,3314.39,3396.4891584900047,27.176671325682577,4,6,8,14
1543345200,3328.31,3384.092947855458,26.68500522236728,4,6,8,15
1543341600,3290.61,3367.0960482453747,28.999395749557422,4,6,8,16
1543338000,3315.33,3357.684039473488,26.55445661398541,4,6,8,17
1543334400,3272.59,3342.2123959328537,30.681329818254355,4,6,8,18
1543330800,3302.94,3335.071960308698,27.775390230534057,4,6,8,19
1543327200,3299.67,3328.6352402525713,32.65334001410622,4,6,8,20
1543323600,3274.03,3318.707014752104,32.39943962843802,4,6,8,21
1543320000,3250.54,3306.313012069903,30.403211537267552,4,6,8,22
1543316400,3274.54,3300.536100784466,28.660951605030434,4,6,8,23
1543312800,3259.89,3293.1459006418354,32.89229968232577,4,0,9,0
1543309200,3236.7,3282.883009616047,31.657930615240943,4,0,9,1
1543305600,3322.12,3290.0170078676742,29.754441484073013,4,0,9,2
1543302000,3347.32,3300.435733709915,43.28232361526144,4,0,9,3
1543298400,3315.79,3303.22741848993,46.55244902277395,4,0,9,4
1543294800,3281.33,3299.246069673579,43.19659109590341,4,0,9,5
1543291200,3270.38,3293.9976933692915,39.81813748075652,4,0,9,6
1543287600,3306.06,3296.19084002942,38.780221264547464,4,0,9,7
1543284000,3270.17,3291.459778205889,43.91068802480482,4,0,9,8
1543280400,3325.9,3297.721636713909,40.25616410775308,4,0,9,9
1543276800,3311.85,3300.2904300386526,47.555167083363095,4,0,9,10
1543273200,3244.35,3290.1194427588975,46.02841533771255,4,0,9,11
1543269600,3254.43,3283.630453166371,39.47192853795204,4,0,9,12
1543266000,3237.62,3275.2649162270304,40.82745151847586,4,0,9,13
1543262400,3357.96,3290.300386003934,39.248862814293986,4,0,9,14
1543258800,3392.66,3308.9112249123095,53.19950358642791,4,0,9,15
1543255200,3322.37,3311.358274928253,56.31465837619392,4,0,9,16
1543251600,3344.05,3317.302224941298,49.174355986411065,4,0,9,17
1543248000,3269.74,3308.6545476792435,51.228412827621575,4,0,9,18
1543244400,3334.5,3313.3537208284715,44.57834366668258,4,0,9,19
1543240800,3388.08,3326.9403170414766,50.597164303883666,4,0,9,20
1543237200,3456.81,3350.5529866702987,54.955806952692846,4,0,9,21
1543233600,3478.31,3373.781534548426,59.849318579263866,4,0,9,22
1543230000,3469.29,3391.146710085076,61.26687750889094,4,0,9,23
1543226400,3442.99,3400.57276279688,60.30492475419278,4,1,10,0
1543222800,3476.76,3414.424987742902,57.47148297234973,4,1,10,1
1543219200,3516.46,3432.9768081532834,60.06604374222604,4,1,10,2
1543215600,3586.36,3460.8646612163225,62.92928963160155,4,1,10,3
1543212000,3515.47,3470.792904631536,67.36597203982909,4,1,10,4
1543208400,3487.6,3473.8487401530747,59.578294126047275,4,1,10,5
1543204800,3530.96,3484.232605579788,56.798327244484994,4,1,10,6
1543201200,3517.77,3490.33031365619,59.93087971219702,4,1,10,7
1543197600,3501.49,3492.3593475368825,58.54030922320058,4,1,10,8
1543194000,3549.19,3502.6921934392676,56.78885122221615,4,1,10,9
1543190400,3497.88,3501.817249177582,60.516296366267916,4,1,10,10
1543186800,3491.69,3499.9759311452945,55.01845553601934,4,1,10,11
1543183200,3584.21,3515.2912163916044,54.37664689126258,4,1,10,12
