,Prix,ema,rsi,month,weekday,day,hour
1543557600,3764.69,3654.4274226251036,71.71698630992482,4,4,6,4
1543554000,3767.66,3675.0151639659935,73.14967397400825,4,4,6,5
1543550400,3752.16,3689.0414977903583,73.38092364117342,4,4,6,6
1543546800,3765.94,3703.0230436466563,69.99290713643968,4,4,6,7
1543543200,3715.12,3705.222490256355,71.26319746044369,4,4,6,8
1543539600,3709.47,3705.9947647551994,61.00614095406631,4,4,6,9
1543536000,3748.48,3713.7193529815268,59.97264421309287,4,4,6,10
1543532400,3728.82,3716.4649251667033,64.4506019905655,4,4,6,11
1543528800,3700.39,3713.54221150003,60.76131449324979,4,4,6,12
1543525200,3706.36,3712.236354863661,55.78812174764028,4,4,6,13
1543521600,3703.15,3710.5842903429952,56.59158172247939,4,4,6,14
1543518000,3723.54,3712.939873916996,56.00226836573054,4,4,6,15
1543514400,3778.14,3724.794442295724,58.92801693245267,4,4,6,16
1543510800,3796.61,3737.851816423774,65.53681173184631,4,4,6,17
1543507200,3749.41,3739.9533043467236,67.44513285937802,4,4,6,18
1543503600,3769.26,3745.281794465501,58.52632073572672,4,4,6,19
1543500000,3773.65,3750.439650017228,60.869853709086016,4,4,6,20
1543496400,3743.77,3749.226986377732,61.389482042902664,4,4,6,21
1543492800,3851.8,3767.8766252181445,55.94400807197036,4,4,6,22
1543489200,3803.89,3774.4245115421177,67.25373183756564,4,4,6,23
1543485600,3828.57,3784.2691458071868,59.90855378989719,4,5,7,0
1543482000,3719.73,3772.5347556604256,62.19886474524481,4,5,7,1
1543478400,3675.54,3754.899345540348,48.924898181239854,4,5,7,2
1543474800,3696.36,3744.255828169375,44.74924759058321,4,5,7,3
1543471200,3697.81,3735.8111321385795,47.04255690714236,4,5,7,4
1543467600,3661.32,3722.267289931565,47.206908340094095,4,5,7,5
1543464000,3647.77,3708.7223281258257,43.544472190183626,4,5,7,6
1543460400,3673.44,3702.3073593756753,42.2341491783142,4,5,7,7
1543456800,3646.02,3692.0732940346434,45.575420016736906,4,5,7,8
1543453200,3735.13,3699.9017860283443,42.73212906761153,4,5,7,9
1543449600,3737.36,3706.712370386827,52.99518405733973,4,5,7,10
1543446000,3714.92,3708.204666680131,53.221116487289756,4,5,7,11
1543442400,3740.44,3714.0656363746525,50.58617640524863,4,5,7,12
1543438800,3842.16,3737.35552067017,53.411130751033376,4,5,7,13
1543435200,3810.62,3750.6763350937754,62.591219650199264,4,5,7,14
1543431600,3746.15,3749.853365076725,58.727160709631185,4,5,7,15
1543428000,3719.51,3744.3363896082296,51.7011159818585,4,5,7,16
1543424400,3698.12,3735.9334096794605,49.08771553755847,4,5,7,17
1543420800,3747.72,3738.0764261013765,47.03201034355943,4,5,7,18
1543417200,3761.61,3742.3552577193077,52.04688843476276,4,5,7,19
1543413600,3688.07,3732.4852108612513,53.378085186119215,4,5,7,20
1543410000,3681.15,3723.1515361592055,46.083842578694636,4,5,7,21
1543406400,3578.37,3696.827620493895,45.45439402767918,4,5,7,22
1543402800,3578.78,3675.364416767732,37.30437651708542,4,5,7,23
1543399200,3554.25,3653.343613719054,37.352631862301784,4,6,8,0
1543395600,3533.93,3631.6320475883167,35.58778303652744,4,6,8,1
1543392000,3593.05,3624.6171298449863,34.14842823612932,4,6,8,2
1543388400,3545.88,3610.3012880549886,41.5548858640484,4,6,8,3
1543384800,3546.54,3598.7083265904453,37.89288683815217,4,6,8,4
1543381200,3585.82,3596.3649944830913,37.975248273729036,4,6,8,5
1543377600,3430.98,3566.2949954861656,42.83408134455054,4,6,8,6
1543374000,3391.23,3534.4649963068623,32.14432841223656,4,6,8,7
1543370400,3386.86,3507.627724251069,30.06967480435587,4,6,8,8
1543366800,3384.0,3485.1499562054196,29.84164428536566,4,6,8,9
1543363200,3370.48,3464.3008732589797,29.682993865350255,4,6,8,10
1543359600,3386.07,3450.077078120983,28.90078373008501,4,6,8,11
1543356000,3368.16,3435.183063917168,31.15372711074491,4,6,8,12
1543352400,3322.71,3414.733415932228,29.978479909248748,4,6,8,13
1543348800,3314.39,3396.4891584900047,27.176671325682577,4,6,8,14
1543345200,3328.31,3384.092947855458,26.68500522236728,4,6,8,15
1543341600,3290.61,3367.0960482453747,28.999395749557422,4,6,8,16
1543338000,3315.33,3357.684039473488,26.55445661398541,4,6,8,17
1543334400,3272.59,3342.2123959328537,30.681329818254355,4,6,8,18
1543330800,3302.94,3335.071960308698,27.775390230534057,4,6,8,19
1543327200,3299.67,3328.6352402525713,32.65334001410622,4,6,8,20
1543323600,3274.03,3318.707014752104,32.39943962843802,4,6,8,21
1543320000,3250.54,3306.313012069903,30.403211537267552,4,6,8,22
1543316400,3274.54,3300.536100784466,28.660951605030434,4,6,8,23
1543312800,3259.89,3293.1459006418354,32.89229968232577,4,0,9,0
1543309200,3236.7,3282.883009616047,31.657930615240943,4,0,9,1
1543305600,3322.12,3290.0170078676742,29.754441484073013,4,0,9,2
1543302000,3347.32,3300.435733709915,43.28232361526144,4,0,9,3
1543298400,3315.79,3303.22741848993,46.55244902277395,4,0,9,4
1543294800,3281.33,3299.246069673579,43.19659109590341,4,0,9,5
1543291200,3270.38,3293.9976933692915,39.81813748075652,4,0,9,6
1543287600,3306.06,3296.19084002942,38.780221264547464,4,0,9,7
1543284000,3270.17,3291.459778205889,43.91068802480482,4,0,9,8
1543280400,3325.9,3297.721636713909,40.25616410775308,4,0,9,9
1543276800,3311.85,3300.2904300386526,47.555167083363095,4,0,9,10
1543273200,3244.35,3290.1194427588975,46.02841533771255,4,0,9,11
1543269600,3254.43,3283.630453166371,39.47192853795204,4,0,9,12
1543266000,3237.62,3275.2649162270304,40.82745151847586,4,0,9,13
1543262400,3357.96,3290.300386003934,39.248862814293986,4,0,9,14
1543258800,3392.66,3308.9112249123095,53.19950358642791,4,0,9,15
1543255200,3322.37,3311.358274928253,56.31465837619392,4,0,9,16
1543251600,3344.05,3317.302224941298,49.174355986411065,4,0,9,17
1543248000,3269.74,3308.6545476792435,51.228412827621575,4,0,9,18
1543244400,3334.5,3313.3537208284715,44.57834366668258,4,0,9,19
1543240800,3388.08,3326.9403170414766,50.597164303883666,4,0,9,20
1543237200,3456.81,3350.5529866702987,54.955806952692846,4,0,9,21
1543233600,3478.31,3373.781534548426,59.849318579263866,4,0,9,22
1543230000,3469.29,3391.146710085076,61.26687750889094,4,0,9,23
1543226400,3442.99,3400.57276279688,60.30492475419278,4,1,10,0
1543222800,3476.76,3414.424987742902,57.47148297234973,4,1,10,1
1543219200,3516.46,3432.9768081532834,60.06604374222604,4,1,10,2
1543215600,3586.36,3460.8646612163225,62.92928963160155,4,1,10,3
1543212000,3515.47,3470.792904631536,67.36597203982909,4,1,10,4
1543208400,3487.6,3473.8487401530747,59.578294126047275,4,1,10,5
1543204800,3530.96,3484.232605579788,56.798327244484994,4,1,10,6
1543201200,3517.77,3490.33031365619,59.93087971219702,4,1,10,7
1543197600,3501.49,3492.3593475368825,58.54030922320058,4,1,10,8
1543194000,3549.19,3502.6921934392676,56.78885122221615,4,1,10,9
1543190400,3497.88,3501.817249177582,60.516296366267916,4,1,10,10
1543186800,3491.69,3499.9759311452945,55.01845553601934,4,1,10,11
1543183200,3584.21,3515.2912163916044,54.37664689126258,4,1,10,12
1543179600,3472.88,3507.580086138585,61.58907632358,4,1,10,13
1543176000,3360.82,3480.8964341133874,51.11723608317442,4,1,10,14
1543172400,3279.22,3444.2279915473164,43.162140787185585,4,1,10,15
1543168800,3259.33,3410.6101749023496,38.467559326601446,4,1,10,16
1543165200,3292.94,3389.215597647377,37.39975430416834,4,1,10,17
1543161600,3306.23,3374.1273071660353,40.40991542106418,4,1,10,18
1543158000,3375.84,3374.4387058631196,41.60562543630504,4,1,10,19
1543154400,3395.28,3378.228032069825,47.54290424947783,4,1,10,20
1543150800,3354.48,3373.9102080571297,49.099402451968324,4,1,10,21
1543147200,3354.44,3370.3701702285607,46.013526354221945,4,1,10,22
1543143600,3238.65,3346.4210483688225,46.01047323692532,4,1,10,23
1543140000,3200.69,3319.9244941199454,38.12446124637436,4,2,11,0
1543136400,3272.91,3311.376404279955,35.94911322095864,4,2,11,1
1543132800,3290.97,3307.6661489563267,42.65334592486435,4,2,11,2
1543129200,3245.8,3296.417758236995,44.22553330165049,4,2,11,3
1543125600,3253.13,3288.547256739359,41.18433129800925,4,2,11,4
1543122000,3225.58,3277.09866460493,41.88274992474318,4,2,11,5
1543118400,3224.8,3267.5898164949426,39.961993767675494,4,2,11,6
1543114800,3299.75,3273.4371225867712,39.90619366038613,4,2,11,7
1543111200,3356.82,3288.5976457528127,47.49311922848507,4,2,11,8
1543107600,3345.4,3298.9253465250285,52.41906884993005,4,2,11,9
1543104000,3364.11,3310.777101702296,51.380313177429024,4,2,11,10
1543100400,3308.3,3310.3267195746057,53.02280623829549,4,2,11,11
1543096800,3436.11,3333.196406924677,47.832021270103354,4,2,11,12
1543093200,3688.09,3397.7225147565537,57.977823029613674,4,2,11,13
1543089600,3692.34,3451.289330255362,70.25867697232741,4,2,11,14
1543086000,3755.22,3506.549452027114,70.41571996596625,4,2,11,15
1543082400,3759.97,3552.625915294911,72.71157780840403,4,2,11,16
1543078800,3746.92,3587.952112514018,72.88277435650107,4,2,11,17
1543075200,3776.24,3622.1862738751056,71.55459810613533,4,2,11,18
1543071600,3780.2,3650.9160422614495,72.75587153555384,4,2,11,19
1543068000,3773.27,3673.1622163957313,72.92219714456843,4,2,11,20
1543064400,3780.48,3692.6745406874165,72.09272769939004,4,2,11,21
1543060800,3781.35,3708.7973514715222,72.44391984957097,4,2,11,22
1543057200,3774.99,3720.8323784767,72.48890859693495,4,2,11,23
1543053600,3819.69,3738.806491480936,71.56902241880758,4,3,12,0
1543050000,3801.66,3750.2344021207655,74.06051172486073,4,3,12,1
1543046400,3786.8,3756.8826926442625,71.34468687545619,4,3,12,2
1543042800,3797.83,3764.327657618033,69.09576562217782,4,3,12,3
1543039200,3794.51,3769.8153562329358,69.85532990427578,4,3,12,4
1543035600,3823.16,3779.5143823724015,69.30319266152193,4,3,12,5
1543032000,3819.93,3786.8626764865103,71.40371965136336,4,3,12,6
1543028400,3823.62,3793.5458262162356,70.81538388514018,4,3,12,7
1543024800,3848.02,3803.450221449647,71.10826179257873,4,3,12,8
1543021200,3864.13,3814.482908458802,73.03524218403646,4,3,12,9
1543017600,3805.28,3812.8096523753834,74.25610878619385,4,3,12,10
1543014000,3837.33,3817.267897398041,63.029443555494716,4,3,12,11
1543010400,3782.87,3811.0137342347607,66.04067339338698,4,3,12,12
1543006800,3746.12,3799.214873464804,57.47431897914202,4,3,12,13
1543003200,3761.9,3792.4303510166574,52.523233857477415,4,3,12,14
1542999600,3756.53,3785.9030144681738,54.342003708070884,4,3,12,15
1542996000,3748.44,3779.0915572921417,53.589637286371136,4,3,12,16
1542992400,3754.26,3774.57672869357,52.412339780439424,4,3,12,17
1542988800,3790.71,3777.5100507492843,53.208736252799845,4,3,12,18
1542985200,3804.64,3782.442768794869,57.95457476383784,4,3,12,19
1542981600,3775.07,3781.10226537762,59.639359793655565,4,3,12,20
1542978000,3772.01,3779.4491262180527,54.63465102178811,4,3,12,21
1542974400,3802.84,3783.7020123602247,54.12844630860499,4,3,12,22
1542970800,3809.52,3788.3961919310927,58.318662574612446,4,3,12,23
1542967200,3814.75,3793.1877933981664,59.188549179484816,4,4,13,0
1542963600,3798.77,3794.202740053045,59.8942770306957,4,4,13,1
1542960000,3734.65,3783.374969134309,56.669748121657996,4,4,13,2
1542956400,3758.18,3778.7940656553437,45.97432977148203,4,4,13,3
