,Prix,ema,rsi,month,weekday,day,hour
1543147200,3354.44,3370.3701702285607,46.013526354221945,4,1,10,22
1543143600,3238.65,3346.4210483688225,46.01047323692532,4,1,10,23
1543140000,3200.69,3319.9244941199454,38.12446124637436,4,2,11,0
1543136400,3272.91,3311.376404279955,35.94911322095864,4,2,11,1
1543132800,3290.97,3307.6661489563267,42.65334592486435,4,2,11,2
1543129200,3245.8,3296.417758236995,44.22553330165049,4,2,11,3
1543125600,3253.13,3288.547256739359,41.18433129800925,4,2,11,4
1543122000,3225.58,3277.09866460493,41.88274992474318,4,2,11,5
1543118400,3224.8,3267.5898164949426,39.961993767675494,4,2,11,6
1543114800,3299.75,3273.4371225867712,39.90619366038613,4,2,11,7
1543111200,3356.82,3288.5976457528127,47.49311922848507,4,2,11,8
1543107600,3345.4,3298.9253465250285,52.41906884993005,4,2,11,9
1543104000,3364.11,3310.777101702296,51.380313177429024,4,2,11,10
1543100400,3308.3,3310.3267195746057,53.02280623829549,4,2,11,11
1543096800,3436.11,3333.196406924677,47.832021270103354,4,2,11,12
1543093200,3688.09,3397.7225147565537,57.977823029613674,4,2,11,13
1543089600,3692.34,3451.289330255362,70.25867697232741,4,2,11,14
1543086000,3755.22,3506.549452027114,70.41571996596625,4,2,11,15
1543082400,3759.97,3552.625915294911,72.71157780840403,4,2,11,16
1543078800,3746.92,3587.952112514018,72.88277435650107,4,2,11,17
1543075200,3776.24,3622.1862738751056,71.55459810613533,4,2,11,18
1543071600,3780.2,3650.9160422614495,72.75587153555384,4,2,11,19
1543068000,3773.27,3673.1622163957313,72.92219714456843,4,2,11,20
1543064400,3780.48,3692.6745406874165,72.09272769939004,4,2,11,21
1543060800,3781.35,3708.7973514715222,72.44391984957097,4,2,11,22
1543057200,3774.99,3720.8323784767,72.48890859693495,4,2,11,23
1543053600,3819.69,3738.806491480936,71.56902241880758,4,3,12,0
1543050000,3801.66,3750.2344021207655,74.06051172486073,4,3,12,1
1543046400,3786.8,3756.8826926442625,71.34468687545619,4,3,12,2
1543042800,3797.83,3764.327657618033,69.09576562217782,4,3,12,3
1543039200,3794.51,3769.8153562329358,69.85532990427578,4,3,12,4
1543035600,3823.16,3779.5143823724015,69.30319266152193,4,3,12,5
1543032000,3819.93,3786.8626764865103,71.40371965136336,4,3,12,6
1543028400,3823.62,3793.5458262162356,70.81538388514018,4,3,12,7
1543024800,3848.02,3803.450221449647,71.10826179257873,4,3,12,8
1543021200,3864.13,3814.482908458802,73.03524218403646,4,3,12,9
1543017600,3805.28,3812.8096523753834,74.25610878619385,4,3,12,10
1543014000,3837.33,3817.267897398041,63.029443555494716,4,3,12,11
1543010400,3782.87,3811.0137342347607,66.04067339338698,4,3,12,12
1543006800,3746.12,3799.214873464804,57.47431897914202,4,3,12,13
1543003200,3761.9,3792.4303510166574,52.523233857477415,4,3,12,14
1542999600,3756.53,3785.9030144681738,54.342003708070884,4,3,12,15
1542996000,3748.44,3779.0915572921417,53.589637286371136,4,3,12,16
1542992400,3754.26,3774.57672869357,52.412339780439424,4,3,12,17
1542988800,3790.71,3777.5100507492843,53.208736252799845,4,3,12,18
1542985200,3804.64,3782.442768794869,57.95457476383784,4,3,12,19
1542981600,3775.07,3781.10226537762,59.639359793655565,4,3,12,20
1542978000,3772.01,3779.4491262180527,54.63465102178811,4,3,12,21
1542974400,3802.84,3783.7020123602247,54.12844630860499,4,3,12,22
1542970800,3809.52,3788.3961919310927,58.318662574612446,4,3,12,23
1542967200,3814.75,3793.1877933981664,59.188549179484816,4,4,13,0
1542963600,3798.77,3794.202740053045,59.8942770306957,4,4,13,1
1542960000,3734.65,3783.374969134309,56.669748121657996,4,4,13,2
1542956400,3758.18,3778.7940656553437,45.97432977148203,4,4,13,3
1542952800,3729.16,3769.7696900816445,49.724218823563845,4,4,13,4
1542949200,3699.77,3757.0424737031635,45.527125287241105,4,4,13,5
1542945600,3721.77,3750.629296666225,41.68924381483866,4,4,13,6
1542942000,3699.91,3741.4076063632747,45.399674631348326,4,4,13,7
1542938400,3703.5,3734.5153142972244,42.505448701811076,4,4,13,8
1542934800,3788.29,3744.292529879547,43.14646071673532,4,4,13,9
1542931200,3762.99,3747.692069901447,55.707026164854426,4,4,13,10
1542927600,3896.77,3774.7971481011837,52.01439599294863,4,4,13,11
1542924000,3916.85,3800.6249393555136,65.16392966558274,4,4,13,12
1542920400,3895.81,3817.9313140181475,66.64154866387696,4,4,13,13
1542916800,3880.45,3829.2983478330293,63.597577116963926,4,4,13,14
1542913200,3912.66,3844.4550118633874,61.392905756535484,4,4,13,15
1542909600,3936.46,3861.1831915245893,64.19588825609833,4,4,13,16
1542906000,3914.43,3870.864429429209,66.15141902089692,4,4,13,17
1542902400,3932.63,3882.0945331693524,62.73580007920053,4,4,13,18
1542898800,3930.0,3890.8046180476517,64.37245716005833,4,4,13,19
1542895200,3904.04,3893.211051129897,63.935461882805804,4,4,13,20
1542891600,3893.49,3893.261769106279,59.632261596741344,4,4,13,21
1542888000,3928.55,3899.6778110869554,57.925961332289084,4,4,13,22
1542884400,3936.26,3906.3291181620543,61.83429474107227,4,4,13,23
1542880800,3915.24,3907.9492784962263,62.65583214151377,4,5,14,0
1542877200,3992.09,3923.2475914969123,58.93136969576628,4,5,14,1
1542873600,3987.32,3934.8971203156552,66.72029310730278,4,5,14,2
1542870000,3963.12,3940.028552985536,65.8850492693613,4,5,14,3
1542866400,3991.03,3949.301543351802,61.66719837070656,4,5,14,4
1542862800,3974.93,3953.961262742383,64.49062514489873,4,5,14,5
1542859200,3993.35,3961.122851334677,61.66884915490214,4,5,14,6
1542855600,4009.63,3969.94233291019,63.62960020026894,4,5,14,7
1542852000,4044.01,3983.4091814719736,65.31818127922713,4,5,14,8
1542848400,3999.59,3986.351148477069,68.63039980800541,4,5,14,9
1542844800,4012.59,3991.121848753965,60.58022410699148,4,5,14,10
1542841200,3955.8,3984.699694435062,61.98558112781521,4,5,14,11
1542837600,3935.58,3975.768840901414,53.08255698441322,4,5,14,12
1542834000,3903.98,3962.716324373884,50.31172587300969,4,5,14,13
1542830400,3903.63,3951.9733563059053,46.248710515615805,4,5,14,14
1542826800,3916.43,3945.5109278866494,46.20420371423074,4,5,14,15
1542823200,3922.59,3941.3434864527126,48.16867495504123,4,5,14,16
1542819600,3973.52,3947.1937616431283,49.13140060054718,4,5,14,17
1542816000,3980.57,3953.262168617105,56.35027361717817,4,5,14,18
1542812400,3906.95,3944.8417743230857,57.25456723325052,4,5,14,19
1542808800,3925.37,3941.3014517188885,46.43591165214234,4,5,14,20
1542805200,4004.57,3952.8048241336355,49.03097509577948,4,5,14,21
1542801600,3966.6,3955.31303792752,58.369989086493966,4,5,14,22
1542798000,4009.82,3965.2233946679703,53.325366831358735,4,5,14,23
1542794400,4023.2,3975.76459563743,57.79648838437919,4,6,15,0
1542790800,4044.86,3988.3273964306245,59.10262041565811,4,6,15,1
1542787200,3960.45,3983.2587788977835,61.19624709568726,4,6,15,2
1542783600,3894.64,3967.1462736436406,50.3737356903971,4,6,15,3
1542780000,3810.37,3938.6414966175234,43.86098678270829,4,6,15,4
1542776400,3914.62,3934.2739517779737,37.22428469546132,4,6,15,5
1542772800,3965.32,3939.918687818342,47.75597958024221,4,6,15,6
1542769200,3859.16,3925.2352900331884,51.97570485430747,4,6,15,7
1542765600,3802.71,3902.9579645726085,43.967783598318945,4,6,15,8
1542762000,3816.68,3887.271061923043,40.40309376489766,4,6,15,9
1542758400,3866.92,3883.570868846126,41.66359699930216,4,6,15,10
1542754800,3767.39,3862.4470745104663,46.08036982118617,4,6,15,11
1542751200,3825.87,3855.796697326745,39.67211433240571,4,6,15,12
1542747600,3777.28,3841.5209341764275,44.55136122831288,4,6,15,13
1542744000,3954.45,3862.053491598895,41.54476431141254,4,6,15,14
1542740400,4004.54,3887.960129490005,53.79024561025109,4,6,15,15
1542736800,3920.08,3893.8001059463677,56.56087862980684,4,6,15,16
1542733200,4128.58,3936.487359410664,51.0074212638237,4,6,15,17
1542729600,4194.9,3983.4714758814516,61.14869622464128,4,6,15,18
1542726000,4117.97,4007.925752993915,63.721102060119044,4,6,15,19
1542722400,3882.58,3985.1356160859305,58.853220326197416,4,6,15,20
1542718800,3850.31,3960.62186770667,47.017531814210756,4,6,15,21
1542715200,3788.85,3929.39061903273,45.66180553178568,4,6,15,22
1542711600,3862.33,3917.1977792085972,43.11210213955693,4,6,15,23
1542708000,3842.97,3903.701819352488,46.927725976765565,4,0,16,0
1542704400,3764.01,3878.3033067429446,46.0513134477813,4,0,16,1
1542700800,3983.21,3897.3772509715,42.56016110004298,4,0,16,2
1542697200,4011.55,3918.1359326130455,53.17319198315765,4,0,16,3
1542693600,4032.99,3939.018490319764,54.34763902110931,4,0,16,4
1542690000,4073.34,3963.4405829888974,55.26180892747369,4,0,16,5
1542686400,4193.74,4005.313204263643,57.006698378011585,4,0,16,6
1542682800,4235.85,4047.228985306617,61.79495917146606,4,0,16,7
1542679200,4184.91,4072.26189706905,63.333095004955084,4,0,16,8
1542675600,4191.3,4093.9051885110407,60.176911134210435,4,0,16,9
1542672000,4124.96,4099.551517872669,60.44321603604746,4,0,16,10
1542668400,4163.07,4111.100332804911,56.23849488878289,4,0,16,11
1542664800,4172.15,4122.200272294927,58.04413215240267,4,0,16,12
1542661200,4262.98,4147.796586423122,58.48366250879398,4,0,16,13
1542657600,4324.41,4179.908116164373,62.69387884258931,4,0,16,14
1542654000,4315.43,4204.548458679941,65.25985650032393,4,0,16,15
1542650400,4398.87,4239.87964801086,64.56078422903957,4,0,16,16
1542646800,4416.61,4272.012439281612,67.99177960365304,4,0,16,17
1542643200,4463.22,4306.7774503213195,68.68590807013406,4,0,16,18
1542639600,4461.63,4334.932459353807,70.49627005551902,4,0,16,19
1542636000,4484.95,4362.208375834933,70.34686233646873,4,0,16,20
1542632400,4598.27,4405.128671137672,71.30735400417672,4,0,16,21
1542628800,4612.24,4442.785276385368,75.46601686113814,4,0,16,22
1542625200,4648.79,4480.240680678937,75.92919520753334,4,0,16,23
1542621600,4546.92,4492.364193282766,77.1449288146957,4,1,17,0
1542618000,4623.56,4516.217976322263,66.98950224070325,4,1,17,1
1542614400,4733.84,4555.785616990942,70.17094527952368,4,1,17,2
1542610800,4754.62,4591.937322992589,74.0469665381498,4,1,17,3
1542607200,4785.42,4627.115991539391,74.71371968894995,4,1,17,4
1542603600,4846.36,4666.978538532228,75.70980780292297,4,1,17,5
1542600000,4863.5,4702.70971334455,77.59075439012744,4,1,17,6
1542596400,4839.56,4727.591583645541,78.10432123193547,4,1,17,7
1542592800,4859.81,4751.631295709987,75.50162171627355,4,1,17,8
1542589200,4887.6,4776.352878308171,76.22336850537866,4,1,17,9
1542585600,4896.97,4798.283264070322,77.21542555642348,4,1,17,10
1542582000,4886.74,4814.366306966627,77.55546759477022,4,1,17,11
1542578400,4885.09,4827.225160245422,76.21804026542526,4,1,17,12
1542574800,4883.26,4837.413312928072,75.9904206865614,4,1,17,13
1542571200,4914.91,4851.503619668422,75.72032593745546,4,1,17,14
1542567600,4904.59,4861.155688819618,77.22786427069715,4,1,17,15
1542564000,4885.93,4865.660109034233,75.57999395377868,4,1,17,16
1542560400,4887.98,4869.7182710280085,72.56495743634092,4,1,17,17
1542556800,4883.19,4872.167676295643,72.69383382491688,4,1,17,18
1542553200,4883.91,4874.3026442418895,71.84459825596086,4,1,17,19
1542549600,4868.08,4873.1712543797275,71.8977421633067,4,1,17,20
1542546000,4880.7,4874.540117219776,68.82198495960412,4,1,17,21
