,Prix,ema,rsi,month,weekday,day,hour
1542848400,3999.59,3986.351148477069,68.63039980800541,4,5,14,9
1542844800,4012.59,3991.121848753965,60.58022410699148,4,5,14,10
1542841200,3955.8,3984.699694435062,61.98558112781521,4,5,14,11
1542837600,3935.58,3975.768840901414,53.08255698441322,4,5,14,12
1542834000,3903.98,3962.716324373884,50.31172587300969,4,5,14,13
1542830400,3903.63,3951.9733563059053,46.248710515615805,4,5,14,14
1542826800,3916.43,3945.5109278866494,46.20420371423074,4,5,14,15
1542823200,3922.59,3941.3434864527126,48.16867495504123,4,5,14,16
1542819600,3973.52,3947.1937616431283,49.13140060054718,4,5,14,17
1542816000,3980.57,3953.262168617105,56.35027361717817,4,5,14,18
1542812400,3906.95,3944.8417743230857,57.25456723325052,4,5,14,19
1542808800,3925.37,3941.3014517188885,46.43591165214234,4,5,14,20
1542805200,4004.57,3952.8048241336355,49.03097509577948,4,5,14,21
1542801600,3966.6,3955.31303792752,58.369989086493966,4,5,14,22
1542798000,4009.82,3965.2233946679703,53.325366831358735,4,5,14,23
1542794400,4023.2,3975.76459563743,57.79648838437919,4,6,15,0
1542790800,4044.86,3988.3273964306245,59.10262041565811,4,6,15,1
1542787200,3960.45,3983.2587788977835,61.19624709568726,4,6,15,2
1542783600,3894.64,3967.1462736436406,50.3737356903971,4,6,15,3
1542780000,3810.37,3938.6414966175234,43.86098678270829,4,6,15,4
1542776400,3914.62,3934.2739517779737,37.22428469546132,4,6,15,5
1542772800,3965.32,3939.918687818342,47.75597958024221,4,6,15,6
1542769200,3859.16,3925.2352900331884,51.97570485430747,4,6,15,7
1542765600,3802.71,3902.9579645726085,43.967783598318945,4,6,15,8
1542762000,3816.68,3887.271061923043,40.40309376489766,4,6,15,9
1542758400,3866.92,3883.570868846126,41.66359699930216,4,6,15,10
1542754800,3767.39,3862.4470745104663,46.08036982118617,4,6,15,11
1542751200,3825.87,3855.796697326745,39.67211433240571,4,6,15,12
1542747600,3777.28,3841.5209341764275,44.55136122831288,4,6,15,13
1542744000,3954.45,3862.053491598895,41.54476431141254,4,6,15,14
1542740400,4004.54,3887.960129490005,53.79024561025109,4,6,15,15
1542736800,3920.08,3893.8001059463677,56.56087862980684,4,6,15,16
1542733200,4128.58,3936.487359410664,51.0074212638237,4,6,15,17
1542729600,4194.9,3983.4714758814516,61.14869622464128,4,6,15,18
1542726000,4117.97,4007.925752993915,63.721102060119044,4,6,15,19
1542722400,3882.58,3985.1356160859305,58.853220326197416,4,6,15,20
1542718800,3850.31,3960.62186770667,47.017531814210756,4,6,15,21
1542715200,3788.85,3929.39061903273,45.66180553178568,4,6,15,22
1542711600,3862.33,3917.1977792085972,43.11210213955693,4,6,15,23
1542708000,3842.97,3903.701819352488,46.927725976765565,4,0,16,0
1542704400,3764.01,3878.3033067429446,46.0513134477813,4,0,16,1
1542700800,3983.21,3897.3772509715,42.56016110004298,4,0,16,2
1542697200,4011.55,3918.1359326130455,53.17319198315765,4,0,16,3
1542693600,4032.99,3939.018490319764,54.34763902110931,4,0,16,4
1542690000,4073.34,3963.4405829888974,55.26180892747369,4,0,16,5
1542686400,4193.74,4005.313204263643,57.006698378011585,4,0,16,6
1542682800,4235.85,4047.228985306617,61.79495917146606,4,0,16,7
1542679200,4184.91,4072.26189706905,63.333095004955084,4,0,16,8
1542675600,4191.3,4093.9051885110407,60.176911134210435,4,0,16,9
1542672000,4124.96,4099.551517872669,60.44321603604746,4,0,16,10
1542668400,4163.07,4111.100332804911,56.23849488878289,4,0,16,11
1542664800,4172.15,4122.200272294927,58.04413215240267,4,0,16,12
1542661200,4262.98,4147.796586423122,58.48366250879398,4,0,16,13
1542657600,4324.41,4179.908116164373,62.69387884258931,4,0,16,14
1542654000,4315.43,4204.548458679941,65.25985650032393,4,0,16,15
1542650400,4398.87,4239.87964801086,64.56078422903957,4,0,16,16
1542646800,4416.61,4272.012439281612,67.99177960365304,4,0,16,17
1542643200,4463.22,4306.7774503213195,68.68590807013406,4,0,16,18
1542639600,4461.63,4334.932459353807,70.49627005551902,4,0,16,19
1542636000,4484.95,4362.208375834933,70.34686233646873,4,0,16,20
1542632400,4598.27,4405.128671137672,71.30735400417672,4,0,16,21
1542628800,4612.24,4442.785276385368,75.46601686113814,4,0,16,22
1542625200,4648.79,4480.240680678937,75.92919520753334,4,0,16,23
1542621600,4546.92,4492.364193282766,77.1449288146957,4,1,17,0
1542618000,4623.56,4516.217976322263,66.98950224070325,4,1,17,1
1542614400,4733.84,4555.785616990942,70.17094527952368,4,1,17,2
1542610800,4754.62,4591.937322992589,74.0469665381498,4,1,17,3
1542607200,4785.42,4627.115991539391,74.71371968894995,4,1,17,4
1542603600,4846.36,4666.978538532228,75.70980780292297,4,1,17,5
1542600000,4863.5,4702.70971334455,77.59075439012744,4,1,17,6
1542596400,4839.56,4727.591583645541,78.10432123193547,4,1,17,7
1542592800,4859.81,4751.631295709987,75.50162171627355,4,1,17,8
1542589200,4887.6,4776.352878308171,76.22336850537866,4,1,17,9
1542585600,4896.97,4798.283264070322,77.21542555642348,4,1,17,10
1542582000,4886.74,4814.366306966627,77.55546759477022,4,1,17,11
1542578400,4885.09,4827.225160245422,76.21804026542526,4,1,17,12
1542574800,4883.26,4837.413312928072,75.9904206865614,4,1,17,13
1542571200,4914.91,4851.503619668422,75.72032593745546,4,1,17,14
1542567600,4904.59,4861.155688819618,77.22786427069715,4,1,17,15
1542564000,4885.93,4865.660109034233,75.57999395377868,4,1,17,16
1542560400,4887.98,4869.7182710280085,72.56495743634092,4,1,17,17
1542556800,4883.19,4872.167676295643,72.69383382491688,4,1,17,18
1542553200,4883.91,4874.3026442418895,71.84459825596086,4,1,17,19
1542549600,4868.08,4873.1712543797275,71.8977421633067,4,1,17,20
1542546000,4880.7,4874.540117219776,68.82198495960412,4,1,17,21
1542542400,4870.61,4873.825550452544,69.92653008028952,4,1,17,22
1542538800,4858.22,4870.98817764299,67.85665590075996,4,1,17,23
1542535200,4873.76,4871.492145344265,65.30052287673081,4,2,18,0
1542531600,4873.65,4871.884482554398,66.98058287789631,4,2,18,1
1542528000,4879.25,4873.223667544507,66.9558703668975,4,2,18,2
1542524400,4884.37,4875.250273445506,67.61102701981716,4,2,18,3
1542520800,4884.96,4877.015678273595,68.23120759902369,4,2,18,4
1542517200,4874.45,4876.549191314759,68.30651846963896,4,2,18,5
1542513600,4885.27,4878.134792893893,65.33526300847748,4,2,18,6
1542510000,4873.71,4877.330285095003,66.93011279450992,4,2,18,7
1542506400,4859.24,4874.041142350457,63.56525345157585,4,2,18,8
1542502800,4864.56,4872.317298286738,59.53081959310766,4,2,18,9
1542499200,4852.27,4868.672334961876,60.522875423038094,4,2,18,10
1542495600,4844.67,4864.3082740597165,57.04394161835298,4,2,18,11
1542492000,4840.29,4859.9413151397675,54.940802488760355,4,2,18,12
1542488400,4851.19,4858.350166932537,53.71174294368232,4,2,18,13
1542484800,4843.95,4855.731954762984,56.32991983469303,4,2,18,14
1542481200,4834.68,4851.90432662426,54.139442866841776,4,2,18,15
1542477600,4830.22,4847.961721783485,51.38422937238728,4,2,18,16
1542474000,4865.83,4851.210499641033,50.06412605674186,4,2,18,17
1542470400,4829.48,4847.259499706299,59.099199387258174,4,2,18,18
1542466800,4838.1,4845.594136123335,49.294493695720824,4,2,18,19
1542463200,4842.6,4845.049747737275,51.35547688110565,4,2,18,20
1542459600,4831.62,4842.607975421406,52.442229616573734,4,2,18,21
1542456000,4836.45,4841.488343526605,49.534341482163974,4,2,18,22
1542452400,4811.17,4835.975917430858,50.826040127457595,4,2,18,23
1542448800,4830.03,4834.894841534338,44.41782387114176,4,3,19,0
1542445200,4827.67,4833.58123398264,49.5302959008263,4,3,19,1
1542441600,4848.43,4836.28100962216,48.923879022511144,4,3,19,2
1542438000,4813.46,4832.131735145404,54.23223558533051,4,3,19,3
1542434400,4808.47,4827.829601482603,45.629428640783665,4,3,19,4
1542430800,4817.45,4825.9424012130385,44.54360906217398,4,3,19,5
1542427200,4806.84,4822.469237356122,46.98841236166977,4,3,19,6
1542423600,4818.91,4821.8221032913725,44.49264405013538,4,3,19,7
1542420000,4828.05,4822.954448147486,47.88391029659898,4,3,19,8
1542416400,4831.74,4824.5518212115785,50.357288073170345,4,3,19,9
1542412800,4851.54,4829.458762809473,51.360907249273154,4,3,19,10
1542409200,4789.22,4822.142624116841,56.448790953443556,4,3,19,11
1542405600,4794.16,4817.054874277415,41.672932786662095,4,3,19,12
1542402000,4847.42,4822.575806226976,42.94777042747448,4,3,19,13
1542398400,4846.68,4826.95838691298,54.49552919095022,4,3,19,14
1542394800,4874.65,4835.629589292438,54.330982980350775,4,3,19,15
1542391200,4878.15,4843.360573057449,59.329610467002155,4,3,19,16
1542387600,4887.87,4851.4531961379125,59.920775422396055,4,3,19,17
1542384000,4878.86,4856.436251385565,61.59052603768585,4,3,19,18
1542380400,4902.24,4864.764205679098,59.131329956306885,4,3,19,19
1542376800,4913.87,4873.6925319192615,63.23368927854518,4,3,19,20
1542373200,4907.7,4879.875707933941,65.10983311182973,4,3,19,21
1542369600,4924.16,4887.927397400497,63.26536055820508,4,3,19,22
1542366000,4928.09,4895.229688782225,66.03007071498162,4,3,19,23
1542362400,4868.88,4890.438836276366,66.67496982951364,4,4,20,0
1542358800,4890.37,4890.426320589753,50.97381847905683,4,4,20,1
1542355200,4884.29,4889.310625937071,55.10603154835537,4,4,20,2
1542351600,4909.98,4893.068693948512,53.726303644960794,4,4,20,3
1542348000,4899.5,4894.23802232151,58.45907654963024,4,4,20,4
1542344400,4912.68,4897.591109172144,55.94529849427577,4,4,20,5
1542340800,4937.65,4904.874543868117,58.369799103432726,4,4,20,6
1542337200,4920.55,4907.724626801187,62.572327621959694,4,4,20,7
1542333600,4905.06,4907.24014920097,58.23661454526104,4,4,20,8
1542330000,4914.46,4908.552849346248,54.5493221894951,4,4,20,9
1542326400,4943.95,4914.988694919657,56.35526675552222,4,4,20,10
1542322800,4876.71,4908.028932206992,61.52086844258335,4,4,20,11
1542319200,4861.46,4899.561853623903,47.66765625619764,4,4,20,12
1542315600,4866.36,4893.525152965011,45.182655077983604,4,4,20,13
1542312000,4906.77,4895.933306971373,46.15398614284609,4,4,20,14
1542308400,4893.2,4895.436342067487,53.47561014039235,4,4,20,15
1542304800,4886.44,4893.800643509761,50.969281288551876,4,4,20,16
1542301200,4868.69,4889.235071962532,49.719144644797325,4,4,20,17
1542297600,4870.01,4885.739604332981,46.49446500702561,4,4,20,18
1542294000,4657.82,4844.299676272439,46.770950212443836,4,4,20,19
1542290400,4823.53,4840.523371495632,24.686989017613584,4,4,20,20
1542286800,4820.12,4836.813667587335,46.0936593676225,4,4,20,21
1542283200,4827.33,4835.089364389637,45.80513425724006,4,4,20,22
1542279600,4828.63,4833.914934500612,46.566721773557134,4,4,20,23
1542276000,4978.16,4860.141310045955,46.71212793871017,4,5,21,0
1542272400,4935.04,4873.759253673963,60.14626313280378,4,5,21,1
1542268800,4964.84,4890.319389369606,55.77920699770617,4,5,21,2
1542265200,4928.3,4897.224954938769,58.046316104377546,4,5,21,3
1542261600,4951.94,4907.173144949901,54.36580065018377,4,5,21,4
1542258000,4928.32,4911.018027686283,56.29649644161242,4,5,21,5
1542254400,4953.53,4918.747477197868,53.845244922421195,4,5,21,6
1542250800,4927.63,4920.362481343709,56.04508730789486,4,5,21,7
1542247200,4998.35,4934.542030190307,53.23767747001569,4,5,21,8
