,Prix,ema,rsi,month,weekday,day,hour
1542646800,4416.61,4272.012439281612,67.99177960365304,4,0,16,17
1542643200,4463.22,4306.7774503213195,68.68590807013406,4,0,16,18
1542639600,4461.63,4334.932459353807,70.49627005551902,4,0,16,19
1542636000,4484.95,4362.208375834933,70.34686233646873,4,0,16,20
1542632400,4598.27,4405.128671137672,71.30735400417672,4,0,16,21
1542628800,4612.24,4442.785276385368,75.46601686113814,4,0,16,22
1542625200,4648.79,4480.240680678937,75.92919520753334,4,0,16,23
1542621600,4546.92,4492.364193282766,77.1449288146957,4,1,17,0
1542618000,4623.56,4516.217976322263,66.98950224070325,4,1,17,1
1542614400,4733.84,4555.785616990942,70.17094527952368,4,1,17,2
1542610800,4754.62,4591.937322992589,74.0469665381498,4,1,17,3
1542607200,4785.42,4627.115991539391,74.71371968894995,4,1,17,4
1542603600,4846.36,4666.978538532228,75.70980780292297,4,1,17,5
1542600000,4863.5,4702.70971334455,77.59075439012744,4,1,17,6
1542596400,4839.56,4727.591583645541,78.10432123193547,4,1,17,7
1542592800,4859.81,4751.631295709987,75.50162171627355,4,1,17,8
1542589200,4887.6,4776.352878308171,76.22336850537866,4,1,17,9
1542585600,4896.97,4798.283264070322,77.21542555642348,4,1,17,10
1542582000,4886.74,4814.366306966627,77.55546759477022,4,1,17,11
1542578400,4885.09,4827.225160245422,76.21804026542526,4,1,17,12
1542574800,4883.26,4837.413312928072,75.9904206865614,4,1,17,13
1542571200,4914.91,4851.503619668422,75.72032593745546,4,1,17,14
1542567600,4904.59,4861.155688819618,77.22786427069715,4,1,17,15
1542564000,4885.93,4865.660109034233,75.57999395377868,4,1,17,16
1542560400,4887.98,4869.7182710280085,72.56495743634092,4,1,17,17
1542556800,4883.19,4872.167676295643,72.69383382491688,4,1,17,18
1542553200,4883.91,4874.3026442418895,71.84459825596086,4,1,17,19
1542549600,4868.08,4873.1712543797275,71.8977421633067,4,1,17,20
1542546000,4880.7,4874.540117219776,68.82198495960412,4,1,17,21
1542542400,4870.61,4873.825550452544,69.92653008028952,4,1,17,22
1542538800,4858.22,4870.98817764299,67.85665590075996,4,1,17,23
1542535200,4873.76,4871.492145344265,65.30052287673081,4,2,18,0
1542531600,4873.65,4871.884482554398,66.98058287789631,4,2,18,1
1542528000,4879.25,4873.223667544507,66.9558703668975,4,2,18,2
1542524400,4884.37,4875.250273445506,67.61102701981716,4,2,18,3
1542520800,4884.96,4877.015678273595,68.23120759902369,4,2,18,4
1542517200,4874.45,4876.549191314759,68.30651846963896,4,2,18,5
1542513600,4885.27,4878.134792893893,65.33526300847748,4,2,18,6
1542510000,4873.71,4877.330285095003,66.93011279450992,4,2,18,7
1542506400,4859.24,4874.041142350457,63.56525345157585,4,2,18,8
1542502800,4864.56,4872.317298286738,59.53081959310766,4,2,18,9
1542499200,4852.27,4868.672334961876,60.522875423038094,4,2,18,10
1542495600,4844.67,4864.3082740597165,57.04394161835298,4,2,18,11
1542492000,4840.29,4859.9413151397675,54.940802488760355,4,2,18,12
1542488400,4851.19,4858.350166932537,53.71174294368232,4,2,18,13
1542484800,4843.95,4855.731954762984,56.32991983469303,4,2,18,14
1542481200,4834.68,4851.90432662426,54.139442866841776,4,2,18,15
1542477600,4830.22,4847.961721783485,51.38422937238728,4,2,18,16
1542474000,4865.83,4851.210499641033,50.06412605674186,4,2,18,17
1542470400,4829.48,4847.259499706299,59.099199387258174,4,2,18,18
1542466800,4838.1,4845.594136123335,49.294493695720824,4,2,18,19
1542463200,4842.6,4845.049747737275,51.35547688110565,4,2,18,20
1542459600,4831.62,4842.607975421406,52.442229616573734,4,2,18,21
1542456000,4836.45,4841.488343526605,49.534341482163974,4,2,18,22
1542452400,4811.17,4835.975917430858,50.826040127457595,4,2,18,23
1542448800,4830.03,4834.894841534338,44.41782387114176,4,3,19,0
1542445200,4827.67,4833.58123398264,49.5302959008263,4,3,19,1
1542441600,4848.43,4836.28100962216,48.923879022511144,4,3,19,2
1542438000,4813.46,4832.131735145404,54.23223558533051,4,3,19,3
1542434400,4808.47,4827.829601482603,45.629428640783665,4,3,19,4
1542430800,4817.45,4825.9424012130385,44.54360906217398,4,3,19,5
1542427200,4806.84,4822.469237356122,46.98841236166977,4,3,19,6
1542423600,4818.91,4821.8221032913725,44.49264405013538,4,3,19,7
1542420000,4828.05,4822.954448147486,47.88391029659898,4,3,19,8
1542416400,4831.74,4824.5518212115785,50.357288073170345,4,3,19,9
1542412800,4851.54,4829.458762809473,51.360907249273154,4,3,19,10
1542409200,4789.22,4822.142624116841,56.448790953443556,4,3,19,11
1542405600,4794.16,4817.054874277415,41.672932786662095,4,3,19,12
1542402000,4847.42,4822.575806226976,42.94777042747448,4,3,19,13
1542398400,4846.68,4826.95838691298,54.49552919095022,4,3,19,14
1542394800,4874.65,4835.629589292438,54.330982980350775,4,3,19,15
1542391200,4878.15,4843.360573057449,59.329610467002155,4,3,19,16
1542387600,4887.87,4851.4531961379125,59.920775422396055,4,3,19,17
1542384000,4878.86,4856.436251385565,61.59052603768585,4,3,19,18
1542380400,4902.24,4864.764205679098,59.131329956306885,4,3,19,19
1542376800,4913.87,4873.6925319192615,63.23368927854518,4,3,19,20
1542373200,4907.7,4879.875707933941,65.10983311182973,4,3,19,21
1542369600,4924.16,4887.927397400497,63.26536055820508,4,3,19,22
1542366000,4928.09,4895.229688782225,66.03007071498162,4,3,19,23
1542362400,4868.88,4890.438836276366,66.67496982951364,4,4,20,0
1542358800,4890.37,4890.426320589753,50.97381847905683,4,4,20,1
1542355200,4884.29,4889.310625937071,55.10603154835537,4,4,20,2
1542351600,4909.98,4893.068693948512,53.726303644960794,4,4,20,3
1542348000,4899.5,4894.23802232151,58.45907654963024,4,4,20,4
1542344400,4912.68,4897.591109172144,55.94529849427577,4,4,20,5
1542340800,4937.65,4904.874543868117,58.369799103432726,4,4,20,6
1542337200,4920.55,4907.724626801187,62.572327621959694,4,4,20,7
1542333600,4905.06,4907.24014920097,58.23661454526104,4,4,20,8
1542330000,4914.46,4908.552849346248,54.5493221894951,4,4,20,9
1542326400,4943.95,4914.988694919657,56.35526675552222,4,4,20,10
1542322800,4876.71,4908.028932206992,61.52086844258335,4,4,20,11
1542319200,4861.46,4899.561853623903,47.66765625619764,4,4,20,12
1542315600,4866.36,4893.525152965011,45.182655077983604,4,4,20,13
1542312000,4906.77,4895.933306971373,46.15398614284609,4,4,20,14
1542308400,4893.2,4895.436342067487,53.47561014039235,4,4,20,15
1542304800,4886.44,4893.800643509761,50.969281288551876,4,4,20,16
1542301200,4868.69,4889.235071962532,49.719144644797325,4,4,20,17
1542297600,4870.01,4885.739604332981,46.49446500702561,4,4,20,18
1542294000,4657.82,4844.299676272439,46.770950212443836,4,4,20,19
1542290400,4823.53,4840.523371495632,24.686989017613584,4,4,20,20
1542286800,4820.12,4836.813667587335,46.0936593676225,4,4,20,21
1542283200,4827.33,4835.089364389637,45.80513425724006,4,4,20,22
1542279600,4828.63,4833.914934500612,46.566721773557134,4,4,20,23
1542276000,4978.16,4860.141310045955,46.71212793871017,4,5,21,0
1542272400,4935.04,4873.759253673963,60.14626313280378,4,5,21,1
1542268800,4964.84,4890.319389369606,55.77920699770617,4,5,21,2
1542265200,4928.3,4897.224954938769,58.046316104377546,4,5,21,3
1542261600,4951.94,4907.173144949901,54.36580065018377,4,5,21,4
1542258000,4928.32,4911.018027686283,56.29649644161242,4,5,21,5
1542254400,4953.53,4918.747477197868,53.845244922421195,4,5,21,6
1542250800,4927.63,4920.362481343709,56.04508730789486,4,5,21,7
1542247200,4998.35,4934.542030190307,53.23767747001569,4,5,21,8
1542243600,5005.72,4947.4834792466145,59.241328721352,4,5,21,9
1542240000,5032.32,4962.908301201775,59.82027236634405,4,5,21,10
1542236400,4953.06,4961.117700983271,61.922517394065636,4,5,21,11
1542232800,4983.98,4965.274482622676,53.02069585512,4,5,21,12
1542229200,4865.92,4947.210031236735,55.69640758906239,4,5,21,13
1542225600,4967.14,4950.833661920965,45.12765981745455,4,5,21,14
1542222000,5029.06,4965.05663248079,53.308251627979644,4,5,21,15
1542218400,5153.64,4999.344517484283,57.48398788978911,4,5,21,16
1542214800,5146.18,5026.041877941686,64.38520160940436,4,5,21,17
1542211200,5406.67,5095.246991043197,63.71822316896453,4,5,21,18
1542207600,5482.62,5165.678447217161,73.88953979956356,4,5,21,19
1542204000,5529.49,5231.826002268586,76.00198455751665,4,5,21,20
1542200400,5537.76,5287.450365492479,77.2264684483449,4,5,21,21
1542196800,5547.85,5334.795753584755,77.44515039064646,4,5,21,22
1542193200,5538.23,5371.783798387526,77.72617712795613,4,5,21,23
1542189600,5582.78,5410.146744135248,76.7443775014496,4,6,22,0
1542186000,5609.38,5446.370972474294,78.12256789679559,4,6,22,1
1542182400,5604.42,5475.107159297149,78.92563949464216,4,6,22,2
1542178800,5616.06,5500.734948515849,78.3481139592109,4,6,22,3
1542175200,5614.15,5521.355866967512,78.74125349674988,4,6,22,4
1542171600,5599.51,5535.5657093370555,78.4894120902094,4,6,22,5
1542168000,5594.21,5546.228307639409,76.47052841579699,4,6,22,6
1542164400,5589.26,5554.05225170497,75.71128624764208,4,6,22,7
1542160800,5591.31,5560.826387758611,74.9626938246972,4,6,22,8
1542157200,5583.06,5564.868862711591,75.07261840347954,4,6,22,9
1542153600,5585.73,5568.661796764029,73.67081390714273,4,6,22,10
1542150000,5608.65,5575.932379170568,73.84105644391383,4,6,22,11
1542146400,5609.78,5582.0864920486465,75.31650905252339,4,6,22,12
1542142800,5621.26,5589.208948039802,75.39020803973807,4,6,22,13
1542139200,5612.61,5593.463684759838,76.16869421685568,4,6,22,14
1542135600,5606.38,5595.812105712594,74.26248166837917,4,6,22,15
1542132000,5627.05,5601.491722855759,72.84840970460021,4,6,22,16
1542128400,5625.57,5605.8695914274385,74.57802103635282,4,6,22,17
1542124800,5615.35,5607.593302076995,74.21348372086919,4,6,22,18
1542121200,5613.65,5608.694519881177,71.61044069730549,4,6,22,19
1542117600,5622.15,5611.140970811873,71.16330704344419,4,6,22,20
1542114000,5621.95,5613.1062488460775,72.10130018702203,4,6,22,21
1542110400,5627.24,5615.676021783154,72.041920863188,4,6,22,22
1542106800,5632.21,5618.682199640762,72.68274601902283,4,6,22,23
1542103200,5635.66,5621.769072433351,73.30189903551712,4,0,23,0
1542099600,5626.32,5622.596513809105,73.74672671325146,4,0,23,1
1542096000,5643.06,5626.317147661995,70.33034309121419,4,0,23,2
1542092400,5641.22,5629.026757177996,72.76554940929124,4,0,23,3
1542088800,5639.49,5630.929164963814,72.06538983717093,4,0,23,4
1542085200,5641.37,5632.827498606756,71.37004513092619,4,0,23,5
1542081600,5637.29,5633.638862496437,71.68972401099074,4,0,23,6
1542078000,5637.22,5634.289978406175,69.8664622168105,4,0,23,7
1542074400,5629.16,5633.357255059596,69.8336466881812,4,0,23,8
1542070800,5655.4,5637.365026866942,65.99027593027063,4,0,23,9
1542067200,5660.65,5641.59865834568,71.49124586142142,4,0,23,10
1542063600,5655.34,5644.09708410101,72.45134636501668,4,0,23,11
1542060000,5655.41,5646.153977900826,69.88769435951235,4,0,23,12
1542056400,5668.11,5650.145981918858,69.90281348649168,4,0,23,13
1542052800,5666.96,5653.203076115429,72.59160243355198,4,0,23,14
1542049200,5659.24,5654.300698639896,71.96465823986651,4,0,23,15
1542045600,5664.49,5656.153298887188,67.73541704639254,4,0,23,16
