,Prix,ema,rsi,month,weekday,day,hour
1542308400,4893.2,4895.436342067487,53.47561014039235,4,4,20,15
1542304800,4886.44,4893.800643509761,50.969281288551876,4,4,20,16
1542301200,4868.69,4889.235071962532,49.719144644797325,4,4,20,17
1542297600,4870.01,4885.739604332981,46.49446500702561,4,4,20,18
1542294000,4657.82,4844.299676272439,46.770950212443836,4,4,20,19
1542290400,4823.53,4840.523371495632,24.686989017613584,4,4,20,20
1542286800,4820.12,4836.813667587335,46.0936593676225,4,4,20,21
1542283200,4827.33,4835.089364389637,45.80513425724006,4,4,20,22
1542279600,4828.63,4833.914934500612,46.566721773557134,4,4,20,23
1542276000,4978.16,4860.141310045955,46.71212793871017,4,5,21,0
1542272400,4935.04,4873.759253673963,60.14626313280378,4,5,21,1
1542268800,4964.84,4890.319389369606,55.77920699770617,4,5,21,2
1542265200,4928.3,4897.224954938769,58.046316104377546,4,5,21,3
1542261600,4951.94,4907.173144949901,54.36580065018377,4,5,21,4
1542258000,4928.32,4911.018027686283,56.29649644161242,4,5,21,5
1542254400,4953.53,4918.747477197868,53.845244922421195,4,5,21,6
1542250800,4927.63,4920.362481343709,56.04508730789486,4,5,21,7
1542247200,4998.35,4934.542030190307,53.23767747001569,4,5,21,8
1542243600,5005.72,4947.4834792466145,59.241328721352,4,5,21,9
1542240000,5032.32,4962.908301201775,59.82027236634405,4,5,21,10
1542236400,4953.06,4961.117700983271,61.922517394065636,4,5,21,11
1542232800,4983.98,4965.274482622676,53.02069585512,4,5,21,12
1542229200,4865.92,4947.210031236735,55.69640758906239,4,5,21,13
1542225600,4967.14,4950.833661920965,45.12765981745455,4,5,21,14
1542222000,5029.06,4965.05663248079,53.308251627979644,4,5,21,15
1542218400,5153.64,4999.344517484283,57.48398788978911,4,5,21,16
1542214800,5146.18,5026.041877941686,64.38520160940436,4,5,21,17
1542211200,5406.67,5095.246991043197,63.71822316896453,4,5,21,18
1542207600,5482.62,5165.678447217161,73.88953979956356,4,5,21,19
1542204000,5529.49,5231.826002268586,76.00198455751665,4,5,21,20
1542200400,5537.76,5287.450365492479,77.2264684483449,4,5,21,21
1542196800,5547.85,5334.795753584755,77.44515039064646,4,5,21,22
1542193200,5538.23,5371.783798387526,77.72617712795613,4,5,21,23
1542189600,5582.78,5410.146744135248,76.7443775014496,4,6,22,0
1542186000,5609.38,5446.370972474294,78.12256789679559,4,6,22,1
1542182400,5604.42,5475.107159297149,78.92563949464216,4,6,22,2
1542178800,5616.06,5500.734948515849,78.3481139592109,4,6,22,3
1542175200,5614.15,5521.355866967512,78.74125349674988,4,6,22,4
1542171600,5599.51,5535.5657093370555,78.4894120902094,4,6,22,5
1542168000,5594.21,5546.228307639409,76.47052841579699,4,6,22,6
1542164400,5589.26,5554.05225170497,75.71128624764208,4,6,22,7
1542160800,5591.31,5560.826387758611,74.9626938246972,4,6,22,8
1542157200,5583.06,5564.868862711591,75.07261840347954,4,6,22,9
1542153600,5585.73,5568.661796764029,73.67081390714273,4,6,22,10
1542150000,5608.65,5575.932379170568,73.84105644391383,4,6,22,11
1542146400,5609.78,5582.0864920486465,75.31650905252339,4,6,22,12
1542142800,5621.26,5589.208948039802,75.39020803973807,4,6,22,13
1542139200,5612.61,5593.463684759838,76.16869421685568,4,6,22,14
1542135600,5606.38,5595.812105712594,74.26248166837917,4,6,22,15
1542132000,5627.05,5601.491722855759,72.84840970460021,4,6,22,16
1542128400,5625.57,5605.8695914274385,74.57802103635282,4,6,22,17
1542124800,5615.35,5607.593302076995,74.21348372086919,4,6,22,18
1542121200,5613.65,5608.694519881177,71.61044069730549,4,6,22,19
1542117600,5622.15,5611.140970811873,71.16330704344419,4,6,22,20
1542114000,5621.95,5613.1062488460775,72.10130018702203,4,6,22,21
1542110400,5627.24,5615.676021783154,72.041920863188,4,6,22,22
1542106800,5632.21,5618.682199640762,72.68274601902283,4,6,22,23
1542103200,5635.66,5621.769072433351,73.30189903551712,4,0,23,0
1542099600,5626.32,5622.596513809105,73.74672671325146,4,0,23,1
1542096000,5643.06,5626.317147661995,70.33034309121419,4,0,23,2
1542092400,5641.22,5629.026757177996,72.76554940929124,4,0,23,3
1542088800,5639.49,5630.929164963814,72.06538983717093,4,0,23,4
1542085200,5641.37,5632.827498606756,71.37004513092619,4,0,23,5
1542081600,5637.29,5633.638862496437,71.68972401099074,4,0,23,6
1542078000,5637.22,5634.289978406175,69.8664622168105,4,0,23,7
1542074400,5629.16,5633.357255059596,69.8336466881812,4,0,23,8
1542070800,5655.4,5637.365026866942,65.99027593027063,4,0,23,9
1542067200,5660.65,5641.59865834568,71.49124586142142,4,0,23,10
1542063600,5655.34,5644.09708410101,72.45134636501668,4,0,23,11
1542060000,5655.41,5646.153977900826,69.88769435951235,4,0,23,12
1542056400,5668.11,5650.145981918858,69.90281348649168,4,0,23,13
1542052800,5666.96,5653.203076115429,72.59160243355198,4,0,23,14
1542049200,5659.24,5654.300698639896,71.96465823986651,4,0,23,15
1542045600,5664.49,5656.153298887188,67.73541704639254,4,0,23,16
1542042000,5664.25,5657.625426362245,69.06677569429449,4,0,23,17
1542038400,5666.32,5659.206257932746,68.92675460247483,4,0,23,18
1542034800,5671.18,5661.383301944973,69.50107286612156,4,0,23,19
1542031200,5674.93,5663.846337954978,70.86272314751696,4,0,23,20
1542027600,5671.91,5665.3124583268,71.90501537314316,4,0,23,21
1542024000,5671.28,5666.397465903745,69.74134443533256,4,0,23,22
1542020400,5669.91,5667.0361084667,69.27305468000075,4,0,23,23
1542016800,5672.83,5668.0895432909365,68.20060415864477,4,1,24,0
1542013200,5670.18,5668.469626328948,69.29182802915355,4,1,24,1
1542009600,5661.91,5667.276966996412,67.0433011427306,4,1,24,2
1542006000,5657.24,5665.452063906154,60.4506326870183,4,1,24,3
1542002400,5654.27,5663.418961377763,57.03965565734688,4,1,24,4
1541998800,5647.66,5660.553695672715,54.91733194696606,4,1,24,5
1541995200,5643.77,5657.502114641312,50.42083352488217,4,1,24,6
1541991600,5652.09,5656.518093797436,47.933483889979684,4,1,24,7
1541988000,5648.93,5655.138440379721,53.24604103993662,4,1,24,8
1541984400,5650.42,5654.280542128863,51.11287884516144,4,1,24,9
1541980800,5641.14,5651.891352650888,52.08757351418766,4,1,24,10
1541977200,5607.42,5643.805652168909,45.94364734498819,4,1,24,11
1541973600,5615.34,5638.630079047289,31.434481700425735,4,1,24,12
1541970000,5622.45,5635.688246493236,36.50636723920192,4,1,24,13
1541966400,5619.74,5632.788565312648,40.744016367371614,4,1,24,14
1541962800,5611.15,5628.854280710348,39.65757730493042,4,1,24,15
1541959200,5606.62,5624.811684217557,36.34899111908341,4,1,24,16
1541955600,5597.67,5619.876832541637,34.704643688354366,4,1,24,17
1541952000,5596.65,5615.65377207952,31.65753570657465,4,1,24,18
1541948400,5619.88,5616.422177155971,31.320027598259003,4,1,24,19
1541944800,5618.47,5616.794508582158,45.55609652797974,4,1,24,20
1541941200,5627.59,5618.7573252035845,44.94709804101855,4,1,24,21
1541937600,5624.47,5619.795993348387,49.6367821365417,4,1,24,22
1541934000,5627.33,5621.1658127395895,48.12638534101605,4,1,24,23
1541930400,5635.88,5623.84111951421,49.639167721517296,4,2,25,0
1541926800,5636.95,5626.224552329808,53.96166128097531,4,2,25,1
1541923200,5639.36,5628.6128155425695,54.48812509943819,4,2,25,2
1541919600,5635.99,5629.9541218075565,55.71643901078088,4,2,25,3
1541916000,5630.99,5630.142463297091,53.540413867810564,4,2,25,4
1541912400,5633.58,5630.767469970347,50.39557942609686,4,2,25,5
1541908800,5631.68,5630.933384521192,51.96937649013283,4,2,25,6
1541905200,5636.65,5631.972769153702,50.69861808269373,4,2,25,7
1541901600,5637.15,5632.914083853029,53.87572964848635,4,2,25,8
1541898000,5636.46,5633.558795879751,54.19553043682359,4,2,25,9
1541894400,5630.82,5633.0608329925235,53.64278507304231,4,2,25,10
1541890800,5639.85,5634.295226993882,49.223529812349604,4,2,25,11
1541887200,5641.89,5635.676094813176,55.53905903797422,4,2,25,12
1541883600,5640.08,5636.476804847143,56.84494722961399,4,2,25,13
1541880000,5635.84,5636.361022147663,55.29316113692921,4,2,25,14
1541876400,5640.09,5637.039018120815,51.7306219306139,4,2,25,15
1541872800,5645.95,5638.659196644303,54.86944384011183,4,2,25,16
1541869200,5644.5,5639.721160890793,58.843439718978026,4,2,25,17
1541865600,5641.93,5640.122768001558,57.49436173927217,4,2,25,18
1541862000,5647.91,5641.538628364911,55.08382956659267,4,2,25,19
1541858400,5653.98,5643.800695934927,59.35411587413078,4,2,25,20
1541854800,5643.13,5643.678751219486,63.18062597408621,4,2,25,21
1541851200,5638.44,5642.726250997761,53.48749126570678,4,2,25,22
1541847600,5626.25,5639.730568998168,49.92214780216288,4,2,25,23
1541844000,5634.96,5638.8631928166815,42.07230442760226,4,3,26,0
1541840400,5634.18,5638.011703213648,48.32474395113552,4,3,26,1
1541836800,5635.11,5637.484120811166,47.82689616988451,1,0,1,0
1541833200,5627.21,5635.616098845499,48.50804099024192,1,0,1,1
1541829600,5629.26,5634.460444509954,43.33271712849799,1,0,1,2
1541826000,5630.25,5633.694909144508,44.97333868220931,1,0,1,3
1541822400,5606.5,5628.750380209142,45.78959154974307,1,0,1,4
1541818800,5620.45,5627.241220171116,33.10327336160252,1,0,1,5
1541815200,5612.86,5624.626452867276,43.07884537796444,1,0,1,6
1541811600,5612.1,5622.348915982317,39.61729972679524,1,0,1,7
1541808000,5613.83,5620.800022167349,39.27696953341002,1,0,1,8
1541804400,5614.01,5619.565472682376,40.52934775058463,1,0,1,9
1541800800,5610.54,5617.924477649216,40.66646540449587,1,0,1,10
1541797200,5622.95,5618.838208985722,38.80882022164381,1,0,1,11
1541793600,5627.08,5620.336716442864,47.963827141414846,1,0,1,12
1541790000,5620.75,5620.411858907797,50.61204579676675,1,0,1,13
1541786400,5627.77,5621.749702742743,46.69001626150987,1,0,1,14
1541782800,5629.41,5623.142484062244,51.20589631126924,1,0,1,15
1541779200,5619.67,5622.511123323654,52.22409880155655,1,0,1,16
1541775600,5607.53,5619.787282719353,46.07474422729541,1,0,1,17
1541772000,5620.55,5619.925958588561,39.7863833505064,1,0,1,18
1541768400,5625.9,5621.012147936095,47.985644621212835,1,0,1,19
1541764800,5616.04,5620.108121038623,50.94174764864434,1,0,1,20
1541761200,5622.59,5620.559371758873,45.77804309661391,1,0,1,21
1541757600,5628.59,5622.019485984532,49.44417287005068,1,0,1,22
1541754000,5670.56,5630.845033987344,52.60540301710524,1,0,1,23
1541750400,5671.79,5638.289573262373,67.78155988103788,1,1,2,0
1541746800,5668.49,5643.780559941941,68.10390515843514,1,1,2,1
1541743200,5664.97,5647.633185407041,66.19050413188683,1,1,2,2
1541739600,5665.36,5650.856242605761,64.12108593863277,1,1,2,3
1541736000,5659.13,5652.360562131986,64.25443237040453,1,1,2,4
1541732400,5654.46,5652.742278107988,60.39309691780455,1,1,2,5
1541728800,5655.54,5653.250954815626,57.59886846776981,1,1,2,6
1541725200,5658.69,5654.239872121875,58.081891506047434,1,1,2,7
1541721600,5657.47,5654.827168099716,59.529980633461626,1,1,2,8
1541718000,5661.44,5656.029501172494,58.684409181013194,1,1,2,9
1541714400,5673.71,5659.244137322949,60.64346489504909,1,1,2,10
1541710800,5675.59,5662.21611235514,66.00817267758444,1,1,2,11
1541707200,5665.08,5662.736819199659,66.7558974972011,1,1,2,12
