,Prix,ema,rsi,month,weekday,day,hour
1523746800,6544.32,6569.496266912327,34.15409339329618,11,2,21,10
1523743200,6517.68,6560.075127473721,42.050046699504655,11,2,21,11
1523739600,6560.44,6560.141467933045,39.548948545520936,11,2,21,12
1523736000,6511.63,6551.321201036128,45.18472796027801,11,2,21,13
1523732400,6525.37,6546.602800847741,40.53875835268359,11,2,21,14
1523728800,6476.83,6533.9168370572415,42.33618297995803,11,2,21,15
1523725200,6491.55,6526.213775774107,37.96952117740941,11,2,21,16
1523721600,6465.79,6515.227634724269,39.99089991425505,11,2,21,17
1523718000,6482.36,6509.251701138037,37.67701487499414,11,2,21,18
1523714400,6463.96,6501.016846385666,40.0787377117952,11,2,21,19
1523710800,6426.97,6487.5537834064535,38.31309869565105,11,2,21,20
1523707200,6479.83,6486.149459150734,34.97712103502725,11,2,21,21
1523703600,6465.41,6482.378648396055,42.6605782164084,11,2,21,22
1523700000,6518.2,6488.891621414953,41.229315397674675,11,2,21,23
1523696400,6594.73,6508.13496297587,48.094847583426095,11,3,22,0
1523692800,6596.19,6524.1449697075295,56.10113979419812,11,3,22,1
1523689200,6514.92,6522.467702487978,56.23981726704224,11,3,22,2
1523685600,6464.31,6511.893574762891,47.28532197619714,11,3,22,3
1523682000,6473.93,6504.991106624184,42.72334375201811,11,3,22,4
1523678400,6515.54,6506.909087237968,43.8326067942314,11,3,22,5
1523674800,6519.71,6509.236525921974,48.480300857079264,11,3,22,6
1523671200,6522.25,6511.602612117978,48.93632553962428,11,3,22,7
1523667600,6425.45,6495.9385008238005,49.23110356120945,11,3,22,8
1523664000,6385.6,6475.876955219473,39.801230263525376,11,3,22,9
1523660400,6413.07,6464.457508815931,36.68590646529591,11,3,22,10
1523656800,6379.11,6448.939779940306,40.16281198528083,11,3,22,11
1523653200,6393.58,6438.874365405705,37.42650115014757,11,3,22,12
1523649600,6570.28,6462.766298968303,39.323416581031104,11,3,22,13
1523646000,6592.05,6486.272426428611,56.618276066997666,11,3,22,14
1523642400,6596.05,6506.231985259772,58.19911617755181,11,3,22,15
1523638800,6600.13,6523.3043515761765,58.49836509745921,11,3,22,16
1523635200,6604.56,6538.078105835053,58.822178891220624,11,3,22,17
1523631600,6586.34,6546.852995683224,59.19446553558185,11,3,22,18
1523628000,6584.3,6553.661541922637,56.91531723752157,11,3,22,19
1523624400,6660.3,6573.050352482157,56.65230524860239,11,3,22,20
1523620800,6583.05,6574.868470212674,63.43207322693123,11,3,22,21
1523617200,6556.56,6571.539657446732,54.159631641595574,11,3,22,22
1523613600,6551.88,6567.965174274598,51.38570075153183,11,3,22,23
1523610000,6604.97,6574.693324406489,50.88979492175313,11,4,23,0
1523606400,6592.21,6577.8781745144,56.0691756743562,11,4,23,1
1523602800,6360.6,6538.373051875418,54.57927777510704,11,4,23,2
1523599200,6327.21,6499.979769716251,35.92098540236516,11,4,23,3
1523595600,6353.2,6473.29253885875,34.11057535847323,11,4,23,4
1523592000,6351.18,6451.09025906625,36.781416236884006,11,4,23,5
1523588400,6387.47,6439.5229392360225,36.65704512215772,11,4,23,6
1523584800,6323.54,6418.4351321022,40.54650042478572,11,4,23,7
1523581200,6412.95,6417.437835356346,36.31600741473354,11,4,23,8
1523577600,6421.46,6418.169138018828,44.964606329499695,11,4,23,9
1523574000,6370.18,6409.443840197222,45.720188932057304,11,4,23,10
1523570400,6349.6,6398.5631419795445,41.98006400648957,11,4,23,11
1523566800,6269.59,6375.113479801445,40.54651143699337,11,4,23,12
1523563200,6223.99,6347.636483473909,35.47460044844945,11,4,23,13
1523559600,6241.57,6328.351668296834,32.94521113255951,11,4,23,14
1523556000,6229.1,6310.305910424682,34.873165921901276,11,4,23,15
1523552400,6182.19,6287.012108529285,34.12369402730194,11,4,23,16
1523548800,6187.33,6268.888088796688,31.390642365456884,11,4,23,17
1523545200,6214.7,6259.035709015471,32.03299323381073,11,4,23,18
1523541600,6243.69,6256.245580103568,35.496140993237404,11,4,23,19
1523538000,6249.63,6255.042747357465,39.03922506726893,11,4,23,20
1523534400,6288.07,6261.04770238338,39.76924875685611,11,4,23,21
1523530800,5633.43,6146.935392859129,44.408781904371835,11,4,23,22
1523527200,5553.36,6039.012594157469,18.406013680716796,11,4,23,23
1523523600,5552.47,5950.5503043106555,17.08807321199248,11,5,24,0
1523520000,5531.54,5874.366612617809,17.073439249813745,11,5,24,1
1523516400,5502.55,5806.763592141843,16.711000037829265,11,5,24,2
1523512800,5621.03,5772.993848116053,16.198089492294443,11,5,24,3
1523509200,5641.83,5749.145875731316,26.17152127152822,11,5,24,4
1523505600,5611.62,5724.141171052894,27.796149638117157,11,5,24,5
1523502000,5629.47,5706.928230861458,26.871259376003593,11,5,24,6
1523498400,5606.07,5688.590370704829,28.38749470549672,11,5,24,7
1523494800,5610.74,5674.4357578494055,27.5801889025184,11,5,24,8
1523491200,5606.01,5661.994710967695,28.020143329480703,11,5,24,9
1523487600,5613.44,5653.166581700842,27.83569221918428,11,5,24,10
1523484000,5595.58,5642.696294118869,28.630452620176783,11,5,24,11
1523480400,5588.88,5632.911513369983,27.83683562563374,11,5,24,12
1523476800,5597.0,5626.382147302714,27.52855643155941,11,5,24,13
1523473200,5603.15,5622.158120520402,28.56113898204289,11,5,24,14
1523469600,5583.5,5615.129371334874,29.381827045096486,11,5,24,15
1523466000,5606.2,5613.505849273987,28.264557631006824,11,5,24,16
1523462400,5612.71,5613.36114940599,31.50486938332662,11,5,24,17
1523458800,5608.19,5612.420940423082,32.44727037037002,11,5,24,18
1523455200,5613.08,5612.540769437068,32.11686182798023,11,5,24,19
1523451600,5543.43,5599.975174993964,32.9127792436618,11,5,24,20
1523448000,5550.96,5591.063324995061,27.895804327376,11,5,24,21
1523444400,5543.54,5582.422720450504,29.153155022464745,11,5,24,22
1523440800,5556.39,5577.689498550412,28.623477075947562,11,5,24,23
1523437200,5563.44,5575.098680632154,30.962816813987544,11,6,25,0
1523433600,5542.49,5569.169829608126,32.27429810011094,11,6,25,1
1523430000,5542.38,5564.298951497557,30.42466963870237,11,6,25,2
1523426400,5527.29,5557.570051225273,30.414813513930667,11,6,25,3
1523422800,5535.28,5553.51731463886,29.02568008137017,11,6,25,4
1523419200,5530.61,5549.352348340884,30.82718914859089,11,6,25,5
1523415600,5540.43,5547.730103187996,30.342414243129596,11,6,25,6
1523412000,5542.72,5546.819175335633,32.73769933660999,11,6,25,7
1523408400,5547.39,5546.9229616382445,33.31358312688549,11,6,25,8
1523404800,5534.76,5544.711514067654,34.5443515563002,11,6,25,9
1523401200,5513.77,5539.0857842371715,32.78218091778507,11,6,25,10
1523397600,5561.16,5543.099278012231,30.03960357191488,11,6,25,11
1523394000,5551.91,5544.701227464552,41.865044420221615,11,6,25,12
1523390400,5550.75,5545.801004289179,40.42858511084481,11,6,25,13
1523386800,5537.59,5544.3080944184185,40.242108896628594,11,6,25,14
1523383200,5559.97,5547.1557136150695,38.09532107535374,11,6,25,15
1523379600,5545.46,5546.847402048693,43.605133801558054,11,6,25,16
1523376000,5536.28,5544.926056221658,41.05384725934523,11,6,25,17
1523372400,5480.63,5533.235864181356,39.4800134912282,11,6,25,18
1523368800,5478.41,5523.267525239292,31.577141008689438,11,6,25,19
1523365200,5484.44,5516.207975195784,31.30790436396667,11,6,25,20
1523361600,5470.21,5507.844706978368,32.97945050209749,11,6,25,21
1523358000,5472.84,5501.480214800483,31.05871585901454,11,6,25,22
1523354400,5514.39,5503.827448473122,31.8487274363372,11,6,25,23
1523350800,5476.92,5498.935185114372,42.96792020615574,11,0,26,0
1523347200,5466.39,5493.017878729941,37.0908202645781,11,0,26,1
1523343600,5450.32,5485.25462805177,35.6164755211924,11,0,26,2
1523340000,5496.14,5487.233786587811,33.43237781453264,11,0,26,3
1523336400,5496.12,5488.849461753663,43.98068578773393,11,0,26,4
1523332800,5516.94,5493.956832343905,43.97741005092942,11,0,26,5
1523329200,5484.22,5492.186499190468,48.29475744934776,11,0,26,6
1523325600,5473.63,5488.812590246746,42.72253914147102,11,0,26,7
1523322000,5500.11,5490.866664747338,41.070846857612054,11,0,26,8
1523318400,5503.79,5493.216362066004,46.62730352983695,11,0,26,9
1523314800,5443.81,5484.233387144912,47.3700071899361,11,0,26,10
1523311200,5463.42,5480.449134936745,38.071043939323104,11,0,26,11
1523307600,5422.22,5469.8620194937,42.07468643036933,11,0,26,12
1523304000,5422.62,5461.272561403936,36.705624064199725,11,0,26,13
1523300400,5487.9,5466.113913875948,36.789959692859085,11,0,26,14
1523296800,5478.38,5468.344111353048,48.783797602130804,11,0,26,15
1523293200,5481.43,5470.723363834311,47.37211718900039,11,0,26,16
1523289600,5472.52,5471.050024955345,47.892364358268274,11,0,26,17
1523286000,5475.04,5471.775474963464,46.447849587473854,11,0,26,18
1523282400,5478.81,5473.054479515562,46.9353428211202,11,0,26,19
1523278800,5494.43,5476.94093778546,47.70234985298927,11,0,26,20
1523275200,5508.78,5482.729858188103,50.87087648377102,11,0,26,21
1523271600,5545.14,5494.077156699356,53.64923114668373,11,0,26,22
1523268000,5792.09,5548.261310026746,59.84561486788688,11,0,26,23
1523264400,5852.61,5603.597435476428,79.69747611872106,11,1,27,0
1523260800,5818.6,5642.68881084435,82.04078802792733,11,1,27,1
1523257200,5800.66,5671.410845236286,76.68431401150687,11,1,27,2
1523253600,5787.46,5692.51069155696,73.94185581772317,11,1,27,3
1523250000,5822.14,5716.079656728422,71.90423155098482,11,1,27,4
1523246400,5814.83,5734.034264595982,73.93639260422023,11,1,27,5
1523242800,5798.03,5745.669852851258,72.74205868032614,11,1,27,6
1523239200,5802.31,5755.968061423757,69.94562419471832,11,1,27,7
1523235600,5764.17,5757.459322983073,70.259306001298,11,1,27,8
1523232000,5725.28,5751.60853698615,63.86268801019799,11,1,27,9
1523228400,5731.91,5748.02698480685,58.058344030496464,11,1,27,10
1523224800,5700.35,5739.358442114695,58.74671844039474,11,1,27,11
1523221200,5668.06,5726.395089002933,54.187538661212535,11,1,27,12
1523217600,5699.91,5721.579618275126,49.91895022782548,11,1,27,13
1523214000,5702.11,5718.0396876796485,53.786038879381245,11,1,27,14
1523210400,5700.81,5714.9070171924395,54.04997231402263,11,1,27,15
1523206800,5703.5,5712.833014066541,53.85424721151089,11,1,27,16
1523203200,5744.8,5718.645193327169,54.22363789714248,11,1,27,17
1523199600,5732.28,5721.124249085865,59.57415510943656,11,1,27,18
1523196000,5755.92,5727.450749252072,57.38444008272886,11,1,27,19
1523192400,5772.11,5735.570613024422,60.348056628943866,11,1,27,20
1523188800,5789.87,5745.443228838162,62.28260486703641,11,1,27,21
1523185200,5692.59,5735.833550867586,64.33802798568766,11,1,27,22
1523181600,5691.33,5727.741996164388,48.68713700179791,11,1,27,23
1523178000,5672.4,5717.67981504359,48.522492931876435,11,2,28,0
1523174400,5654.78,5706.243485035664,46.00536609890406,11,2,28,1
1523170800,5634.32,5693.166487756453,43.73134344602633,11,2,28,2
1523167200,5651.38,5685.568944528006,41.18559190051112,11,2,28,3
1523163600,5674.46,5683.549136432005,44.10729707623544,11,2,28,4
1523160000,5666.06,5680.369293444367,47.87956193164816,11,2,28,5
1523156400,5651.89,5675.191240090845,46.645643866980244,11,2,28,6
1523152800,5654.73,5671.471014619781,44.55946578969993,11,2,28,7
1523149200,5671.52,5671.479921052548,45.0895301661542,11,2,28,8
1523145600,5610.66,5660.421753588448,48.24025433725624,11,2,28,9
