,Prix,ema,rsi,month,weekday,day,hour
1542063600,5655.34,5644.09708410101,72.45134636501668,4,0,23,11
1542060000,5655.41,5646.153977900826,69.88769435951235,4,0,23,12
1542056400,5668.11,5650.145981918858,69.90281348649168,4,0,23,13
1542052800,5666.96,5653.203076115429,72.59160243355198,4,0,23,14
1542049200,5659.24,5654.300698639896,71.96465823986651,4,0,23,15
1542045600,5664.49,5656.153298887188,67.73541704639254,4,0,23,16
1542042000,5664.25,5657.625426362245,69.06677569429449,4,0,23,17
1542038400,5666.32,5659.206257932746,68.92675460247483,4,0,23,18
1542034800,5671.18,5661.383301944973,69.50107286612156,4,0,23,19
1542031200,5674.93,5663.846337954978,70.86272314751696,4,0,23,20
1542027600,5671.91,5665.3124583268,71.90501537314316,4,0,23,21
1542024000,5671.28,5666.397465903745,69.74134443533256,4,0,23,22
1542020400,5669.91,5667.0361084667,69.27305468000075,4,0,23,23
1542016800,5672.83,5668.0895432909365,68.20060415864477,4,1,24,0
1542013200,5670.18,5668.469626328948,69.29182802915355,4,1,24,1
1542009600,5661.91,5667.276966996412,67.0433011427306,4,1,24,2
1542006000,5657.24,5665.452063906154,60.4506326870183,4,1,24,3
1542002400,5654.27,5663.418961377763,57.03965565734688,4,1,24,4
1541998800,5647.66,5660.553695672715,54.91733194696606,4,1,24,5
1541995200,5643.77,5657.502114641312,50.42083352488217,4,1,24,6
1541991600,5652.09,5656.518093797436,47.933483889979684,4,1,24,7
1541988000,5648.93,5655.138440379721,53.24604103993662,4,1,24,8
1541984400,5650.42,5654.280542128863,51.11287884516144,4,1,24,9
1541980800,5641.14,5651.891352650888,52.08757351418766,4,1,24,10
1541977200,5607.42,5643.805652168909,45.94364734498819,4,1,24,11
1541973600,5615.34,5638.630079047289,31.434481700425735,4,1,24,12
1541970000,5622.45,5635.688246493236,36.50636723920192,4,1,24,13
1541966400,5619.74,5632.788565312648,40.744016367371614,4,1,24,14
1541962800,5611.15,5628.854280710348,39.65757730493042,4,1,24,15
1541959200,5606.62,5624.811684217557,36.34899111908341,4,1,24,16
1541955600,5597.67,5619.876832541637,34.704643688354366,4,1,24,17
1541952000,5596.65,5615.65377207952,31.65753570657465,4,1,24,18
1541948400,5619.88,5616.422177155971,31.320027598259003,4,1,24,19
1541944800,5618.47,5616.794508582158,45.55609652797974,4,1,24,20
1541941200,5627.59,5618.7573252035845,44.94709804101855,4,1,24,21
1541937600,5624.47,5619.795993348387,49.6367821365417,4,1,24,22
1541934000,5627.33,5621.1658127395895,48.12638534101605,4,1,24,23
1541930400,5635.88,5623.84111951421,49.639167721517296,4,2,25,0
1541926800,5636.95,5626.224552329808,53.96166128097531,4,2,25,1
1541923200,5639.36,5628.6128155425695,54.48812509943819,4,2,25,2
1541919600,5635.99,5629.9541218075565,55.71643901078088,4,2,25,3
1541916000,5630.99,5630.142463297091,53.540413867810564,4,2,25,4
1541912400,5633.58,5630.767469970347,50.39557942609686,4,2,25,5
1541908800,5631.68,5630.933384521192,51.96937649013283,4,2,25,6
1541905200,5636.65,5631.972769153702,50.69861808269373,4,2,25,7
1541901600,5637.15,5632.914083853029,53.87572964848635,4,2,25,8
1541898000,5636.46,5633.558795879751,54.19553043682359,4,2,25,9
1541894400,5630.82,5633.0608329925235,53.64278507304231,4,2,25,10
1541890800,5639.85,5634.295226993882,49.223529812349604,4,2,25,11
1541887200,5641.89,5635.676094813176,55.53905903797422,4,2,25,12
1541883600,5640.08,5636.476804847143,56.84494722961399,4,2,25,13
1541880000,5635.84,5636.361022147663,55.29316113692921,4,2,25,14
1541876400,5640.09,5637.039018120815,51.7306219306139,4,2,25,15
1541872800,5645.95,5638.659196644303,54.86944384011183,4,2,25,16
1541869200,5644.5,5639.721160890793,58.843439718978026,4,2,25,17
1541865600,5641.93,5640.122768001558,57.49436173927217,4,2,25,18
1541862000,5647.91,5641.538628364911,55.08382956659267,4,2,25,19
1541858400,5653.98,5643.800695934927,59.35411587413078,4,2,25,20
1541854800,5643.13,5643.678751219486,63.18062597408621,4,2,25,21
1541851200,5638.44,5642.726250997761,53.48749126570678,4,2,25,22
1541847600,5626.25,5639.730568998168,49.92214780216288,4,2,25,23
1541844000,5634.96,5638.8631928166815,42.07230442760226,4,3,26,0
1541840400,5634.18,5638.011703213648,48.32474395113552,4,3,26,1
1541836800,5635.11,5637.484120811166,47.82689616988451,1,0,1,0
1541833200,5627.21,5635.616098845499,48.50804099024192,1,0,1,1
1541829600,5629.26,5634.460444509954,43.33271712849799,1,0,1,2
1541826000,5630.25,5633.694909144508,44.97333868220931,1,0,1,3
1541822400,5606.5,5628.750380209142,45.78959154974307,1,0,1,4
1541818800,5620.45,5627.241220171116,33.10327336160252,1,0,1,5
1541815200,5612.86,5624.626452867276,43.07884537796444,1,0,1,6
1541811600,5612.1,5622.348915982317,39.61729972679524,1,0,1,7
1541808000,5613.83,5620.800022167349,39.27696953341002,1,0,1,8
1541804400,5614.01,5619.565472682376,40.52934775058463,1,0,1,9
1541800800,5610.54,5617.924477649216,40.66646540449587,1,0,1,10
1541797200,5622.95,5618.838208985722,38.80882022164381,1,0,1,11
1541793600,5627.08,5620.336716442864,47.963827141414846,1,0,1,12
1541790000,5620.75,5620.411858907797,50.61204579676675,1,0,1,13
1541786400,5627.77,5621.749702742743,46.69001626150987,1,0,1,14
1541782800,5629.41,5623.142484062244,51.20589631126924,1,0,1,15
1541779200,5619.67,5622.511123323654,52.22409880155655,1,0,1,16
1541775600,5607.53,5619.787282719353,46.07474422729541,1,0,1,17
1541772000,5620.55,5619.925958588561,39.7863833505064,1,0,1,18
1541768400,5625.9,5621.012147936095,47.985644621212835,1,0,1,19
1541764800,5616.04,5620.108121038623,50.94174764864434,1,0,1,20
1541761200,5622.59,5620.559371758873,45.77804309661391,1,0,1,21
1541757600,5628.59,5622.019485984532,49.44417287005068,1,0,1,22
1541754000,5670.56,5630.845033987344,52.60540301710524,1,0,1,23
1541750400,5671.79,5638.289573262373,67.78155988103788,1,1,2,0
1541746800,5668.49,5643.780559941941,68.10390515843514,1,1,2,1
1541743200,5664.97,5647.633185407041,66.19050413188683,1,1,2,2
1541739600,5665.36,5650.856242605761,64.12108593863277,1,1,2,3
1541736000,5659.13,5652.360562131986,64.25443237040453,1,1,2,4
1541732400,5654.46,5652.742278107988,60.39309691780455,1,1,2,5
1541728800,5655.54,5653.250954815626,57.59886846776981,1,1,2,6
1541725200,5658.69,5654.239872121875,58.081891506047434,1,1,2,7
1541721600,5657.47,5654.827168099716,59.529980633461626,1,1,2,8
1541718000,5661.44,5656.029501172494,58.684409181013194,1,1,2,9
1541714400,5673.71,5659.244137322949,60.64346489504909,1,1,2,10
1541710800,5675.59,5662.21611235514,66.00817267758444,1,1,2,11
1541707200,5665.08,5662.736819199659,66.7558974972011,1,1,2,12
1541703600,5649.74,5660.373761163357,58.949082545159854,1,1,2,13
1541700000,5657.82,5659.9094409518375,49.795667921707356,1,1,2,14
1541696400,5647.95,5657.734997142412,53.859700481331835,1,1,2,15
1541692800,5681.34,5662.026815843791,48.676200171917735,1,1,2,16
1541689200,5690.42,5667.189212963101,61.999969149967065,1,1,2,17
1541685600,5694.28,5672.114810606174,64.68484104944906,1,1,2,18
1541682000,5690.9,5675.53029958687,65.79136669413168,1,1,2,19
1541678400,5686.74,5677.568426934711,63.903214058873345,1,1,2,20
1541674800,5682.72,5678.505076582945,61.56147488716054,1,1,2,21
1541671200,5677.06,5678.242335386045,59.30001931829385,1,1,2,22
1541667600,5671.45,5677.007365315855,56.17128651396712,1,1,2,23
1541664000,5673.52,5676.37329889479,53.176508911772984,1,2,3,0
1541660400,5666.62,5674.59997182301,54.14791640384438,1,2,3,1
1541656800,5669.62,5673.694522400644,50.39484199943757,1,2,3,2
1541653200,5675.99,5674.111881964163,51.954102169562105,1,2,3,3
1541649600,5664.35,5672.336994334315,55.17595469517502,1,2,3,4
1541646000,5677.55,5673.284813546257,48.74366290647448,1,2,3,5
1541642400,5701.4,5678.396665628756,55.131618891989,1,2,3,6
1541638800,5710.26,5684.1899991508,63.888655120486845,1,2,3,7
1541635200,5703.25,5687.655453850653,66.50406004757686,1,2,3,8
1541631600,5704.9,5690.790825877807,62.63855718122114,1,2,3,9
1541628000,5703.75,5693.14703935457,63.18103258804987,1,2,3,10
1541624400,5703.66,5695.058486744648,62.49989587677209,1,2,3,11
1541620800,5701.82,5696.287852791075,62.44315947486851,1,2,3,12
1541617200,5705.67,5697.993697738152,61.21957818799074,1,2,3,13
1541613600,5696.99,5697.8112072403055,62.85950054543701,1,2,3,14
1541610000,5692.01,5696.756442287522,57.00649694079039,1,2,3,15
1541606400,5682.11,5694.0934527807,53.905271052451866,1,2,3,16
1541602800,5682.08,5691.909188638754,48.28204852970775,1,2,3,17
1541599200,5687.58,5691.122063431708,48.26561758074365,1,2,3,18
1541595600,5679.3,5688.972597353216,51.52278961316405,1,2,3,19
1541592000,5674.3,5686.304852379903,46.750766939484535,1,2,3,20
1541588400,5679.5,5685.067606492648,44.09484503373152,1,2,3,21
1541584800,5685.82,5685.204405312166,47.439157891247106,1,2,3,22
1541581200,5703.05,5688.449058891772,51.25575900913765,1,2,3,23
1541577600,5698.38,5690.254684547814,59.821436952012114,1,3,4,0
1541574000,5697.54,5691.579287357302,56.90274709355102,1,3,4,1
1541570400,5694.55,5692.119416928701,56.369993750340385,1,3,4,2
1541566800,5683.98,5690.639522941665,54.416985769560696,1,3,4,3
1541563200,5699.34,5692.221427861362,48.075792813110255,1,3,4,4
1541559600,5712.45,5695.899350068386,56.08438793685536,1,3,4,5
1541556000,5720.62,5700.394013692316,61.5372328875124,1,3,4,6
1541552400,5686.39,5697.847829384622,64.49584127138903,1,3,4,7
1541548800,5657.79,5690.5645876783265,47.87862836028889,1,3,4,8
1541545200,5653.51,5683.82738991863,38.86787525856977,1,3,4,9
1541541600,5640.0,5675.858773569787,37.72369095034229,1,3,4,10
1541538000,5635.53,5668.526269284371,34.292099869366325,1,3,4,11
1541534400,5637.52,5662.8887657781215,33.21548875979714,1,3,4,12
1541530800,5644.08,5659.468990182099,34.20582452278104,1,3,4,13
1541527200,5640.61,5656.040082876263,37.49622244775951,1,3,4,14
1541523600,5646.14,5654.240067807852,36.45759613177085,1,3,4,15
1541520000,5643.18,5652.229146388242,39.341265668155465,1,3,4,16
1541516400,5634.99,5649.094756135834,38.33834524321429,1,3,4,17
1541512800,5627.64,5645.193891383864,35.63169867644106,1,3,4,18
1541509200,5633.39,5643.04772931407,33.35577672689229,1,3,4,19
1541505600,5630.99,5640.85541489333,36.7589577063263,1,3,4,20
1541502000,5644.5,5641.518066730906,35.93414019476228,1,3,4,21
1541498400,5654.51,5643.880236416196,43.605311437565845,1,3,4,22
1541494800,5634.09,5642.100193431433,48.5235234180945,1,3,4,23
1541491200,5629.76,5639.856521898445,40.721622087115215,1,4,5,0
1541487600,5624.95,5637.146245189636,39.27940746391771,1,4,5,1
1541484000,5625.82,5635.086927882429,37.6828292761571,1,4,5,2
1541480400,5626.05,5633.443850085623,38.17234528181958,1,4,5,3
1541476800,5618.4,5630.708604615509,38.31030904445252,1,4,5,4
1541473200,5622.67,5629.247040139961,35.474863730277605,1,4,5,5
1541469600,5630.82,5629.533032841787,38.22327441810547,1,4,5,6
1541466000,5628.66,5629.374299597825,43.19654267002101,1,4,5,7
1541462400,5624.99,5628.577154216401,42.22629894258833,1,4,5,8
