,Prix,ema,rsi,month,weekday,day,hour
1541653200,5675.99,5674.111881964163,51.954102169562105,1,2,3,3
1541649600,5664.35,5672.336994334315,55.17595469517502,1,2,3,4
1541646000,5677.55,5673.284813546257,48.74366290647448,1,2,3,5
1541642400,5701.4,5678.396665628756,55.131618891989,1,2,3,6
1541638800,5710.26,5684.1899991508,63.888655120486845,1,2,3,7
1541635200,5703.25,5687.655453850653,66.50406004757686,1,2,3,8
1541631600,5704.9,5690.790825877807,62.63855718122114,1,2,3,9
1541628000,5703.75,5693.14703935457,63.18103258804987,1,2,3,10
1541624400,5703.66,5695.058486744648,62.49989587677209,1,2,3,11
1541620800,5701.82,5696.287852791075,62.44315947486851,1,2,3,12
1541617200,5705.67,5697.993697738152,61.21957818799074,1,2,3,13
1541613600,5696.99,5697.8112072403055,62.85950054543701,1,2,3,14
1541610000,5692.01,5696.756442287522,57.00649694079039,1,2,3,15
1541606400,5682.11,5694.0934527807,53.905271052451866,1,2,3,16
1541602800,5682.08,5691.909188638754,48.28204852970775,1,2,3,17
1541599200,5687.58,5691.122063431708,48.26561758074365,1,2,3,18
1541595600,5679.3,5688.972597353216,51.52278961316405,1,2,3,19
1541592000,5674.3,5686.304852379903,46.750766939484535,1,2,3,20
1541588400,5679.5,5685.067606492648,44.09484503373152,1,2,3,21
1541584800,5685.82,5685.204405312166,47.439157891247106,1,2,3,22
1541581200,5703.05,5688.449058891772,51.25575900913765,1,2,3,23
1541577600,5698.38,5690.254684547814,59.821436952012114,1,3,4,0
1541574000,5697.54,5691.579287357302,56.90274709355102,1,3,4,1
1541570400,5694.55,5692.119416928701,56.369993750340385,1,3,4,2
1541566800,5683.98,5690.639522941665,54.416985769560696,1,3,4,3
1541563200,5699.34,5692.221427861362,48.075792813110255,1,3,4,4
1541559600,5712.45,5695.899350068386,56.08438793685536,1,3,4,5
1541556000,5720.62,5700.394013692316,61.5372328875124,1,3,4,6
1541552400,5686.39,5697.847829384622,64.49584127138903,1,3,4,7
1541548800,5657.79,5690.5645876783265,47.87862836028889,1,3,4,8
1541545200,5653.51,5683.82738991863,38.86787525856977,1,3,4,9
1541541600,5640.0,5675.858773569787,37.72369095034229,1,3,4,10
1541538000,5635.53,5668.526269284371,34.292099869366325,1,3,4,11
1541534400,5637.52,5662.8887657781215,33.21548875979714,1,3,4,12
1541530800,5644.08,5659.468990182099,34.20582452278104,1,3,4,13
1541527200,5640.61,5656.040082876263,37.49622244775951,1,3,4,14
1541523600,5646.14,5654.240067807852,36.45759613177085,1,3,4,15
1541520000,5643.18,5652.229146388242,39.341265668155465,1,3,4,16
1541516400,5634.99,5649.094756135834,38.33834524321429,1,3,4,17
1541512800,5627.64,5645.193891383864,35.63169867644106,1,3,4,18
1541509200,5633.39,5643.04772931407,33.35577672689229,1,3,4,19
1541505600,5630.99,5640.85541489333,36.7589577063263,1,3,4,20
1541502000,5644.5,5641.518066730906,35.93414019476228,1,3,4,21
1541498400,5654.51,5643.880236416196,43.605311437565845,1,3,4,22
1541494800,5634.09,5642.100193431433,48.5235234180945,1,3,4,23
1541491200,5629.76,5639.856521898445,40.721622087115215,1,4,5,0
1541487600,5624.95,5637.146245189636,39.27940746391771,1,4,5,1
1541484000,5625.82,5635.086927882429,37.6828292761571,1,4,5,2
1541480400,5626.05,5633.443850085623,38.17234528181958,1,4,5,3
1541476800,5618.4,5630.708604615509,38.31030904445252,1,4,5,4
1541473200,5622.67,5629.247040139961,35.474863730277605,1,4,5,5
1541469600,5630.82,5629.533032841787,38.22327441810547,1,4,5,6
1541466000,5628.66,5629.374299597825,43.19654267002101,1,4,5,7
1541462400,5624.99,5628.577154216401,42.22629894258833,1,4,5,8
1541458800,5624.76,5627.883126177056,40.559359068618754,1,4,5,9
1541455200,5624.86,5627.333466872136,40.45158385231354,1,4,5,10
1541451600,5623.85,5626.70010925902,40.5255809822183,1,4,5,11
1541448000,5614.94,5624.561907575561,39.98513869356819,1,4,5,12
1541444400,5609.43,5621.810651652731,35.4888607821331,1,4,5,13
1541440800,5623.67,5622.148714988598,33.01632889942182,1,4,5,14
1541437200,5638.85,5625.185312263398,43.895391001566615,1,4,5,15
1541433600,5640.76,5628.017073670053,52.712313835093305,1,4,5,16
1541430000,5637.6,5629.759423911861,53.69827975886163,1,4,5,17
1541426400,5651.1,5633.639528655158,51.77487238268958,1,4,5,18
1541422800,5647.56,5636.170523445129,58.597731594519935,1,4,5,19
1541419200,5644.48,5637.681337364196,56.34653005293268,1,4,5,20
1541415600,5636.01,5637.377457843433,54.38870261562886,1,4,5,21
1541412000,5639.85,5637.827010962808,49.31416691608392,1,4,5,22
1541408400,5632.86,5636.923918060479,51.5224793135506,1,4,5,23
1541404800,5643.3,5638.083205685846,47.468254576857426,1,5,6,0
1541401200,5642.16,5638.824441015692,53.37004843680019,1,5,6,1
1541397600,5638.19,5638.7090881037475,52.674145387554475,1,5,6,2
1541394000,5642.58,5639.412890266703,50.2183945233768,1,5,6,3
1541390400,5641.1,5639.719637490938,52.83686778894838,1,5,6,4
1541386800,5645.02,5640.683339765314,51.84675939892307,1,5,6,5
1541383200,5646.34,5641.711823444348,54.28999837555986,1,5,6,6
1541379600,5649.97,5643.2133100908295,55.11585738274772,1,5,6,7
1541376000,5645.41,5643.612708256133,57.39550376529567,1,5,6,8
1541372400,5639.68,5642.897670391381,53.70542521098772,1,5,6,9
1541368800,5645.53,5643.376275774766,49.40689700314053,1,5,6,10
1541365200,5639.95,5642.75331654299,53.499028451682825,1,5,6,11
1541361600,5651.43,5644.330895353355,49.395053201695625,1,5,6,12
1541358000,5659.21,5647.036187107291,56.74649489554806,1,5,6,13
1541354400,5639.93,5645.744153087783,60.89277758132492,1,5,6,14
1541350800,5643.36,5645.310670708186,48.48811357321688,1,5,6,15
1541347200,5653.83,5646.859639670334,50.423067578224895,1,5,6,16
1541343600,5589.14,5636.365159730273,55.872036397924184,1,5,6,17
1541340000,5590.89,5628.096948870223,32.27127706075409,1,5,6,18
1541336400,5588.84,5620.9593218029095,33.09461500501705,1,5,6,19
1541332800,5582.72,5614.0067178387435,32.59474925108732,1,5,6,20
1541329200,5579.25,5607.687314595335,31.085250802687227,1,5,6,21
1541325600,5580.86,5602.809621032547,30.230397449416756,1,5,6,22
1541322000,5586.53,5599.84968993572,31.17610654521559,1,5,6,23
1541318400,5579.13,5596.0824735837705,34.541230163398424,1,6,7,0
1541314800,5579.81,5593.123842023085,32.32012959689267,1,6,7,1
1541311200,5569.47,5588.8231434734325,32.748083472608926,1,6,7,2
1541307600,5566.18,5584.706208296445,29.675319781006152,1,6,7,3
1541304000,5572.72,5582.526897697091,28.75092983947347,1,6,7,4
1541300400,5573.52,5580.889279933983,33.20512727927306,1,6,7,5
1541296800,5572.61,5579.383956309623,33.75071972639476,1,6,7,6
1541293200,5572.67,5578.1632369806,33.41635505175209,1,6,7,7
1541289600,5579.87,5578.473557529582,33.46316024696908,1,6,7,8
1541286000,5578.38,5578.456547069657,39.00421275345534,1,6,7,9
1541282400,5579.24,5578.598993056991,38.29350079559971,1,6,7,10
1541278800,5582.87,5579.375539773902,38.98456544983622,1,6,7,11
1541275200,5573.17,5578.247259815011,41.94023516754745,1,6,7,12
1541271600,5574.03,5577.48048530319,36.80901984804013,1,6,7,13
1541268000,5570.58,5576.225851611701,37.53866556345999,1,6,7,14
1541264400,5565.3,5574.239333136846,35.75505622567549,1,6,7,15
1541260800,5573.46,5574.097636202873,33.158402619053945,1,6,7,16
1541257200,5570.23,5573.394429620532,40.36630938990089,1,6,7,17
1541253600,5566.68,5572.17362423498,38.59228384974407,1,6,7,18
1541250000,5569.48,5571.683874374075,36.68406245139109,1,6,7,19
1541246400,5581.21,5573.415897215152,39.23610689846497,1,6,7,20
1541242800,5587.5,5575.976643176033,48.585537383867255,1,6,7,21
1541239200,5569.05,5574.7172535076625,52.781122546058995,1,6,7,22
1541235600,5586.28,5576.819571051724,41.96394500974451,1,6,7,23
1541232000,5584.38,5578.194194496864,51.8818103035183,1,0,8,0
1541228400,5582.28,5578.937068224706,50.84984996915702,1,0,8,1
1541224800,5576.09,5578.419419456577,49.67380034440933,1,0,8,2
1541221200,5582.85,5579.224979555382,46.27636465923393,1,0,8,3
1541217600,5583.82,5580.060437818039,50.27608735035561,1,0,8,4
1541214000,5585.07,5580.971267305667,50.84163814000821,1,0,8,5
1541210400,5587.44,5582.147400522818,51.60551811463567,1,0,8,6
1541206800,5590.49,5583.664236791396,53.093786031280246,1,0,8,7
1541203200,5589.05,5584.643466465688,55.01124223530566,1,0,8,8
1541199600,5592.03,5585.986472562835,53.89113465444725,1,0,8,9
1541196000,5596.64,5587.9234775514105,55.892644628078244,1,0,8,10
1541192400,5592.73,5588.797390723881,58.86725674602567,1,0,8,11
1541188800,5592.53,5589.476046955902,55.45145404103559,1,0,8,12
1541185200,5597.11,5590.8640384184655,55.2747754655592,1,0,8,13
1541181600,5594.23,5591.47603143329,58.53308850089834,1,0,8,14
1541178000,5593.91,5591.918571172691,55.781145719956854,1,0,8,15
1541174400,5595.64,5592.595194595839,55.46909069530903,1,0,8,16
1541170800,5585.96,5591.388795578413,56.87373513284579,1,0,8,17
1541167200,5590.07,5591.149014564156,47.79015209625299,1,0,8,18
1541163600,5572.47,5587.752830097946,51.343497882808165,1,0,8,19
1541160000,5564.73,5583.566860989227,39.0782639627219,1,0,8,20
1541156400,5562.24,5579.689249900276,35.10643869285995,1,0,8,21
1541152800,5561.39,5576.362113554771,33.9122988922974,1,0,8,22
1541149200,5565.85,5574.450820181177,33.4934736473853,1,0,8,23
1541145600,5567.68,5573.219761966417,37.83200833330426,1,1,9,0
1541142000,5572.85,5573.152532517977,39.57383429927781,1,1,9,1
1541138400,5581.22,5574.619344787436,44.32018518761591,1,1,9,2
1541134800,5583.52,5576.237645735174,51.026929324907954,1,1,9,3
1541131200,5590.29,5578.792619237869,52.71250151719333,1,1,9,4
1541127600,5587.8,5580.430324830983,57.364184528941514,1,1,9,5
1541124000,5604.09,5584.732083952622,55.21289123606987,1,1,9,6
1541120400,5602.35,5587.935341415781,64.57331883398015,1,1,9,7
1541116800,5578.26,5586.176188431094,63.05734675891749,1,1,9,8
1541113200,5569.8,5583.19869962544,46.70796667977594,1,1,9,9
1541109600,5585.23,5583.568026966269,42.53687772247388,1,1,9,10
1541106000,5573.32,5581.704749336038,51.112011523218605,1,1,9,11
1541102400,5558.28,5577.445704002213,45.47146540357565,1,1,9,12
1541098800,5549.23,5572.31557600181,39.537700364226666,1,1,9,13
1541095200,5548.73,5568.027289456026,36.454982916649186,1,1,9,14
1541091600,5550.56,5564.851418645839,36.286647588439024,1,1,9,15
1541088000,5554.51,5562.971160710231,37.42553626806853,1,1,9,16
1541084400,5552.05,5560.985495126552,39.92184389392884,1,1,9,17
1541080800,5555.6,5560.006314194452,38.881523912313085,1,1,9,18
1541077200,5554.15,5558.94152979546,41.26036547288362,1,1,9,19
1541073600,5554.11,5558.063069832649,40.565856308509545,1,1,9,20
1541070000,5566.04,5559.513420772167,40.545581110138734,1,1,9,21
1541066400,5564.32,5560.387344268136,48.769816161041305,1,1,9,22
1541062800,5564.91,5561.209645310292,47.744385335593805,1,1,9,23
1541059200,5581.01,5564.8097097993295,48.14713598301213,1,2,10,0
1541055600,5579.71,5567.518853472178,57.722784744329445,1,2,10,1
1541052000,5574.89,5568.859061931782,56.81050864713758,1,2,10,2
