,Prix,ema,rsi,month,weekday,day,hour
1541336400,5588.84,5620.9593218029095,33.09461500501705,1,5,6,19
1541332800,5582.72,5614.0067178387435,32.59474925108732,1,5,6,20
1541329200,5579.25,5607.687314595335,31.085250802687227,1,5,6,21
1541325600,5580.86,5602.809621032547,30.230397449416756,1,5,6,22
1541322000,5586.53,5599.84968993572,31.17610654521559,1,5,6,23
1541318400,5579.13,5596.0824735837705,34.541230163398424,1,6,7,0
1541314800,5579.81,5593.123842023085,32.32012959689267,1,6,7,1
1541311200,5569.47,5588.8231434734325,32.748083472608926,1,6,7,2
1541307600,5566.18,5584.706208296445,29.675319781006152,1,6,7,3
1541304000,5572.72,5582.526897697091,28.75092983947347,1,6,7,4
1541300400,5573.52,5580.889279933983,33.20512727927306,1,6,7,5
1541296800,5572.61,5579.383956309623,33.75071972639476,1,6,7,6
1541293200,5572.67,5578.1632369806,33.41635505175209,1,6,7,7
1541289600,5579.87,5578.473557529582,33.46316024696908,1,6,7,8
1541286000,5578.38,5578.456547069657,39.00421275345534,1,6,7,9
1541282400,5579.24,5578.598993056991,38.29350079559971,1,6,7,10
1541278800,5582.87,5579.375539773902,38.98456544983622,1,6,7,11
1541275200,5573.17,5578.247259815011,41.94023516754745,1,6,7,12
1541271600,5574.03,5577.48048530319,36.80901984804013,1,6,7,13
1541268000,5570.58,5576.225851611701,37.53866556345999,1,6,7,14
1541264400,5565.3,5574.239333136846,35.75505622567549,1,6,7,15
1541260800,5573.46,5574.097636202873,33.158402619053945,1,6,7,16
1541257200,5570.23,5573.394429620532,40.36630938990089,1,6,7,17
1541253600,5566.68,5572.17362423498,38.59228384974407,1,6,7,18
1541250000,5569.48,5571.683874374075,36.68406245139109,1,6,7,19
1541246400,5581.21,5573.415897215152,39.23610689846497,1,6,7,20
1541242800,5587.5,5575.976643176033,48.585537383867255,1,6,7,21
1541239200,5569.05,5574.7172535076625,52.781122546058995,1,6,7,22
1541235600,5586.28,5576.819571051724,41.96394500974451,1,6,7,23
1541232000,5584.38,5578.194194496864,51.8818103035183,1,0,8,0
1541228400,5582.28,5578.937068224706,50.84984996915702,1,0,8,1
1541224800,5576.09,5578.419419456577,49.67380034440933,1,0,8,2
1541221200,5582.85,5579.224979555382,46.27636465923393,1,0,8,3
1541217600,5583.82,5580.060437818039,50.27608735035561,1,0,8,4
1541214000,5585.07,5580.971267305667,50.84163814000821,1,0,8,5
1541210400,5587.44,5582.147400522818,51.60551811463567,1,0,8,6
1541206800,5590.49,5583.664236791396,53.093786031280246,1,0,8,7
1541203200,5589.05,5584.643466465688,55.01124223530566,1,0,8,8
1541199600,5592.03,5585.986472562835,53.89113465444725,1,0,8,9
1541196000,5596.64,5587.9234775514105,55.892644628078244,1,0,8,10
1541192400,5592.73,5588.797390723881,58.86725674602567,1,0,8,11
1541188800,5592.53,5589.476046955902,55.45145404103559,1,0,8,12
1541185200,5597.11,5590.8640384184655,55.2747754655592,1,0,8,13
1541181600,5594.23,5591.47603143329,58.53308850089834,1,0,8,14
1541178000,5593.91,5591.918571172691,55.781145719956854,1,0,8,15
1541174400,5595.64,5592.595194595839,55.46909069530903,1,0,8,16
1541170800,5585.96,5591.388795578413,56.87373513284579,1,0,8,17
1541167200,5590.07,5591.149014564156,47.79015209625299,1,0,8,18
1541163600,5572.47,5587.752830097946,51.343497882808165,1,0,8,19
1541160000,5564.73,5583.566860989227,39.0782639627219,1,0,8,20
1541156400,5562.24,5579.689249900276,35.10643869285995,1,0,8,21
1541152800,5561.39,5576.362113554771,33.9122988922974,1,0,8,22
1541149200,5565.85,5574.450820181177,33.4934736473853,1,0,8,23
1541145600,5567.68,5573.219761966417,37.83200833330426,1,1,9,0
1541142000,5572.85,5573.152532517977,39.57383429927781,1,1,9,1
1541138400,5581.22,5574.619344787436,44.32018518761591,1,1,9,2
1541134800,5583.52,5576.237645735174,51.026929324907954,1,1,9,3
1541131200,5590.29,5578.792619237869,52.71250151719333,1,1,9,4
1541127600,5587.8,5580.430324830983,57.364184528941514,1,1,9,5
1541124000,5604.09,5584.732083952622,55.21289123606987,1,1,9,6
1541120400,5602.35,5587.935341415781,64.57331883398015,1,1,9,7
1541116800,5578.26,5586.176188431094,63.05734675891749,1,1,9,8
1541113200,5569.8,5583.19869962544,46.70796667977594,1,1,9,9
1541109600,5585.23,5583.568026966269,42.53687772247388,1,1,9,10
1541106000,5573.32,5581.704749336038,51.112011523218605,1,1,9,11
1541102400,5558.28,5577.445704002213,45.47146540357565,1,1,9,12
1541098800,5549.23,5572.31557600181,39.537700364226666,1,1,9,13
1541095200,5548.73,5568.027289456026,36.454982916649186,1,1,9,14
1541091600,5550.56,5564.851418645839,36.286647588439024,1,1,9,15
1541088000,5554.51,5562.971160710231,37.42553626806853,1,1,9,16
1541084400,5552.05,5560.985495126552,39.92184389392884,1,1,9,17
1541080800,5555.6,5560.006314194452,38.881523912313085,1,1,9,18
1541077200,5554.15,5558.94152979546,41.26036547288362,1,1,9,19
1541073600,5554.11,5558.063069832649,40.565856308509545,1,1,9,20
1541070000,5566.04,5559.513420772167,40.545581110138734,1,1,9,21
1541066400,5564.32,5560.387344268136,48.769816161041305,1,1,9,22
1541062800,5564.91,5561.209645310292,47.744385335593805,1,1,9,23
1541059200,5581.01,5564.8097097993295,48.14713598301213,1,2,10,0
1541055600,5579.71,5567.518853472178,57.722784744329445,1,2,10,1
1541052000,5574.89,5568.859061931782,56.81050864713758,1,2,10,2
1541048400,5571.75,5569.384687035094,53.43825919647055,1,2,10,3
1541044800,5568.51,5569.225653028713,51.3018174335167,1,2,10,4
1541041200,5574.91,5570.259170659856,49.119621154700894,1,2,10,5
1541037600,5579.6,5571.957503267155,53.34155093556291,1,2,10,6
1541034000,5586.67,5574.632502673126,56.20916962451339,1,2,10,7
1541030400,5594.65,5578.272047641648,60.18201478433353,1,2,10,8
1541026800,5597.83,5581.82803897953,64.13690461959314,1,2,10,9
1541023200,5591.85,5583.650213710524,65.6030724076991,1,2,10,10
1541019600,5595.3,5585.768356672246,60.586890113417766,1,2,10,11
1541016000,5591.77,5586.859564550019,62.374347772360885,1,2,10,12
1541012400,5591.97,5587.788734631833,59.405668761539076,1,2,10,13
1541008800,5588.68,5587.95078288059,59.52321350816165,1,2,10,14
1541005200,5592.16,5588.716095084119,56.61885959709344,1,2,10,15
1541001600,5605.2,5591.713168705188,58.90309228081139,1,2,10,16
1540998000,5519.24,5578.5362289406075,66.1051435206749,1,2,10,17
1540994400,5550.51,5573.440550951406,29.45748524040971,1,2,10,18
1540990800,5548.37,5568.882268960241,42.044477381200224,1,2,10,19
1540987200,5547.07,5564.9164018765605,41.498748921416166,1,2,10,20
1540983600,5552.34,5562.62978335355,41.149331391157865,1,2,10,21
1540980000,5547.75,5559.924368198359,43.235912600309334,1,2,10,22
1540976400,5542.36,5556.730846707748,41.844335355706825,1,2,10,23
1540972800,5545.28,5554.648874579067,40.20776969303749,1,3,11,0
1540969200,5551.41,5554.059988291963,41.541665683397454,1,3,11,1
1540965600,5548.0,5552.958172238879,44.348497644492376,1,3,11,2
1540962000,5556.62,5553.623959104537,43.10852604478762,1,3,11,3
1540958400,5552.59,5553.435966540075,47.13253451867421,1,3,11,4
1540954800,5549.59,5552.736699896425,45.51177731560759,1,3,11,5
1540951200,5554.38,5553.035481733438,44.29078909011737,1,3,11,6
1540947600,5554.04,5553.218121418267,46.747351674270455,1,3,11,7
1540944000,5552.18,5553.029372069492,46.59030654159899,1,3,11,8
1540940400,5553.07,5553.036758965947,45.68609465019969,1,3,11,9
1540936800,5548.16,5552.150075517593,46.22390070717192,1,3,11,10
1540933200,5550.88,5551.919152696212,43.65568423961186,1,3,11,11
1540929600,5542.73,5550.248397660536,45.463380035788404,1,3,11,12
1540926000,5540.98,5548.563234449529,41.19829343773293,1,3,11,13
1540922400,5540.38,5547.075373640523,40.323531621632625,1,3,11,14
1540918800,5540.7,5545.916214796791,40.00985980033612,1,3,11,15
1540915200,5546.36,5545.996903015555,40.27669565398696,1,3,11,16
1540911600,5530.42,5543.164738830909,44.94156322830148,1,3,11,17
1540908000,5533.57,5541.420240861653,36.33423953626564,1,3,11,18
1540904400,5538.12,5540.820197068625,38.8275852822618,1,3,11,19
1540900800,5539.4,5540.561979419784,42.340235949480636,1,3,11,20
1540897200,5531.94,5538.994346798005,43.32616395502539,1,3,11,21
1540893600,5525.79,5536.593556471094,39.127003476663724,1,3,11,22
1540890000,5530.04,5535.402000749076,36.02700575900203,1,3,11,23
1540886400,5545.27,5537.196182431062,39.5890472039009,1,4,12,0
1540882800,5544.94,5538.604149261778,50.274179518250904,1,4,12,1
1540879200,5535.49,5538.037940305091,50.06753724612133,1,4,12,2
1540875600,5546.07,5539.498314795074,44.435024849202605,1,4,12,3
1540872000,5532.73,5538.26771210506,51.071619738187565,1,4,12,4
1540868400,5519.54,5534.862673540504,43.94464824696037,1,4,12,5
1540864800,5522.77,5532.6640056240485,38.25953948663683,1,4,12,6
1540861200,5527.62,5531.746913692403,40.29646542314055,1,4,12,7
1540857600,5522.6,5530.083838475602,43.32029198483252,1,4,12,8
1540854000,5520.82,5528.39950420731,41.0053302816979,1,4,12,9
1540850400,5507.67,5524.630503442345,40.18531715529886,1,4,12,10
1540846800,5510.06,5521.981320998282,34.66940531565331,1,4,12,11
1540843200,5508.61,5519.550171725867,36.37867065782949,1,4,12,12
1540839600,5523.0,5520.177413230254,35.767259547667436,1,4,12,13
1540836000,5530.46,5522.046974461117,45.548116032786595,1,4,12,14
1540832400,5545.22,5526.260251831823,49.814513299296195,1,4,12,15
1540828800,5541.0,5528.940206044219,56.994230216361444,1,4,12,16
1540825200,5535.32,5530.100168581633,54.58959167574694,1,4,12,17
1540821600,5536.02,5531.176501566791,51.44350946021971,1,4,12,18
1540818000,5523.76,5529.828046736465,51.81209025129711,1,4,12,19
1540814400,5580.82,5539.099310966199,45.32303456466426,1,4,12,20
1540810800,5640.23,5557.486708972344,66.40917333036688,1,4,12,21
1540807200,5644.2,5573.252761886462,76.54958617039793,1,4,12,22
1540803600,5639.22,5585.246805179833,77.04820338590295,1,4,12,23
1540800000,5640.89,5595.36374969259,74.89688815871432,1,5,13,0
1540796400,5646.81,5604.717613384846,75.1474896265502,1,5,13,1
1540792800,5651.28,5613.183501860329,76.05986299464446,1,5,13,2
1540789200,5646.94,5619.321046976633,76.75380738265305,1,5,13,3
1540785600,5654.04,5625.633583889972,74.49594453652011,1,5,13,4
1540782000,5650.57,5630.167477728159,75.75259968366836,1,5,13,5
1540778400,5649.11,5633.611572686676,73.83772229456059,1,5,13,6
1540774800,5646.09,5635.880377652734,73.00157322026249,1,5,13,7
1540771200,5652.99,5638.991218079509,71.20536407260997,1,5,13,8
1540767600,5638.47,5638.896451155962,72.84911319731161,1,5,13,9
1540764000,5637.36,5638.617096400332,64.50433063823594,1,5,13,10
1540760400,5636.46,5638.224897054817,63.901709615141236,1,5,13,11
1540756800,5635.04,5637.6458248630315,63.38464634200392,1,5,13,12
1540753200,5639.43,5637.97022034248,62.525008566005354,1,5,13,13
1540749600,5645.56,5639.350180280211,64.14403412728689,1,5,13,14
1540746000,5641.24,5639.693783865628,66.33138310182441,1,5,13,15
1540742400,5645.93,5640.827641344604,63.39624757298265,1,5,13,16
1540738800,5646.11,5641.788070191039,65.19678538153757,1,5,13,17
1540735200,5650.51,5643.37387561085,65.26740059384005,1,5,13,18
