,Prix,ema,rsi,month,weekday,day,hour
1540882800,5544.94,5538.604149261778,50.274179518250904,1,4,12,1
1540879200,5535.49,5538.037940305091,50.06753724612133,1,4,12,2
1540875600,5546.07,5539.498314795074,44.435024849202605,1,4,12,3
1540872000,5532.73,5538.26771210506,51.071619738187565,1,4,12,4
1540868400,5519.54,5534.862673540504,43.94464824696037,1,4,12,5
1540864800,5522.77,5532.6640056240485,38.25953948663683,1,4,12,6
1540861200,5527.62,5531.746913692403,40.29646542314055,1,4,12,7
1540857600,5522.6,5530.083838475602,43.32029198483252,1,4,12,8
1540854000,5520.82,5528.39950420731,41.0053302816979,1,4,12,9
1540850400,5507.67,5524.630503442345,40.18531715529886,1,4,12,10
1540846800,5510.06,5521.981320998282,34.66940531565331,1,4,12,11
1540843200,5508.61,5519.550171725867,36.37867065782949,1,4,12,12
1540839600,5523.0,5520.177413230254,35.767259547667436,1,4,12,13
1540836000,5530.46,5522.046974461117,45.548116032786595,1,4,12,14
1540832400,5545.22,5526.260251831823,49.814513299296195,1,4,12,15
1540828800,5541.0,5528.940206044219,56.994230216361444,1,4,12,16
1540825200,5535.32,5530.100168581633,54.58959167574694,1,4,12,17
1540821600,5536.02,5531.176501566791,51.44350946021971,1,4,12,18
1540818000,5523.76,5529.828046736465,51.81209025129711,1,4,12,19
1540814400,5580.82,5539.099310966199,45.32303456466426,1,4,12,20
1540810800,5640.23,5557.486708972344,66.40917333036688,1,4,12,21
1540807200,5644.2,5573.252761886462,76.54958617039793,1,4,12,22
1540803600,5639.22,5585.246805179833,77.04820338590295,1,4,12,23
1540800000,5640.89,5595.36374969259,74.89688815871432,1,5,13,0
1540796400,5646.81,5604.717613384846,75.1474896265502,1,5,13,1
1540792800,5651.28,5613.183501860329,76.05986299464446,1,5,13,2
1540789200,5646.94,5619.321046976633,76.75380738265305,1,5,13,3
1540785600,5654.04,5625.633583889972,74.49594453652011,1,5,13,4
1540782000,5650.57,5630.167477728159,75.75259968366836,1,5,13,5
1540778400,5649.11,5633.611572686676,73.83772229456059,1,5,13,6
1540774800,5646.09,5635.880377652734,73.00157322026249,1,5,13,7
1540771200,5652.99,5638.991218079509,71.20536407260997,1,5,13,8
1540767600,5638.47,5638.896451155962,72.84911319731161,1,5,13,9
1540764000,5637.36,5638.617096400332,64.50433063823594,1,5,13,10
1540760400,5636.46,5638.224897054817,63.901709615141236,1,5,13,11
1540756800,5635.04,5637.6458248630315,63.38464634200392,1,5,13,12
1540753200,5639.43,5637.97022034248,62.525008566005354,1,5,13,13
1540749600,5645.56,5639.350180280211,64.14403412728689,1,5,13,14
1540746000,5641.24,5639.693783865628,66.33138310182441,1,5,13,15
1540742400,5645.93,5640.827641344604,63.39624757298265,1,5,13,16
1540738800,5646.11,5641.788070191039,65.19678538153757,1,5,13,17
1540735200,5650.51,5643.37387561085,65.26740059384005,1,5,13,18
1540731600,5649.5,5644.487716408877,67.0284946066217,1,5,13,19
1540728000,5651.12,5645.693586152716,66.1987424812163,1,5,13,20
1540724400,5647.81,5646.078388670405,66.90638104763059,1,5,13,21
1540720800,5650.68,5646.915045275786,63.96002696919892,1,5,13,22
1540717200,5648.37,5647.179582498369,65.38346818934511,1,5,13,23
1540713600,5649.21,5647.5487493168475,63.21916257546476,1,6,14,0
1540710000,5645.5,5647.176249441056,63.68984793471062,1,6,14,1
1540706400,5650.71,5647.818749542682,60.035606116743466,1,6,14,2
1540702800,5649.31,5648.089885989467,63.22648765242089,1,6,14,3
1540699200,5649.94,5648.426270355018,61.79860949762887,1,6,14,4
1540695600,5648.95,5648.521493926832,62.21217206149519,1,6,14,5
1540692000,5647.72,5648.375767758316,61.09290897423286,1,6,14,6
1540688400,5647.87,5648.283809984077,59.65685174481697,1,6,14,7
1540684800,5643.77,5647.4631172597,59.781012090034174,1,6,14,8
1540681200,5649.66,5647.862550485209,54.815188175862616,1,6,14,9
1540677600,5650.98,5648.429359487898,59.96072172565729,1,6,14,10
1540674000,5648.68,5648.474930490098,61.03172893345532,1,6,14,11
1540670400,5650.09,5648.768579491898,58.1147639262917,1,6,14,12
1540666800,5642.96,5647.712474129735,59.39597473983806,1,6,14,13
1540663200,5640.81,5646.457478833419,50.91475380610659,1,6,14,14
1540659600,5641.45,5645.547028136433,48.65847149542079,1,6,14,15
1540656000,5640.74,5644.673023020718,49.3776199440178,1,6,14,16
1540652400,5643.65,5644.487018835132,48.564910319240326,1,6,14,17
1540648800,5645.3,5644.634833592381,52.048498323604846,1,6,14,18
1540645200,5647.17,5645.09577293922,53.95284379576095,1,6,14,19
1540641600,5648.53,5645.720177859363,56.08163017368752,1,6,14,20
1540638000,5650.76,5646.636509157661,57.616283515788,1,6,14,21
1540634400,5650.18,5647.280780219904,60.07954330346635,1,6,14,22
1540630800,5651.81,5648.104274725376,59.11719384538912,1,6,14,23
1540627200,5651.73,5648.76349750258,61.007497551008136,1,0,15,0
1540623600,5652.29,5649.404679774838,60.85876668693719,1,0,15,1
1540620000,5650.97,5649.6892834521395,61.56512663787919,1,0,15,2
1540616400,5654.8,5650.618504642659,58.868355726812524,1,0,15,3
1540612800,5658.07,5651.973321980357,63.8203804040082,1,0,15,4
1540609200,5637.94,5649.421808893018,67.42623604608369,1,0,15,5
1540605600,5644.36,5648.501480003378,40.60032219816343,1,0,15,6
1540602000,5650.24,5648.817574548218,47.741335648803606,1,0,15,7
1540598400,5643.99,5647.939833721269,53.28114630674549,1,0,15,8
1540594800,5648.07,5647.963500317401,47.51536625002735,1,0,15,9
1540591200,5644.93,5647.411954805146,51.225917619535856,1,0,15,10
1540587600,5648.83,5647.669781204209,48.390478280900666,1,0,15,11
1540584000,5643.45,5646.902548257989,51.948108029888026,1,0,15,12
1540580400,5637.74,5645.2366303929,47.122403780241896,1,0,15,13
1540576800,5650.92,5646.269970321464,42.5993433736473,1,0,15,14
1540573200,5649.94,5646.937248444833,53.656794059480596,1,0,15,15
1540569600,5649.89,5647.474112363954,52.841695281882956,1,0,15,16
1540566000,5659.83,5649.720637388689,52.797626754829366,1,0,15,17
1540562400,5667.13,5652.885976045291,59.94867550551638,1,0,15,18
1540558800,5674.61,5656.83579858251,64.23412091479116,1,0,15,19
1540555200,5684.97,5661.951107931144,68.01107846831252,1,0,15,20
1540551600,5683.38,5665.847270125481,72.36408994011352,1,0,15,21
1540548000,5679.04,5668.245948284484,70.77233649284905,1,0,15,22
1540544400,5688.25,5671.883048596396,66.47417304798992,1,0,15,23
1540540800,5646.68,5667.300676124324,70.56026283006503,1,1,16,0
1540537200,5651.73,5664.4696441017195,44.309940120728406,1,1,16,1
1540533600,5652.55,5662.302436083224,46.894632784821276,1,1,16,2
1540530000,5645.61,5659.267447704456,47.32216251539667,1,1,16,3
1540526400,5650.44,5657.662457212736,44.087189791739306,1,1,16,4
1540522800,5650.79,5656.412919537693,46.8123329731336,1,1,16,5
1540519200,5657.08,5656.534206894476,47.01386581853974,1,1,16,6
1540515600,5659.51,5657.07526018639,50.63404233082225,1,1,16,7
1540512000,5653.33,5656.394303788864,51.99850783620698,1,1,16,8
1540508400,5669.04,5658.693521281798,48.339181261534634,1,1,16,9
1540504800,5658.47,5658.652881048743,56.684227474997144,1,1,16,10
1540501200,5663.18,5659.475993585335,50.744825606195924,1,1,16,11
1540497600,5668.84,5661.178540206183,53.10289776564859,1,1,16,12
1540494000,5675.96,5663.866078350513,55.83895263261185,1,1,16,13
1540490400,5667.98,5664.614064104964,59.07362513946657,1,1,16,14
1540486800,5668.21,5665.267870631334,54.2751873913169,1,1,16,15
1540483200,5664.6,5665.146439607454,54.390181136256395,1,1,16,16
1540479600,5668.93,5665.834359678825,52.172358545828914,1,1,16,17
1540476000,5669.72,5666.54083973722,54.56544272708285,1,1,16,18
1540472400,5643.32,5662.318868875907,55.00776666238549,1,1,16,19
1540468800,5650.2,5660.115438171197,40.73560320736746,1,1,16,20
1540465200,5649.71,5658.223540321888,44.7581681511639,1,1,16,21
1540461600,5651.44,5656.990169354272,44.526365303850426,1,1,16,22
1540458000,5656.01,5656.811956744405,45.59763531263494,1,1,16,23
1540454400,5657.89,5657.007964609058,48.43071144038614,1,2,17,0
1540450800,5645.63,5654.939243771048,49.59363764536491,1,2,17,1
1540447200,5640.04,5652.230290358129,42.813223123160725,1,2,17,2
1540443600,5642.7,5650.497510293015,40.119855343827034,1,2,17,3
1540440000,5635.41,5647.754326603375,41.98999963753159,1,2,17,4
1540436400,5635.6,5645.5444490391255,38.446146863120966,1,2,17,5
1540432800,5629.62,5642.649094668375,38.59161511887761,1,2,17,6
1540429200,5657.09,5645.274713819579,35.72959094306431,1,2,17,7
1540425600,5662.34,5648.37749312511,52.98016647622216,1,2,17,8
1540422000,5665.38,5651.468858011453,55.44170381741169,1,2,17,9
1540418400,5675.38,5655.816338373007,56.85034893040176,1,2,17,10
1540414800,5671.58,5658.6824586688235,61.19605183656947,1,2,17,11
1540411200,5672.66,5661.223829819946,58.77371696349511,1,2,17,12
1540407600,5679.44,5664.5358607617745,59.26720859576958,1,2,17,13
1540404000,5675.57,5666.542067895996,62.316815297192385,1,2,17,14
1540400400,5676.66,5668.381691914906,59.57505147885653,1,2,17,15
1540396800,5674.67,5669.525020657649,60.10742576234066,1,2,17,16
1540393200,5690.52,5673.342289628986,58.590357908640875,1,2,17,17
1540389600,5685.27,5675.5109642418965,65.95973364780075,1,2,17,18
1540386000,5682.6,5676.799879834279,62.02248275064646,1,2,17,19
1540382400,5677.98,5677.014447137137,60.058991921816634,1,2,17,20
1540378800,5683.43,5678.180911294021,56.71334293138511,1,2,17,21
1540375200,5675.17,5677.633472876925,59.57422466434148,1,2,17,22
1540371600,5673.03,5676.796477808393,53.77349833093878,1,2,17,23
1540368000,5656.96,5673.189845479594,52.35126909605443,1,3,18,0
1540364400,5651.14,5669.180782665122,43.12690582892699,1,3,18,1
1540360800,5653.36,5666.3042767260085,40.353686667975346,1,3,18,2
1540357200,5660.14,5665.183499139461,41.888696570827896,1,3,18,3
1540353600,5628.29,5658.475590205013,46.423546704148926,1,3,18,4
1540350000,5617.39,5651.005482895011,33.28352540179414,1,3,18,5
1540346400,5614.89,5644.439031459553,30.139437760846363,1,3,18,6
1540342800,5612.48,5638.628298466906,29.452239826933848,1,3,18,7
1540339200,5610.06,5633.4340623820135,28.771209372236058,1,3,18,8
1540335600,5610.79,5629.316960130738,28.06932877125429,1,3,18,9
1540332000,5608.12,5625.462967379694,28.63489466354673,1,3,18,10
1540328400,5612.61,5623.126064219749,27.774709961427305,1,3,18,11
1540324800,5620.35,5622.621325270704,31.50119093834816,1,3,18,12
1540321200,5605.88,5619.577447948757,37.488715904180886,1,3,18,13
1540317600,5604.3,5616.799730139892,31.878556315241823,1,3,18,14
1540314000,5611.61,5615.85614284173,31.32727844744774,1,3,18,15
1540310400,5608.86,5614.584116870506,36.774894003667946,1,3,18,16
1540306800,5615.04,5614.667004712232,35.629814212205204,1,3,18,17
1540303200,5617.02,5615.09482203728,40.14064772540114,1,3,18,18
1540299600,5612.26,5614.579399848684,41.55380239004187,1,3,18,19
1540296000,5598.87,5611.723145330741,39.16031935292869,1,3,18,20
1540292400,5594.81,5608.64802799788,33.342319565111254,1,3,18,21
1540288800,5608.42,5608.606568361902,31.799626134142997,1,3,18,22
1540285200,5622.13,5611.065374114283,41.560854102097615,1,3,18,23
1540281600,5618.96,5612.500760638959,49.415070492115824,1,4,19,0
