,Prix,ema,rsi,month,weekday,day,hour
1540684800,5643.77,5647.4631172597,59.781012090034174,1,6,14,8
1540681200,5649.66,5647.862550485209,54.815188175862616,1,6,14,9
1540677600,5650.98,5648.429359487898,59.96072172565729,1,6,14,10
1540674000,5648.68,5648.474930490098,61.03172893345532,1,6,14,11
1540670400,5650.09,5648.768579491898,58.1147639262917,1,6,14,12
1540666800,5642.96,5647.712474129735,59.39597473983806,1,6,14,13
1540663200,5640.81,5646.457478833419,50.91475380610659,1,6,14,14
1540659600,5641.45,5645.547028136433,48.65847149542079,1,6,14,15
1540656000,5640.74,5644.673023020718,49.3776199440178,1,6,14,16
1540652400,5643.65,5644.487018835132,48.564910319240326,1,6,14,17
1540648800,5645.3,5644.634833592381,52.048498323604846,1,6,14,18
1540645200,5647.17,5645.09577293922,53.95284379576095,1,6,14,19
1540641600,5648.53,5645.720177859363,56.08163017368752,1,6,14,20
1540638000,5650.76,5646.636509157661,57.616283515788,1,6,14,21
1540634400,5650.18,5647.280780219904,60.07954330346635,1,6,14,22
1540630800,5651.81,5648.104274725376,59.11719384538912,1,6,14,23
1540627200,5651.73,5648.76349750258,61.007497551008136,1,0,15,0
1540623600,5652.29,5649.404679774838,60.85876668693719,1,0,15,1
1540620000,5650.97,5649.6892834521395,61.56512663787919,1,0,15,2
1540616400,5654.8,5650.618504642659,58.868355726812524,1,0,15,3
1540612800,5658.07,5651.973321980357,63.8203804040082,1,0,15,4
1540609200,5637.94,5649.421808893018,67.42623604608369,1,0,15,5
1540605600,5644.36,5648.501480003378,40.60032219816343,1,0,15,6
1540602000,5650.24,5648.817574548218,47.741335648803606,1,0,15,7
1540598400,5643.99,5647.939833721269,53.28114630674549,1,0,15,8
1540594800,5648.07,5647.963500317401,47.51536625002735,1,0,15,9
1540591200,5644.93,5647.411954805146,51.225917619535856,1,0,15,10
1540587600,5648.83,5647.669781204209,48.390478280900666,1,0,15,11
1540584000,5643.45,5646.902548257989,51.948108029888026,1,0,15,12
1540580400,5637.74,5645.2366303929,47.122403780241896,1,0,15,13
1540576800,5650.92,5646.269970321464,42.5993433736473,1,0,15,14
1540573200,5649.94,5646.937248444833,53.656794059480596,1,0,15,15
1540569600,5649.89,5647.474112363954,52.841695281882956,1,0,15,16
1540566000,5659.83,5649.720637388689,52.797626754829366,1,0,15,17
1540562400,5667.13,5652.885976045291,59.94867550551638,1,0,15,18
1540558800,5674.61,5656.83579858251,64.23412091479116,1,0,15,19
1540555200,5684.97,5661.951107931144,68.01107846831252,1,0,15,20
1540551600,5683.38,5665.847270125481,72.36408994011352,1,0,15,21
1540548000,5679.04,5668.245948284484,70.77233649284905,1,0,15,22
1540544400,5688.25,5671.883048596396,66.47417304798992,1,0,15,23
1540540800,5646.68,5667.300676124324,70.56026283006503,1,1,16,0
1540537200,5651.73,5664.4696441017195,44.309940120728406,1,1,16,1
1540533600,5652.55,5662.302436083224,46.894632784821276,1,1,16,2
1540530000,5645.61,5659.267447704456,47.32216251539667,1,1,16,3
1540526400,5650.44,5657.662457212736,44.087189791739306,1,1,16,4
1540522800,5650.79,5656.412919537693,46.8123329731336,1,1,16,5
1540519200,5657.08,5656.534206894476,47.01386581853974,1,1,16,6
1540515600,5659.51,5657.07526018639,50.63404233082225,1,1,16,7
1540512000,5653.33,5656.394303788864,51.99850783620698,1,1,16,8
1540508400,5669.04,5658.693521281798,48.339181261534634,1,1,16,9
1540504800,5658.47,5658.652881048743,56.684227474997144,1,1,16,10
1540501200,5663.18,5659.475993585335,50.744825606195924,1,1,16,11
1540497600,5668.84,5661.178540206183,53.10289776564859,1,1,16,12
1540494000,5675.96,5663.866078350513,55.83895263261185,1,1,16,13
1540490400,5667.98,5664.614064104964,59.07362513946657,1,1,16,14
1540486800,5668.21,5665.267870631334,54.2751873913169,1,1,16,15
1540483200,5664.6,5665.146439607454,54.390181136256395,1,1,16,16
1540479600,5668.93,5665.834359678825,52.172358545828914,1,1,16,17
1540476000,5669.72,5666.54083973722,54.56544272708285,1,1,16,18
1540472400,5643.32,5662.318868875907,55.00776666238549,1,1,16,19
1540468800,5650.2,5660.115438171197,40.73560320736746,1,1,16,20
1540465200,5649.71,5658.223540321888,44.7581681511639,1,1,16,21
1540461600,5651.44,5656.990169354272,44.526365303850426,1,1,16,22
1540458000,5656.01,5656.811956744405,45.59763531263494,1,1,16,23
1540454400,5657.89,5657.007964609058,48.43071144038614,1,2,17,0
1540450800,5645.63,5654.939243771048,49.59363764536491,1,2,17,1
1540447200,5640.04,5652.230290358129,42.813223123160725,1,2,17,2
1540443600,5642.7,5650.497510293015,40.119855343827034,1,2,17,3
1540440000,5635.41,5647.754326603375,41.98999963753159,1,2,17,4
1540436400,5635.6,5645.5444490391255,38.446146863120966,1,2,17,5
1540432800,5629.62,5642.649094668375,38.59161511887761,1,2,17,6
1540429200,5657.09,5645.274713819579,35.72959094306431,1,2,17,7
1540425600,5662.34,5648.37749312511,52.98016647622216,1,2,17,8
1540422000,5665.38,5651.468858011453,55.44170381741169,1,2,17,9
1540418400,5675.38,5655.816338373007,56.85034893040176,1,2,17,10
1540414800,5671.58,5658.6824586688235,61.19605183656947,1,2,17,11
1540411200,5672.66,5661.223829819946,58.77371696349511,1,2,17,12
1540407600,5679.44,5664.5358607617745,59.26720859576958,1,2,17,13
1540404000,5675.57,5666.542067895996,62.316815297192385,1,2,17,14
1540400400,5676.66,5668.381691914906,59.57505147885653,1,2,17,15
1540396800,5674.67,5669.525020657649,60.10742576234066,1,2,17,16
1540393200,5690.52,5673.342289628986,58.590357908640875,1,2,17,17
1540389600,5685.27,5675.5109642418965,65.95973364780075,1,2,17,18
1540386000,5682.6,5676.799879834279,62.02248275064646,1,2,17,19
1540382400,5677.98,5677.014447137137,60.058991921816634,1,2,17,20
1540378800,5683.43,5678.180911294021,56.71334293138511,1,2,17,21
1540375200,5675.17,5677.633472876925,59.57422466434148,1,2,17,22
1540371600,5673.03,5676.796477808393,53.77349833093878,1,2,17,23
1540368000,5656.96,5673.189845479594,52.35126909605443,1,3,18,0
1540364400,5651.14,5669.180782665122,43.12690582892699,1,3,18,1
1540360800,5653.36,5666.3042767260085,40.353686667975346,1,3,18,2
1540357200,5660.14,5665.183499139461,41.888696570827896,1,3,18,3
1540353600,5628.29,5658.475590205013,46.423546704148926,1,3,18,4
1540350000,5617.39,5651.005482895011,33.28352540179414,1,3,18,5
1540346400,5614.89,5644.439031459553,30.139437760846363,1,3,18,6
1540342800,5612.48,5638.628298466906,29.452239826933848,1,3,18,7
1540339200,5610.06,5633.4340623820135,28.771209372236058,1,3,18,8
1540335600,5610.79,5629.316960130738,28.06932877125429,1,3,18,9
1540332000,5608.12,5625.462967379694,28.63489466354673,1,3,18,10
1540328400,5612.61,5623.126064219749,27.774709961427305,1,3,18,11
1540324800,5620.35,5622.621325270704,31.50119093834816,1,3,18,12
1540321200,5605.88,5619.577447948757,37.488715904180886,1,3,18,13
1540317600,5604.3,5616.799730139892,31.878556315241823,1,3,18,14
1540314000,5611.61,5615.85614284173,31.32727844744774,1,3,18,15
1540310400,5608.86,5614.584116870506,36.774894003667946,1,3,18,16
1540306800,5615.04,5614.667004712232,35.629814212205204,1,3,18,17
1540303200,5617.02,5615.09482203728,40.14064772540114,1,3,18,18
1540299600,5612.26,5614.579399848684,41.55380239004187,1,3,18,19
1540296000,5598.87,5611.723145330741,39.16031935292869,1,3,18,20
1540292400,5594.81,5608.64802799788,33.342319565111254,1,3,18,21
1540288800,5608.42,5608.606568361902,31.799626134142997,1,3,18,22
1540285200,5622.13,5611.065374114283,41.560854102097615,1,3,18,23
1540281600,5618.96,5612.500760638959,49.415070492115824,1,4,19,0
1540278000,5624.86,5614.747895068239,47.814891132049354,1,4,19,1
1540274400,5630.04,5617.528277783104,50.99558510589519,1,4,19,2
1540270800,5622.93,5618.510409095267,53.66576034523292,1,4,19,3
1540267200,5620.14,5618.806698350673,49.66553720391659,1,4,19,4
1540263600,5630.32,5620.900025923278,48.14886315993292,1,4,19,5
1540260000,5623.89,5621.443657573591,53.70416084201043,1,4,19,6
1540256400,5633.48,5623.632083469301,50.05616366826006,1,4,19,7
1540252800,5623.82,5623.666250111246,54.96918534014935,1,4,19,8
1540249200,5625.71,5624.037841000109,49.668952102095766,1,4,19,9
1540245600,5631.08,5625.318233545544,50.671133139578515,1,4,19,10
1540242000,5636.26,5627.307645628172,53.50398033838815,1,4,19,11
1540238400,5618.81,5625.762619150322,56.12163644064738,1,4,19,12
1540234800,5624.0,5625.442142941173,46.60324926918043,1,4,19,13
1540231200,5629.6,5626.198116951869,49.354502056636896,1,4,19,14
1540227600,5630.39,5626.960277506075,52.215441065777604,1,4,19,15
1540224000,5622.97,5626.23477250497,52.62204150622501,1,4,19,16
1540220400,5620.56,5625.202995685884,48.45188425916169,1,4,19,17
1540216800,5617.65,5623.829723742996,47.145055419880165,1,4,19,18
1540213200,5624.13,5623.884319426087,45.54758074093862,1,4,19,19
1540209600,5613.21,5621.943534075889,49.63973972999664,1,4,19,20
1540206000,5609.31,5619.646527880273,43.68213734378887,1,4,19,21
1540202400,5613.04,5618.445340992951,41.754726430589635,1,4,19,22
1540198800,5599.22,5614.949824448778,44.28669474234511,1,4,19,23
1540195200,5597.78,5611.828038185364,37.74049743297585,1,5,20,0
1540191600,5604.31,5610.461122151662,37.12472784820023,1,5,20,1
1540188000,5618.57,5611.935463578632,41.764867525891766,1,5,20,2
1540184400,5616.93,5612.84356110979,50.37724532795173,1,5,20,3
1540180800,5597.53,5610.059277271646,49.47109851947526,1,5,20,4
1540177200,5598.19,5607.901226858619,40.248446259953475,1,5,20,5
1540173600,5610.9,5608.44645833887,40.65379063723801,1,5,20,6
1540170000,5593.92,5605.805284095439,47.97338211867039,1,5,20,7
1540166400,5603.13,5605.318868805359,40.74353117982716,1,5,20,8
1540162800,5614.56,5606.999074477111,45.537885558806444,1,5,20,9
1540159200,5624.07,5610.102879117636,50.85244827517648,1,5,20,10
1540155600,5627.2,5613.211446550793,54.80420363642432,1,5,20,11
1540152000,5624.28,5615.223910814285,56.056567826382114,1,5,20,12
1540148400,5625.16,5617.0304724844145,54.53826937975736,1,5,20,13
1540144800,5623.89,5618.27765930543,54.934419794478636,1,5,20,14
1540141200,5628.78,5620.18717579535,54.20037564874507,1,5,20,15
1540137600,5634.91,5622.864052923468,56.60478969486253,1,5,20,16
1540134000,5635.64,5625.186952391929,59.47680851182483,1,5,20,17
1540130400,5632.93,5626.594779229759,59.81786441217351,1,5,20,18
1540126800,5622.84,5625.912092097075,57.8706603031632,1,5,20,19
1540123200,5627.47,5626.1953480794255,51.18928053504147,1,5,20,20
1540119600,5633.1,5627.450739337712,53.82379430081274,1,5,20,21
1540116000,5635.34,5628.885150367219,56.872081277169166,1,5,20,22
1540112400,5629.63,5629.020577573178,58.05841467121081,1,5,20,23
1540108800,5622.69,5627.869563468964,53.982072930302536,1,6,21,0
1540105200,5620.12,5626.460551929152,49.43867973696283,1,6,21,1
1540101600,5629.91,5627.087724305669,47.833150966775456,1,6,21,2
1540098000,5623.28,5626.395410795547,53.966023912589236,1,6,21,3
1540094400,5625.01,5626.143517923629,49.704358451978976,1,6,21,4
1540090800,5633.25,5627.435605573878,50.79623743233046,1,6,21,5
1540087200,5632.39,5628.336404560446,55.72633403728652,1,6,21,6
1540083600,5612.06,5625.377058276728,55.10573678054018,1,6,21,7
