,Prix,ema,rsi,month,weekday,day,hour
1523563200,6223.99,6347.636483473909,35.47460044844945,11,4,23,13
1523559600,6241.57,6328.351668296834,32.94521113255951,11,4,23,14
1523556000,6229.1,6310.305910424682,34.873165921901276,11,4,23,15
1523552400,6182.19,6287.012108529285,34.12369402730194,11,4,23,16
1523548800,6187.33,6268.888088796688,31.390642365456884,11,4,23,17
1523545200,6214.7,6259.035709015471,32.03299323381073,11,4,23,18
1523541600,6243.69,6256.245580103568,35.496140993237404,11,4,23,19
1523538000,6249.63,6255.042747357465,39.03922506726893,11,4,23,20
1523534400,6288.07,6261.04770238338,39.76924875685611,11,4,23,21
1523530800,5633.43,6146.935392859129,44.408781904371835,11,4,23,22
1523527200,5553.36,6039.012594157469,18.406013680716796,11,4,23,23
1523523600,5552.47,5950.5503043106555,17.08807321199248,11,5,24,0
1523520000,5531.54,5874.366612617809,17.073439249813745,11,5,24,1
1523516400,5502.55,5806.763592141843,16.711000037829265,11,5,24,2
1523512800,5621.03,5772.993848116053,16.198089492294443,11,5,24,3
1523509200,5641.83,5749.145875731316,26.17152127152822,11,5,24,4
1523505600,5611.62,5724.141171052894,27.796149638117157,11,5,24,5
1523502000,5629.47,5706.928230861458,26.871259376003593,11,5,24,6
1523498400,5606.07,5688.590370704829,28.38749470549672,11,5,24,7
1523494800,5610.74,5674.4357578494055,27.5801889025184,11,5,24,8
1523491200,5606.01,5661.994710967695,28.020143329480703,11,5,24,9
1523487600,5613.44,5653.166581700842,27.83569221918428,11,5,24,10
1523484000,5595.58,5642.696294118869,28.630452620176783,11,5,24,11
1523480400,5588.88,5632.911513369983,27.83683562563374,11,5,24,12
1523476800,5597.0,5626.382147302714,27.52855643155941,11,5,24,13
1523473200,5603.15,5622.158120520402,28.56113898204289,11,5,24,14
1523469600,5583.5,5615.129371334874,29.381827045096486,11,5,24,15
1523466000,5606.2,5613.505849273987,28.264557631006824,11,5,24,16
1523462400,5612.71,5613.36114940599,31.50486938332662,11,5,24,17
1523458800,5608.19,5612.420940423082,32.44727037037002,11,5,24,18
1523455200,5613.08,5612.540769437068,32.11686182798023,11,5,24,19
1523451600,5543.43,5599.975174993964,32.9127792436618,11,5,24,20
1523448000,5550.96,5591.063324995061,27.895804327376,11,5,24,21
1523444400,5543.54,5582.422720450504,29.153155022464745,11,5,24,22
1523440800,5556.39,5577.689498550412,28.623477075947562,11,5,24,23
1523437200,5563.44,5575.098680632154,30.962816813987544,11,6,25,0
1523433600,5542.49,5569.169829608126,32.27429810011094,11,6,25,1
1523430000,5542.38,5564.298951497557,30.42466963870237,11,6,25,2
1523426400,5527.29,5557.570051225273,30.414813513930667,11,6,25,3
1523422800,5535.28,5553.51731463886,29.02568008137017,11,6,25,4
1523419200,5530.61,5549.352348340884,30.82718914859089,11,6,25,5
1523415600,5540.43,5547.730103187996,30.342414243129596,11,6,25,6
1523412000,5542.72,5546.819175335633,32.73769933660999,11,6,25,7
1523408400,5547.39,5546.9229616382445,33.31358312688549,11,6,25,8
1523404800,5534.76,5544.711514067654,34.5443515563002,11,6,25,9
1523401200,5513.77,5539.0857842371715,32.78218091778507,11,6,25,10
1523397600,5561.16,5543.099278012231,30.03960357191488,11,6,25,11
1523394000,5551.91,5544.701227464552,41.865044420221615,11,6,25,12
1523390400,5550.75,5545.801004289179,40.42858511084481,11,6,25,13
1523386800,5537.59,5544.3080944184185,40.242108896628594,11,6,25,14
1523383200,5559.97,5547.1557136150695,38.09532107535374,11,6,25,15
1523379600,5545.46,5546.847402048693,43.605133801558054,11,6,25,16
1523376000,5536.28,5544.926056221658,41.05384725934523,11,6,25,17
1523372400,5480.63,5533.235864181356,39.4800134912282,11,6,25,18
1523368800,5478.41,5523.267525239292,31.577141008689438,11,6,25,19
1523365200,5484.44,5516.207975195784,31.30790436396667,11,6,25,20
1523361600,5470.21,5507.844706978368,32.97945050209749,11,6,25,21
1523358000,5472.84,5501.480214800483,31.05871585901454,11,6,25,22
1523354400,5514.39,5503.827448473122,31.8487274363372,11,6,25,23
1523350800,5476.92,5498.935185114372,42.96792020615574,11,0,26,0
1523347200,5466.39,5493.017878729941,37.0908202645781,11,0,26,1
1523343600,5450.32,5485.25462805177,35.6164755211924,11,0,26,2
1523340000,5496.14,5487.233786587811,33.43237781453264,11,0,26,3
1523336400,5496.12,5488.849461753663,43.98068578773393,11,0,26,4
1523332800,5516.94,5493.956832343905,43.97741005092942,11,0,26,5
1523329200,5484.22,5492.186499190468,48.29475744934776,11,0,26,6
1523325600,5473.63,5488.812590246746,42.72253914147102,11,0,26,7
1523322000,5500.11,5490.866664747338,41.070846857612054,11,0,26,8
1523318400,5503.79,5493.216362066004,46.62730352983695,11,0,26,9
1523314800,5443.81,5484.233387144912,47.3700071899361,11,0,26,10
1523311200,5463.42,5480.449134936745,38.071043939323104,11,0,26,11
1523307600,5422.22,5469.8620194937,42.07468643036933,11,0,26,12
1523304000,5422.62,5461.272561403936,36.705624064199725,11,0,26,13
1523300400,5487.9,5466.113913875948,36.789959692859085,11,0,26,14
1523296800,5478.38,5468.344111353048,48.783797602130804,11,0,26,15
1523293200,5481.43,5470.723363834311,47.37211718900039,11,0,26,16
1523289600,5472.52,5471.050024955345,47.892364358268274,11,0,26,17
1523286000,5475.04,5471.775474963464,46.447849587473854,11,0,26,18
1523282400,5478.81,5473.054479515562,46.9353428211202,11,0,26,19
1523278800,5494.43,5476.94093778546,47.70234985298927,11,0,26,20
1523275200,5508.78,5482.729858188103,50.87087648377102,11,0,26,21
1523271600,5545.14,5494.077156699356,53.64923114668373,11,0,26,22
1523268000,5792.09,5548.261310026746,59.84561486788688,11,0,26,23
1523264400,5852.61,5603.597435476428,79.69747611872106,11,1,27,0
1523260800,5818.6,5642.68881084435,82.04078802792733,11,1,27,1
1523257200,5800.66,5671.410845236286,76.68431401150687,11,1,27,2
1523253600,5787.46,5692.51069155696,73.94185581772317,11,1,27,3
1523250000,5822.14,5716.079656728422,71.90423155098482,11,1,27,4
1523246400,5814.83,5734.034264595982,73.93639260422023,11,1,27,5
1523242800,5798.03,5745.669852851258,72.74205868032614,11,1,27,6
1523239200,5802.31,5755.968061423757,69.94562419471832,11,1,27,7
1523235600,5764.17,5757.459322983073,70.259306001298,11,1,27,8
1523232000,5725.28,5751.60853698615,63.86268801019799,11,1,27,9
1523228400,5731.91,5748.02698480685,58.058344030496464,11,1,27,10
1523224800,5700.35,5739.358442114695,58.74671844039474,11,1,27,11
1523221200,5668.06,5726.395089002933,54.187538661212535,11,1,27,12
1523217600,5699.91,5721.579618275126,49.91895022782548,11,1,27,13
1523214000,5702.11,5718.0396876796485,53.786038879381245,11,1,27,14
1523210400,5700.81,5714.9070171924395,54.04997231402263,11,1,27,15
1523206800,5703.5,5712.833014066541,53.85424721151089,11,1,27,16
1523203200,5744.8,5718.645193327169,54.22363789714248,11,1,27,17
1523199600,5732.28,5721.124249085865,59.57415510943656,11,1,27,18
1523196000,5755.92,5727.450749252072,57.38444008272886,11,1,27,19
1523192400,5772.11,5735.570613024422,60.348056628943866,11,1,27,20
1523188800,5789.87,5745.443228838162,62.28260486703641,11,1,27,21
1523185200,5692.59,5735.833550867586,64.33802798568766,11,1,27,22
1523181600,5691.33,5727.741996164388,48.68713700179791,11,1,27,23
1523178000,5672.4,5717.67981504359,48.522492931876435,11,2,28,0
1523174400,5654.78,5706.243485035664,46.00536609890406,11,2,28,1
1523170800,5634.32,5693.166487756453,43.73134344602633,11,2,28,2
1523167200,5651.38,5685.568944528006,41.18559190051112,11,2,28,3
1523163600,5674.46,5683.549136432005,44.10729707623544,11,2,28,4
1523160000,5666.06,5680.369293444367,47.87956193164816,11,2,28,5
1523156400,5651.89,5675.191240090845,46.645643866980244,11,2,28,6
1523152800,5654.73,5671.471014619781,44.55946578969993,11,2,28,7
1523149200,5671.52,5671.479921052548,45.0895301661542,11,2,28,8
1523145600,5610.66,5660.421753588448,48.24025433725624,11,2,28,9
1523142000,5643.6,5657.363252936003,39.412418541022795,11,2,28,10
1523138400,5677.14,5660.959025129457,45.252091434252954,11,2,28,11
1523134800,5705.17,5668.997384196828,50.485247249780265,11,2,28,12
1523131200,5699.39,5674.523314342859,54.407489073560285,11,2,28,13
1523127600,5692.05,5677.709984462339,53.466954801738474,11,2,28,14
1523124000,5708.9,5683.380896378277,52.23212655754245,11,2,28,15
1523120400,5718.97,5689.851642491318,54.812193048122076,11,2,28,16
1523116800,5693.11,5690.444071129259,56.3302563511465,11,2,28,17
1523113200,5592.4,5672.617876378485,51.54163455520996,11,2,28,18
1523109600,5574.44,5654.767353400577,37.99517009008498,11,2,28,19
1523106000,5599.85,5644.782380055018,36.16947439204941,11,2,28,20
1523102400,5601.61,5636.932856408651,40.52384976504258,11,2,28,21
1523098800,5594.45,5629.208700697987,40.824962188825836,11,2,28,22
1523095200,5583.72,5620.9380278438075,39.939094069792525,11,2,28,23
1523091600,5614.46,5619.760204599479,38.58775547052614,11,3,29,0
1523088000,5600.22,5616.2074401268455,44.39256119747109,11,3,29,1
1523084400,5597.17,5612.746087376509,42.39351445130199,11,3,29,2
1523080800,5579.07,5606.623162398962,41.95770265418701,11,3,29,3
1523077200,5581.4,5602.037132871878,39.37103958772877,11,3,29,4
1523073600,5578.93,5597.835835986082,39.8848162460233,11,3,29,5
1523070000,5566.82,5592.196593079521,39.50265534402612,11,3,29,6
1523066400,5573.95,5588.879030701426,37.60042425095312,11,3,29,7
1523062800,5410.89,5556.517388755711,39.449211179563335,11,3,29,8
1523059200,5392.55,5526.705136254673,22.806890327926254,11,3,29,9
1523055600,5343.68,5493.427838753823,21.698137839444755,11,3,29,10
1523052000,5387.39,5474.148231707673,19.04168773344537,11,3,29,11
1523048400,5388.2,5458.521280488097,27.581562475765992,11,3,29,12
1523044800,5391.23,5446.286502217534,27.733692458364985,11,3,29,13
1523041200,5382.12,5434.61986545071,28.340127086165737,11,3,29,14
1523037600,5388.82,5426.292617186944,27.590461585948916,11,3,29,15
1523034000,5396.97,5420.961232243863,29.076389283669656,11,3,29,16
1523030400,5384.61,5414.3519172904325,30.933079633058426,11,3,29,17
1523026800,5390.58,5410.029750510354,29.664742322272133,11,3,29,18
1523023200,5410.19,5410.0588867811975,31.133533159996887,11,3,29,19
1523019600,5409.35,5409.929998275525,35.87082835724502,11,3,29,20
1523016000,5409.65,5409.879089498156,35.75736007786749,11,3,29,21
1523012400,5323.95,5394.2556186803085,35.83542483961503,11,3,29,22
1523008800,5382.95,5392.200051647525,26.084293790224933,11,3,29,23
1523005200,5401.94,5393.970951347974,38.49291325018962,11,4,30,0
1523001600,5425.41,5399.687142011979,41.8751662868928,11,4,30,1
1522998000,5378.08,5395.758570737074,45.83921256574649,11,4,30,2
1522994400,5537.99,5421.61883060306,39.925793619757876,11,4,30,3
1522990800,5553.45,5445.588134129775,59.115971016819024,11,4,30,4
1522987200,5524.12,5459.866655197088,60.43196522416116,11,4,30,5
1522983600,5527.67,5472.194536070345,56.70295769916099,11,4,30,6
1522980000,5550.44,5486.420984057554,57.04842473366899,11,4,30,7
1522976400,5559.14,5499.642623319817,59.29203361376289,11,4,30,8
1522972800,5524.89,5504.233055443487,60.148583616442814,11,4,30,9
1522969200,5576.35,5517.345227181035,55.22235832275068,11,4,30,10
1522965600,5496.71,5513.593367693574,60.461955932221144,11,4,30,11
1522962000,5517.8,5514.358209931105,50.594861532458644,11,4,30,12
