,Prix,ema,rsi,month,weekday,day,hour
1540267200,5620.14,5618.806698350673,49.66553720391659,1,4,19,4
1540263600,5630.32,5620.900025923278,48.14886315993292,1,4,19,5
1540260000,5623.89,5621.443657573591,53.70416084201043,1,4,19,6
1540256400,5633.48,5623.632083469301,50.05616366826006,1,4,19,7
1540252800,5623.82,5623.666250111246,54.96918534014935,1,4,19,8
1540249200,5625.71,5624.037841000109,49.668952102095766,1,4,19,9
1540245600,5631.08,5625.318233545544,50.671133139578515,1,4,19,10
1540242000,5636.26,5627.307645628172,53.50398033838815,1,4,19,11
1540238400,5618.81,5625.762619150322,56.12163644064738,1,4,19,12
1540234800,5624.0,5625.442142941173,46.60324926918043,1,4,19,13
1540231200,5629.6,5626.198116951869,49.354502056636896,1,4,19,14
1540227600,5630.39,5626.960277506075,52.215441065777604,1,4,19,15
1540224000,5622.97,5626.23477250497,52.62204150622501,1,4,19,16
1540220400,5620.56,5625.202995685884,48.45188425916169,1,4,19,17
1540216800,5617.65,5623.829723742996,47.145055419880165,1,4,19,18
1540213200,5624.13,5623.884319426087,45.54758074093862,1,4,19,19
1540209600,5613.21,5621.943534075889,49.63973972999664,1,4,19,20
1540206000,5609.31,5619.646527880273,43.68213734378887,1,4,19,21
1540202400,5613.04,5618.445340992951,41.754726430589635,1,4,19,22
1540198800,5599.22,5614.949824448778,44.28669474234511,1,4,19,23
1540195200,5597.78,5611.828038185364,37.74049743297585,1,5,20,0
1540191600,5604.31,5610.461122151662,37.12472784820023,1,5,20,1
1540188000,5618.57,5611.935463578632,41.764867525891766,1,5,20,2
1540184400,5616.93,5612.84356110979,50.37724532795173,1,5,20,3
1540180800,5597.53,5610.059277271646,49.47109851947526,1,5,20,4
1540177200,5598.19,5607.901226858619,40.248446259953475,1,5,20,5
1540173600,5610.9,5608.44645833887,40.65379063723801,1,5,20,6
1540170000,5593.92,5605.805284095439,47.97338211867039,1,5,20,7
1540166400,5603.13,5605.318868805359,40.74353117982716,1,5,20,8
1540162800,5614.56,5606.999074477111,45.537885558806444,1,5,20,9
1540159200,5624.07,5610.102879117636,50.85244827517648,1,5,20,10
1540155600,5627.2,5613.211446550793,54.80420363642432,1,5,20,11
1540152000,5624.28,5615.223910814285,56.056567826382114,1,5,20,12
1540148400,5625.16,5617.0304724844145,54.53826937975736,1,5,20,13
1540144800,5623.89,5618.27765930543,54.934419794478636,1,5,20,14
1540141200,5628.78,5620.18717579535,54.20037564874507,1,5,20,15
1540137600,5634.91,5622.864052923468,56.60478969486253,1,5,20,16
1540134000,5635.64,5625.186952391929,59.47680851182483,1,5,20,17
1540130400,5632.93,5626.594779229759,59.81786441217351,1,5,20,18
1540126800,5622.84,5625.912092097075,57.8706603031632,1,5,20,19
1540123200,5627.47,5626.1953480794255,51.18928053504147,1,5,20,20
1540119600,5633.1,5627.450739337712,53.82379430081274,1,5,20,21
1540116000,5635.34,5628.885150367219,56.872081277169166,1,5,20,22
1540112400,5629.63,5629.020577573178,58.05841467121081,1,5,20,23
1540108800,5622.69,5627.869563468964,53.982072930302536,1,6,21,0
1540105200,5620.12,5626.460551929152,49.43867973696283,1,6,21,1
1540101600,5629.91,5627.087724305669,47.833150966775456,1,6,21,2
1540098000,5623.28,5626.395410795547,53.966023912589236,1,6,21,3
1540094400,5625.01,5626.143517923629,49.704358451978976,1,6,21,4
1540090800,5633.25,5627.435605573878,50.79623743233046,1,6,21,5
1540087200,5632.39,5628.336404560446,55.72633403728652,1,6,21,6
1540083600,5612.06,5625.377058276728,55.10573678054018,1,6,21,7
1540080000,5610.17,5622.612138590051,42.93352422247032,1,6,21,8
1540076400,5610.28,5620.369931573678,42.00460337145168,1,6,21,9
1540072800,5603.62,5617.324489469373,42.083145506632704,1,6,21,10
1540069200,5604.1,5614.920036838577,38.66859312551674,1,6,21,11
1540065600,5607.47,5613.565484686108,39.05241856300813,1,6,21,12
1540062000,5596.99,5610.551760197724,41.80602698791725,1,6,21,13
1540058400,5596.07,5607.918712889047,36.31176757970493,1,6,21,14
1540054800,5598.59,5606.222583272856,35.86614600994166,1,6,21,15
1540051200,5602.37,5605.522113586882,38.10672208812554,1,6,21,16
1540047600,5614.35,5607.127183843812,41.41307352640484,1,6,21,17
1540044000,5618.6,5609.213150417665,50.44785566184731,1,6,21,18
1540040400,5609.89,5609.336213978089,53.20484241167711,1,6,21,19
1540036800,5610.19,5609.491447800254,47.386004908746955,1,6,21,20
1540033200,5607.59,5609.145730018389,47.5985817222422,1,6,21,21
1540029600,5612.1,5609.682870015045,45.86888649594476,1,6,21,22
1540026000,5609.97,5609.735075466855,49.309901652422546,1,6,21,23
1540022400,5610.83,5609.9341526547,47.76556393225737,1,0,22,0
1540018800,5613.95,5610.664306717481,48.46733311421243,1,0,22,1
1540015200,5588.45,5606.625341859757,51.03739018138305,1,0,22,2
1540011600,5591.06,5603.795279703438,35.468111725893806,1,0,22,3
1540008000,5583.09,5600.030683393722,37.5674204803858,1,0,22,4
1540004400,5587.9,5597.825104594863,33.936841709694235,1,0,22,5
1540000800,5589.82,5596.36963103216,37.841105968160605,1,0,22,6
1539997200,5579.57,5593.315152662676,39.381133620411276,1,0,22,7
1539993600,5584.69,5591.746943087644,34.471067967771006,1,0,22,8
1539990000,5590.35,5591.492953435344,38.58986078292157,1,0,22,9
1539986400,5589.26,5591.086961901645,42.86518299152794,1,0,22,10
1539982800,5585.03,5589.985696101346,42.255080979367634,1,0,22,11
1539979200,5606.01,5592.899205901101,39.88271832205017,1,0,22,12
1539975600,5608.79,5595.788441191809,53.75177713954526,1,0,22,13
1539972000,5601.4,5596.80872461148,55.22578444596885,1,0,22,14
1539968400,5600.14,5597.4144110457555,50.60824913256479,1,0,22,15
1539964800,5610.24,5599.746336310163,49.84303392593325,1,0,22,16
1539961200,5605.7,5600.828820617406,55.63396515434278,1,0,22,17
1539957600,5619.25,5604.178125959695,52.689153440999114,1,0,22,18
1539954000,5616.49,5606.416648512477,59.567935648571,1,0,22,19
1539950400,5626.69,5610.102712419299,57.72681229631418,1,0,22,20
1539946800,5635.09,5614.6458556157895,62.357301339954155,1,0,22,21
1539943200,5630.06,5617.44842732201,65.69035205844617,1,0,22,22
1539939600,5622.17,5618.306895081644,62.14205350527684,1,0,22,23
1539936000,5614.0,5617.523823248618,56.94597943640583,1,1,23,0
1539932400,5617.19,5617.463128112506,52.0890079325469,1,1,23,1
1539928800,5614.28,5616.884377546596,53.74778614867908,1,1,23,2
1539925200,5637.66,5620.661763447214,51.97981616157139,1,1,23,3
1539921600,5629.78,5622.31962463863,62.61886862420727,1,1,23,4
1539918000,5633.04,5624.268783795242,57.95807891879429,1,1,23,5
1539914400,5622.5,5623.9471867415605,59.30749169611881,1,1,23,6
1539910800,5617.98,5622.862243697639,53.34579161697429,1,1,23,7
1539907200,5629.16,5624.007290298068,50.97913350669411,1,1,23,8
1539903600,5615.57,5622.4732375166,56.15990991783707,1,1,23,9
1539900000,5613.33,5620.8108306954,49.33452492687619,1,1,23,10
1539896400,5619.59,5620.588861478054,48.29269826597246,1,1,23,11
1539892800,5631.86,5622.638159391135,51.38261723480885,1,1,23,12
1539889200,5629.9,5623.958494047292,56.82826593135639,1,1,23,13
1539885600,5626.3,5624.38422240233,55.75395518688768,1,1,23,14
1539882000,5661.46,5631.125272874633,53.744266588301365,1,1,23,15
1539878400,5653.89,5635.264314170154,66.4601227114158,1,1,23,16
1539874800,5654.69,5638.796257048307,62.47779130733226,1,1,23,17
1539871200,5657.68,5642.229664857706,62.73194229971705,1,1,23,18
1539867600,5651.57,5643.92790761085,63.721006604412125,1,1,23,19
1539864000,5645.33,5644.182833499785,60.204806064347316,1,1,23,20
1539860400,5650.26,5645.287772863461,56.76002481891887,1,1,23,21
1539856800,5647.42,5645.67545052465,58.767354469778056,1,1,23,22
1539853200,5641.87,5644.983550429259,57.12224561426052,1,1,23,23
1539849600,5654.32,5646.681086714848,53.944183023402566,1,2,24,0
1539846000,5667.95,5650.548161857602,59.40093547697536,1,2,24,1
1539842400,5655.78,5651.49940515622,64.37705466493784,1,2,24,2
1539838800,5664.77,5653.912240582362,57.589722006909,1,2,24,3
1539835200,5663.04,5655.57183320375,60.87154064487902,1,2,24,4
1539831600,5654.67,5655.407863530341,59.910770590575126,1,2,24,5
1539828000,5652.07,5654.800979252097,55.358253519242155,1,2,24,6
1539824400,5662.39,5656.180801206261,53.98591973377418,1,2,24,7
1539820800,5658.84,5656.6642918960315,58.39468725591161,1,2,24,8
1539817200,5662.67,5657.756238824026,56.39304999905317,1,2,24,9
1539813600,5657.8,5657.764195401475,58.063225717864064,1,2,24,10
1539810000,5653.93,5657.067068964843,55.16973418541423,1,2,24,11
1539806400,5641.06,5654.156692789417,52.91315089823531,1,2,24,12
1539802800,5647.71,5652.984566827705,46.15237153271799,1,2,24,13
1539799200,5647.52,5651.991009222667,49.72672962022127,1,2,24,14
1539795600,5643.18,5650.3890075458185,49.625373051091174,1,2,24,15
1539792000,5625.57,5645.876460719305,47.25596712041228,1,2,24,16
1539788400,5630.08,5643.004376952159,39.09858142367121,1,2,24,17
1539784800,5615.03,5637.91812659722,41.866313669981864,1,2,24,18
1539781200,5618.05,5634.30573994318,35.988625211631444,1,2,24,19
1539777600,5621.82,5632.035605408056,37.873463557998804,1,2,24,20
1539774000,5592.47,5624.841858970227,40.23912710082352,1,2,24,21
1539770400,5604.71,5621.1815209756405,30.501579342421408,1,2,24,22
1539766800,5608.65,5618.903062616432,37.31439824136804,1,2,24,23
1539763200,5620.37,5619.1697785043525,39.37458284122949,1,3,25,0
1539759600,5614.23,5618.271636958106,45.14937058276083,1,3,25,1
1539756000,5626.21,5619.714975692996,42.84673877022549,1,3,25,2
1539752400,5627.73,5621.172252839724,48.37865099022926,1,3,25,3
1539748800,5620.79,5621.10275232341,49.05244793656521,1,3,25,4
1539745200,5603.53,5617.907706446425,46.09412340539254,1,3,25,5
1539741600,5581.5,5611.288123456166,39.68399766062298,1,3,25,6
1539738000,5621.78,5613.195737373227,33.31563886542267,1,3,25,7
1539734400,5628.46,5615.971057850821,49.3275636757933,1,3,25,8
1539730800,5619.69,5616.647229150672,51.41122523237138,1,3,25,9
1539727200,5613.3,5616.0386420323675,48.586483935151115,1,3,25,10
1539723600,5620.63,5616.873434390118,46.57835843105759,1,3,25,11
1539720000,5618.69,5617.20371904646,49.1734563969015,1,3,25,12
1539716400,5630.11,5619.550315583467,48.50190727768928,1,3,25,13
1539712800,5631.3,5621.686621841018,52.60515043933303,1,3,25,14
1539709200,5615.67,5620.592690597196,53.025167460911035,1,3,25,15
1539705600,5629.98,5622.299474124979,47.11872506579319,1,3,25,16
1539702000,5634.65,5624.545024284073,52.35178706315961,1,3,25,17
1539698400,5637.53,5626.905928959695,53.95324281510191,1,3,25,18
1539694800,5635.94,5628.54848733066,54.958645542899546,1,3,25,19
1539691200,5651.56,5632.732398725085,54.25433406557329,1,3,25,20
1539687600,5630.93,5632.404689865978,59.71605302218051,1,3,25,21
1539684000,5628.4,5631.676564435799,51.04732690789081,1,3,25,22
1539680400,5620.84,5629.706279992926,50.08705188400222,1,3,25,23
1539676800,5652.55,5633.859683630575,47.22808625922519,1,4,26,0
1539673200,5656.5,5637.976104788651,58.04545450331848,1,4,26,1
1539669600,5679.59,5645.5422675543505,59.168254123563024,1,4,26,2
1539666000,5609.44,5638.978218908104,65.0555164010193,1,4,26,3
