,Prix,ema,rsi,month,weekday,day,hour
1540026000,5609.97,5609.735075466855,49.309901652422546,1,6,21,23
1540022400,5610.83,5609.9341526547,47.76556393225737,1,0,22,0
1540018800,5613.95,5610.664306717481,48.46733311421243,1,0,22,1
1540015200,5588.45,5606.625341859757,51.03739018138305,1,0,22,2
1540011600,5591.06,5603.795279703438,35.468111725893806,1,0,22,3
1540008000,5583.09,5600.030683393722,37.5674204803858,1,0,22,4
1540004400,5587.9,5597.825104594863,33.936841709694235,1,0,22,5
1540000800,5589.82,5596.36963103216,37.841105968160605,1,0,22,6
1539997200,5579.57,5593.315152662676,39.381133620411276,1,0,22,7
1539993600,5584.69,5591.746943087644,34.471067967771006,1,0,22,8
1539990000,5590.35,5591.492953435344,38.58986078292157,1,0,22,9
1539986400,5589.26,5591.086961901645,42.86518299152794,1,0,22,10
1539982800,5585.03,5589.985696101346,42.255080979367634,1,0,22,11
1539979200,5606.01,5592.899205901101,39.88271832205017,1,0,22,12
1539975600,5608.79,5595.788441191809,53.75177713954526,1,0,22,13
1539972000,5601.4,5596.80872461148,55.22578444596885,1,0,22,14
1539968400,5600.14,5597.4144110457555,50.60824913256479,1,0,22,15
1539964800,5610.24,5599.746336310163,49.84303392593325,1,0,22,16
1539961200,5605.7,5600.828820617406,55.63396515434278,1,0,22,17
1539957600,5619.25,5604.178125959695,52.689153440999114,1,0,22,18
1539954000,5616.49,5606.416648512477,59.567935648571,1,0,22,19
1539950400,5626.69,5610.102712419299,57.72681229631418,1,0,22,20
1539946800,5635.09,5614.6458556157895,62.357301339954155,1,0,22,21
1539943200,5630.06,5617.44842732201,65.69035205844617,1,0,22,22
1539939600,5622.17,5618.306895081644,62.14205350527684,1,0,22,23
1539936000,5614.0,5617.523823248618,56.94597943640583,1,1,23,0
1539932400,5617.19,5617.463128112506,52.0890079325469,1,1,23,1
1539928800,5614.28,5616.884377546596,53.74778614867908,1,1,23,2
1539925200,5637.66,5620.661763447214,51.97981616157139,1,1,23,3
1539921600,5629.78,5622.31962463863,62.61886862420727,1,1,23,4
1539918000,5633.04,5624.268783795242,57.95807891879429,1,1,23,5
1539914400,5622.5,5623.9471867415605,59.30749169611881,1,1,23,6
1539910800,5617.98,5622.862243697639,53.34579161697429,1,1,23,7
1539907200,5629.16,5624.007290298068,50.97913350669411,1,1,23,8
1539903600,5615.57,5622.4732375166,56.15990991783707,1,1,23,9
1539900000,5613.33,5620.8108306954,49.33452492687619,1,1,23,10
1539896400,5619.59,5620.588861478054,48.29269826597246,1,1,23,11
1539892800,5631.86,5622.638159391135,51.38261723480885,1,1,23,12
1539889200,5629.9,5623.958494047292,56.82826593135639,1,1,23,13
1539885600,5626.3,5624.38422240233,55.75395518688768,1,1,23,14
1539882000,5661.46,5631.125272874633,53.744266588301365,1,1,23,15
1539878400,5653.89,5635.264314170154,66.4601227114158,1,1,23,16
1539874800,5654.69,5638.796257048307,62.47779130733226,1,1,23,17
1539871200,5657.68,5642.229664857706,62.73194229971705,1,1,23,18
1539867600,5651.57,5643.92790761085,63.721006604412125,1,1,23,19
1539864000,5645.33,5644.182833499785,60.204806064347316,1,1,23,20
1539860400,5650.26,5645.287772863461,56.76002481891887,1,1,23,21
1539856800,5647.42,5645.67545052465,58.767354469778056,1,1,23,22
1539853200,5641.87,5644.983550429259,57.12224561426052,1,1,23,23
1539849600,5654.32,5646.681086714848,53.944183023402566,1,2,24,0
1539846000,5667.95,5650.548161857602,59.40093547697536,1,2,24,1
1539842400,5655.78,5651.49940515622,64.37705466493784,1,2,24,2
1539838800,5664.77,5653.912240582362,57.589722006909,1,2,24,3
1539835200,5663.04,5655.57183320375,60.87154064487902,1,2,24,4
1539831600,5654.67,5655.407863530341,59.910770590575126,1,2,24,5
1539828000,5652.07,5654.800979252097,55.358253519242155,1,2,24,6
1539824400,5662.39,5656.180801206261,53.98591973377418,1,2,24,7
1539820800,5658.84,5656.6642918960315,58.39468725591161,1,2,24,8
1539817200,5662.67,5657.756238824026,56.39304999905317,1,2,24,9
1539813600,5657.8,5657.764195401475,58.063225717864064,1,2,24,10
1539810000,5653.93,5657.067068964843,55.16973418541423,1,2,24,11
1539806400,5641.06,5654.156692789417,52.91315089823531,1,2,24,12
1539802800,5647.71,5652.984566827705,46.15237153271799,1,2,24,13
1539799200,5647.52,5651.991009222667,49.72672962022127,1,2,24,14
1539795600,5643.18,5650.3890075458185,49.625373051091174,1,2,24,15
1539792000,5625.57,5645.876460719305,47.25596712041228,1,2,24,16
1539788400,5630.08,5643.004376952159,39.09858142367121,1,2,24,17
1539784800,5615.03,5637.91812659722,41.866313669981864,1,2,24,18
1539781200,5618.05,5634.30573994318,35.988625211631444,1,2,24,19
1539777600,5621.82,5632.035605408056,37.873463557998804,1,2,24,20
1539774000,5592.47,5624.841858970227,40.23912710082352,1,2,24,21
1539770400,5604.71,5621.1815209756405,30.501579342421408,1,2,24,22
1539766800,5608.65,5618.903062616432,37.31439824136804,1,2,24,23
1539763200,5620.37,5619.1697785043525,39.37458284122949,1,3,25,0
1539759600,5614.23,5618.271636958106,45.14937058276083,1,3,25,1
1539756000,5626.21,5619.714975692996,42.84673877022549,1,3,25,2
1539752400,5627.73,5621.172252839724,48.37865099022926,1,3,25,3
1539748800,5620.79,5621.10275232341,49.05244793656521,1,3,25,4
1539745200,5603.53,5617.907706446425,46.09412340539254,1,3,25,5
1539741600,5581.5,5611.288123456166,39.68399766062298,1,3,25,6
1539738000,5621.78,5613.195737373227,33.31563886542267,1,3,25,7
1539734400,5628.46,5615.971057850821,49.3275636757933,1,3,25,8
1539730800,5619.69,5616.647229150672,51.41122523237138,1,3,25,9
1539727200,5613.3,5616.0386420323675,48.586483935151115,1,3,25,10
1539723600,5620.63,5616.873434390118,46.57835843105759,1,3,25,11
1539720000,5618.69,5617.20371904646,49.1734563969015,1,3,25,12
1539716400,5630.11,5619.550315583467,48.50190727768928,1,3,25,13
1539712800,5631.3,5621.686621841018,52.60515043933303,1,3,25,14
1539709200,5615.67,5620.592690597196,53.025167460911035,1,3,25,15
1539705600,5629.98,5622.299474124979,47.11872506579319,1,3,25,16
1539702000,5634.65,5624.545024284073,52.35178706315961,1,3,25,17
1539698400,5637.53,5626.905928959695,53.95324281510191,1,3,25,18
1539694800,5635.94,5628.54848733066,54.958645542899546,1,3,25,19
1539691200,5651.56,5632.732398725085,54.25433406557329,1,3,25,20
1539687600,5630.93,5632.404689865978,59.71605302218051,1,3,25,21
1539684000,5628.4,5631.676564435799,51.04732690789081,1,3,25,22
1539680400,5620.84,5629.706279992926,50.08705188400222,1,3,25,23
1539676800,5652.55,5633.859683630575,47.22808625922519,1,4,26,0
1539673200,5656.5,5637.976104788651,58.04545450331848,1,4,26,1
1539669600,5679.59,5645.5422675543505,59.168254123563024,1,4,26,2
1539666000,5609.44,5638.978218908104,65.0555164010193,1,4,26,3
1539662400,5612.83,5634.223997288449,44.203093502259435,1,4,26,4
1539658800,5606.65,5629.210543236003,45.11858517952134,1,4,26,5
1539655200,5603.52,5624.539535374912,43.71057982355154,1,4,26,6
1539651600,5605.25,5621.032347124928,42.979026555421775,1,4,26,7
1539648000,5622.77,5621.348284011304,43.541465567466624,1,4,26,8
1539644400,5607.87,5618.897686918339,49.02511572440437,1,4,26,9
1539640800,5575.38,5610.985380205913,45.02027597715506,1,4,26,10
1539637200,5584.32,5606.137129259383,37.77410153736097,1,4,26,11
1539633600,5589.55,5603.121287575858,40.606859148315344,1,4,26,12
1539630000,5601.3,5602.7901443802475,42.26279255334109,1,4,26,13
1539626400,5614.14,5604.8537544929295,45.91144750785686,1,4,26,14
1539622800,5628.71,5609.191253676033,49.65549168540231,1,4,26,15
1539619200,5607.74,5608.9273893713,53.58195598292287,1,4,26,16
1539615600,5592.07,5605.862409485609,47.80325074991962,1,4,26,17
1539612000,5615.86,5607.680153215498,43.98574920245249,1,4,26,18
1539608400,5612.91,5608.631034449043,50.45470704082061,1,4,26,19
1539604800,5620.75,5610.834482731036,49.68839957792376,1,4,26,20
1539601200,5626.83,5613.74275859812,51.784290414654585,1,4,26,21
1539597600,5618.54,5614.614984307553,53.40538535626814,1,4,26,22
1539594000,5625.36,5616.568623524361,50.89284937765717,1,4,26,23
1539590400,5640.86,5620.985237429022,52.85779986272736,1,5,27,0
1539586800,5911.14,5673.740648805563,57.06285809922066,1,5,27,1
1539583200,5576.79,5656.113258113643,83.9490618200011,1,5,27,2
1539579600,5421.68,5613.489029365707,45.76884423920089,1,5,27,3
1539576000,5419.92,5578.294660390124,37.29474814710061,1,5,27,4
1539572400,5407.52,5547.244722137373,37.210560725919024,1,5,27,5
1539568800,5415.96,5523.37477265785,36.5839698608826,1,5,27,6
1539565200,5398.54,5500.677541265514,37.35717481077092,1,5,27,7
1539561600,5389.59,5480.479806489966,36.37147013416867,1,5,27,8
1539558000,5402.88,5466.370750764517,35.848112392328616,1,5,27,9
1539554400,5403.76,5454.986977898241,37.29107079432455,1,5,27,10
1539550800,5411.04,5446.996618280379,37.39149076939636,1,5,27,11
1539547200,5441.14,5445.931778593037,38.272144749721406,1,5,27,12
1539543600,5429.93,5443.022364303394,41.91037603610447,1,5,27,13
1539540000,5435.18,5441.596479884594,40.94252713231975,1,5,27,14
1539536400,5433.59,5440.140756269213,41.62246639765611,1,5,27,15
1539532800,5421.73,5436.7933460384465,41.46675592345701,1,5,27,16
1539529200,5415.11,5432.850919486002,40.256984005705725,1,5,27,17
1539525600,5416.82,5429.936206852183,39.563155175462654,1,5,27,18
1539522000,5419.42,5428.024169242694,39.851530761601026,1,5,27,19
1539518400,5418.29,5426.254320289478,40.31782843076365,1,5,27,20
1539514800,5409.75,5423.2535347822995,40.17206365578517,1,5,27,21
1539511200,5420.05,5422.67107391279,39.02378072944332,1,5,27,22
1539507600,5431.17,5424.216333201373,41.206598058599845,1,5,27,23
1539504000,5429.12,5425.107908982942,43.55584215101204,1,6,28,0
1539500400,5424.37,5424.973743713316,43.213036404276465,1,6,28,1
1539496800,5432.53,5426.347608492712,42.38070874741481,1,6,28,2
1539493200,5439.18,5428.680770584946,44.36325129954693,1,6,28,3
1539489600,5428.44,5428.636994114955,45.99409384548892,1,6,28,4
1539486000,5405.98,5424.517540639508,43.76296648169369,1,6,28,5
1539482400,5402.78,5420.5652605232335,39.452833683488365,1,6,28,6
1539478800,5399.83,5416.795213155372,38.86551577508212,1,6,28,7
1539475200,5401.89,5414.08517439985,38.29947902437327,1,6,28,8
1539471600,5407.47,5412.882415418059,38.967927899017006,1,6,28,9
1539468000,5397.15,5410.02197625114,40.837647421278064,1,6,28,10
1539464400,5394.03,5407.114344205477,38.48916650307874,1,6,28,11
1539460800,5398.45,5405.53900889539,37.781761538654344,1,6,28,12
1539457200,5394.18,5403.473734550774,39.47879164133532,1,6,28,13
1539453600,5400.51,5402.9348737233595,38.38942583131651,1,6,28,14
1539450000,5407.18,5403.7067148645665,40.98900670263864,1,6,28,15
1539446400,5405.42,5404.018221252827,43.6853564429214,1,6,28,16
1539442800,5404.12,5404.036726479586,43.12540801116959,1,6,28,17
1539439200,5397.28,5402.808230756024,42.69014164205213,1,6,28,18
1539435600,5395.46,5401.472188800383,40.38076951760672,1,6,28,19
1539432000,5406.16,5402.324518109404,39.76437264267876,1,6,28,20
1539428400,5406.33,5403.052787544058,45.07285007356425,1,6,28,21
1539424800,5407.9,5403.934098899684,45.15554884526693,1,6,28,22
