,Prix,ema,rsi,month,weekday,day,hour
1539748800,5620.79,5621.10275232341,49.05244793656521,1,3,25,4
1539745200,5603.53,5617.907706446425,46.09412340539254,1,3,25,5
1539741600,5581.5,5611.288123456166,39.68399766062298,1,3,25,6
1539738000,5621.78,5613.195737373227,33.31563886542267,1,3,25,7
1539734400,5628.46,5615.971057850821,49.3275636757933,1,3,25,8
1539730800,5619.69,5616.647229150672,51.41122523237138,1,3,25,9
1539727200,5613.3,5616.0386420323675,48.586483935151115,1,3,25,10
1539723600,5620.63,5616.873434390118,46.57835843105759,1,3,25,11
1539720000,5618.69,5617.20371904646,49.1734563969015,1,3,25,12
1539716400,5630.11,5619.550315583467,48.50190727768928,1,3,25,13
1539712800,5631.3,5621.686621841018,52.60515043933303,1,3,25,14
1539709200,5615.67,5620.592690597196,53.025167460911035,1,3,25,15
1539705600,5629.98,5622.299474124979,47.11872506579319,1,3,25,16
1539702000,5634.65,5624.545024284073,52.35178706315961,1,3,25,17
1539698400,5637.53,5626.905928959695,53.95324281510191,1,3,25,18
1539694800,5635.94,5628.54848733066,54.958645542899546,1,3,25,19
1539691200,5651.56,5632.732398725085,54.25433406557329,1,3,25,20
1539687600,5630.93,5632.404689865978,59.71605302218051,1,3,25,21
1539684000,5628.4,5631.676564435799,51.04732690789081,1,3,25,22
1539680400,5620.84,5629.706279992926,50.08705188400222,1,3,25,23
1539676800,5652.55,5633.859683630575,47.22808625922519,1,4,26,0
1539673200,5656.5,5637.976104788651,58.04545450331848,1,4,26,1
1539669600,5679.59,5645.5422675543505,59.168254123563024,1,4,26,2
1539666000,5609.44,5638.978218908104,65.0555164010193,1,4,26,3
1539662400,5612.83,5634.223997288449,44.203093502259435,1,4,26,4
1539658800,5606.65,5629.210543236003,45.11858517952134,1,4,26,5
1539655200,5603.52,5624.539535374912,43.71057982355154,1,4,26,6
1539651600,5605.25,5621.032347124928,42.979026555421775,1,4,26,7
1539648000,5622.77,5621.348284011304,43.541465567466624,1,4,26,8
1539644400,5607.87,5618.897686918339,49.02511572440437,1,4,26,9
1539640800,5575.38,5610.985380205913,45.02027597715506,1,4,26,10
1539637200,5584.32,5606.137129259383,37.77410153736097,1,4,26,11
1539633600,5589.55,5603.121287575858,40.606859148315344,1,4,26,12
1539630000,5601.3,5602.7901443802475,42.26279255334109,1,4,26,13
1539626400,5614.14,5604.8537544929295,45.91144750785686,1,4,26,14
1539622800,5628.71,5609.191253676033,49.65549168540231,1,4,26,15
1539619200,5607.74,5608.9273893713,53.58195598292287,1,4,26,16
1539615600,5592.07,5605.862409485609,47.80325074991962,1,4,26,17
1539612000,5615.86,5607.680153215498,43.98574920245249,1,4,26,18
1539608400,5612.91,5608.631034449043,50.45470704082061,1,4,26,19
1539604800,5620.75,5610.834482731036,49.68839957792376,1,4,26,20
1539601200,5626.83,5613.74275859812,51.784290414654585,1,4,26,21
1539597600,5618.54,5614.614984307553,53.40538535626814,1,4,26,22
1539594000,5625.36,5616.568623524361,50.89284937765717,1,4,26,23
1539590400,5640.86,5620.985237429022,52.85779986272736,1,5,27,0
1539586800,5911.14,5673.740648805563,57.06285809922066,1,5,27,1
1539583200,5576.79,5656.113258113643,83.9490618200011,1,5,27,2
1539579600,5421.68,5613.489029365707,45.76884423920089,1,5,27,3
1539576000,5419.92,5578.294660390124,37.29474814710061,1,5,27,4
1539572400,5407.52,5547.244722137373,37.210560725919024,1,5,27,5
1539568800,5415.96,5523.37477265785,36.5839698608826,1,5,27,6
1539565200,5398.54,5500.677541265514,37.35717481077092,1,5,27,7
1539561600,5389.59,5480.479806489966,36.37147013416867,1,5,27,8
1539558000,5402.88,5466.370750764517,35.848112392328616,1,5,27,9
1539554400,5403.76,5454.986977898241,37.29107079432455,1,5,27,10
1539550800,5411.04,5446.996618280379,37.39149076939636,1,5,27,11
1539547200,5441.14,5445.931778593037,38.272144749721406,1,5,27,12
1539543600,5429.93,5443.022364303394,41.91037603610447,1,5,27,13
1539540000,5435.18,5441.596479884594,40.94252713231975,1,5,27,14
1539536400,5433.59,5440.140756269213,41.62246639765611,1,5,27,15
1539532800,5421.73,5436.7933460384465,41.46675592345701,1,5,27,16
1539529200,5415.11,5432.850919486002,40.256984005705725,1,5,27,17
1539525600,5416.82,5429.936206852183,39.563155175462654,1,5,27,18
1539522000,5419.42,5428.024169242694,39.851530761601026,1,5,27,19
1539518400,5418.29,5426.254320289478,40.31782843076365,1,5,27,20
1539514800,5409.75,5423.2535347822995,40.17206365578517,1,5,27,21
1539511200,5420.05,5422.67107391279,39.02378072944332,1,5,27,22
1539507600,5431.17,5424.216333201373,41.206598058599845,1,5,27,23
1539504000,5429.12,5425.107908982942,43.55584215101204,1,6,28,0
1539500400,5424.37,5424.973743713316,43.213036404276465,1,6,28,1
1539496800,5432.53,5426.347608492712,42.38070874741481,1,6,28,2
1539493200,5439.18,5428.680770584946,44.36325129954693,1,6,28,3
1539489600,5428.44,5428.636994114955,45.99409384548892,1,6,28,4
1539486000,5405.98,5424.517540639508,43.76296648169369,1,6,28,5
1539482400,5402.78,5420.5652605232335,39.452833683488365,1,6,28,6
1539478800,5399.83,5416.795213155372,38.86551577508212,1,6,28,7
1539475200,5401.89,5414.08517439985,38.29947902437327,1,6,28,8
1539471600,5407.47,5412.882415418059,38.967927899017006,1,6,28,9
1539468000,5397.15,5410.02197625114,40.837647421278064,1,6,28,10
1539464400,5394.03,5407.114344205477,38.48916650307874,1,6,28,11
1539460800,5398.45,5405.53900889539,37.781761538654344,1,6,28,12
1539457200,5394.18,5403.473734550774,39.47879164133532,1,6,28,13
1539453600,5400.51,5402.9348737233595,38.38942583131651,1,6,28,14
1539450000,5407.18,5403.7067148645665,40.98900670263864,1,6,28,15
1539446400,5405.42,5404.018221252827,43.6853564429214,1,6,28,16
1539442800,5404.12,5404.036726479586,43.12540801116959,1,6,28,17
1539439200,5397.28,5402.808230756024,42.69014164205213,1,6,28,18
1539435600,5395.46,5401.472188800383,40.38076951760672,1,6,28,19
1539432000,5406.16,5402.324518109404,39.76437264267876,1,6,28,20
1539428400,5406.33,5403.052787544058,45.07285007356425,1,6,28,21
1539424800,5407.9,5403.934098899684,45.15554884526693,1,6,28,22
1539421200,5403.19,5403.79880819065,45.964691404575966,1,6,28,23
1539417600,5399.58,5403.031752155986,43.87346881738916,1,0,29,0
1539414000,5398.74,5402.251433582171,42.28551271951958,1,0,29,1
1539410400,5404.72,5402.700263839958,41.905442608205554,1,0,29,2
1539406800,5400.1,5402.227488596329,45.65062725773565,1,0,29,3
1539403200,5396.59,5401.202490669723,43.326718564993506,1,0,29,4
1539399600,5399.42,5400.8784014570465,41.59428802797327,1,0,29,5
1539396000,5400.49,5400.80778301031,43.55402163179872,1,0,29,6
1539392400,5398.58,5400.402731553891,44.31480928206301,1,0,29,7
1539388800,5387.98,5398.144053089547,43.195617760410485,1,0,29,8
1539385200,5391.13,5396.86877070963,37.53063467909231,1,0,29,9
1539381600,5398.56,5397.176266944242,40.04691952607725,1,0,29,10
1539378000,5403.63,5398.3496729543795,45.61185227704154,1,0,29,11
1539374400,5393.91,5397.542459689947,49.084810890477605,1,0,29,12
1539370800,5393.02,5396.7201942917745,43.36737313609912,1,0,29,13
1539367200,5400.39,5397.387431693271,42.874918695892305,1,0,29,14
1539363600,5410.19,5399.715171385403,48.12782400552445,1,0,29,15
1539360000,5420.87,5403.561503860784,54.163518940698644,1,0,29,16
1539356400,5403.0,5403.459412249732,59.670856242687506,1,0,29,17
1539352800,5405.94,5403.910428204326,49.051047873683686,1,0,29,18
1539349200,5412.01,5405.383077621722,50.60849784921664,1,0,29,19
1539345600,5390.22,5402.626154417772,53.75189216187707,1,0,29,20
1539342000,5392.44,5400.774126341813,43.138290547502585,1,0,29,21
1539338400,5389.32,5398.691557916029,44.3440510270008,1,0,29,22
1539334800,5398.54,5398.664001931296,42.96511716471888,1,0,29,23
1539331200,5396.49,5398.268728852879,48.10113950560407,1,1,30,0
1539327600,5393.26,5397.358050879628,47.08586260604201,1,1,30,1
1539324000,5374.45,5393.192950719696,45.45780073524197,1,1,30,2
1539320400,5367.81,5388.57786877066,37.35707091462892,1,1,30,3
1539316800,5362.9,5383.9091653578125,34.98687192099989,1,1,30,4
1539313200,5353.05,5378.298408020029,33.304164420120955,1,1,30,5
1539309600,5347.61,5372.718697470932,30.169369258041314,1,1,30,6
1539306000,5328.98,5364.766207021671,28.569932081223016,1,1,30,7
1539302400,5333.78,5359.132351199549,23.897418399701237,1,1,30,8
1539298800,5355.87,5358.539196435994,27.200962269065116,1,1,30,9
1539295200,5369.78,5360.582978902176,40.089967648090855,1,1,30,10
1539291600,5373.83,5362.99152819269,46.511917273632086,1,1,30,11
1539288000,5372.1,5364.647613975837,48.251238811288715,1,1,30,12
1539284400,5373.51,5366.258956889321,47.5400930359102,1,1,30,13
1539280800,5389.66,5370.513692000353,48.210059815633485,1,1,30,14
1539277200,5394.01,5374.785748000289,55.25823881990761,1,1,30,15
1539273600,5389.32,5377.428339272963,56.9573881415142,1,1,30,16
1539270000,5399.27,5381.399550314242,54.5519350053726,1,1,30,17
1539266400,5392.59,5383.434177529834,58.55131367752002,1,1,30,18
1539262800,5369.41,5380.884327069864,55.0489273031947,1,1,30,19
1539259200,5365.88,5378.156267602616,44.991639412553624,1,1,30,20
1539255600,5394.39,5381.107855311231,43.682793906606456,1,1,30,21
1539252000,5401.12,5384.746427072825,55.055008907472896,1,1,30,22
1539248400,5400.3,5387.57434942322,57.24956664946525,1,1,30,23
1539244800,5392.49,5388.468104073543,56.88510840815159,1,2,31,0
1539241200,5380.45,5387.010266969262,53.39832424675326,1,2,31,1
1539237600,5406.34,5390.524763883942,48.4662868672491,1,2,31,2
1539234000,5416.5,5395.247534086861,57.54661085946805,1,2,31,3
1539230400,5411.02,5398.115255161977,60.48883708526659,1,2,31,4
1539226800,5390.85,5396.794299677981,58.148006102976616,1,2,31,5
1539223200,5426.34,5402.166245191075,50.414748921723785,1,2,31,6
1539219600,5642.45,5445.85420061088,60.395384747404215,1,2,31,7
1539216000,5689.27,5490.111618681629,82.92871658757184,1,2,31,8
1539212400,5679.21,5524.493142557696,84.92929025800109,1,2,31,9
1539208800,5687.81,5554.187116638115,82.68707521708984,1,2,31,10
1539205200,5702.79,5581.205822703912,83.0978897981476,1,2,31,11
1539201600,5699.88,5602.782945848656,83.81816938016641,1,2,31,12
1539198000,5701.9,5620.804228421627,83.0775252504728,1,2,31,13
1539194400,5680.18,5631.599823254059,83.18857536109066,1,2,31,14
1539190800,5668.62,5638.330764480594,77.31362386125326,1,2,31,15
1539187200,5663.05,5642.825170938667,74.30584253812614,1,2,31,16
1539183600,5674.63,5648.607867131636,72.83551043150977,1,2,31,17
1539180000,5684.63,5655.157345834975,73.98791682589717,1,2,31,18
1539176400,5684.31,5660.457828410434,74.97521993311268,1,2,31,19
1539172800,5680.8,5664.156405063082,74.87727993508913,1,2,31,20
1539169200,5670.86,5665.375240506158,73.73943270612324,1,2,31,21
1539165600,5689.36,5669.736105868675,70.47338172111787,1,2,31,22
1539162000,5692.34,5673.845904801643,72.88089427023422,1,2,31,23
1539158400,5677.58,5674.524831201344,73.25912746664412,2,3,1,0
1539154800,5672.88,5674.225770982917,68.18645123887588,2,3,1,1
1539151200,5647.43,5669.353812622387,66.6049195661182,2,3,1,2
1539147600,5702.16,5675.318573963771,58.66954972094512,2,3,1,3
