,Prix,ema,rsi,month,weekday,day,hour
1523278800,5494.43,5476.94093778546,47.70234985298927,11,0,26,20
1523275200,5508.78,5482.729858188103,50.87087648377102,11,0,26,21
1523271600,5545.14,5494.077156699356,53.64923114668373,11,0,26,22
1523268000,5792.09,5548.261310026746,59.84561486788688,11,0,26,23
1523264400,5852.61,5603.597435476428,79.69747611872106,11,1,27,0
1523260800,5818.6,5642.68881084435,82.04078802792733,11,1,27,1
1523257200,5800.66,5671.410845236286,76.68431401150687,11,1,27,2
1523253600,5787.46,5692.51069155696,73.94185581772317,11,1,27,3
1523250000,5822.14,5716.079656728422,71.90423155098482,11,1,27,4
1523246400,5814.83,5734.034264595982,73.93639260422023,11,1,27,5
1523242800,5798.03,5745.669852851258,72.74205868032614,11,1,27,6
1523239200,5802.31,5755.968061423757,69.94562419471832,11,1,27,7
1523235600,5764.17,5757.459322983073,70.259306001298,11,1,27,8
1523232000,5725.28,5751.60853698615,63.86268801019799,11,1,27,9
1523228400,5731.91,5748.02698480685,58.058344030496464,11,1,27,10
1523224800,5700.35,5739.358442114695,58.74671844039474,11,1,27,11
1523221200,5668.06,5726.395089002933,54.187538661212535,11,1,27,12
1523217600,5699.91,5721.579618275126,49.91895022782548,11,1,27,13
1523214000,5702.11,5718.0396876796485,53.786038879381245,11,1,27,14
1523210400,5700.81,5714.9070171924395,54.04997231402263,11,1,27,15
1523206800,5703.5,5712.833014066541,53.85424721151089,11,1,27,16
1523203200,5744.8,5718.645193327169,54.22363789714248,11,1,27,17
1523199600,5732.28,5721.124249085865,59.57415510943656,11,1,27,18
1523196000,5755.92,5727.450749252072,57.38444008272886,11,1,27,19
1523192400,5772.11,5735.570613024422,60.348056628943866,11,1,27,20
1523188800,5789.87,5745.443228838162,62.28260486703641,11,1,27,21
1523185200,5692.59,5735.833550867586,64.33802798568766,11,1,27,22
1523181600,5691.33,5727.741996164388,48.68713700179791,11,1,27,23
1523178000,5672.4,5717.67981504359,48.522492931876435,11,2,28,0
1523174400,5654.78,5706.243485035664,46.00536609890406,11,2,28,1
1523170800,5634.32,5693.166487756453,43.73134344602633,11,2,28,2
1523167200,5651.38,5685.568944528006,41.18559190051112,11,2,28,3
1523163600,5674.46,5683.549136432005,44.10729707623544,11,2,28,4
1523160000,5666.06,5680.369293444367,47.87956193164816,11,2,28,5
1523156400,5651.89,5675.191240090845,46.645643866980244,11,2,28,6
1523152800,5654.73,5671.471014619781,44.55946578969993,11,2,28,7
1523149200,5671.52,5671.479921052548,45.0895301661542,11,2,28,8
1523145600,5610.66,5660.421753588448,48.24025433725624,11,2,28,9
1523142000,5643.6,5657.363252936003,39.412418541022795,11,2,28,10
1523138400,5677.14,5660.959025129457,45.252091434252954,11,2,28,11
1523134800,5705.17,5668.997384196828,50.485247249780265,11,2,28,12
1523131200,5699.39,5674.523314342859,54.407489073560285,11,2,28,13
1523127600,5692.05,5677.709984462339,53.466954801738474,11,2,28,14
1523124000,5708.9,5683.380896378277,52.23212655754245,11,2,28,15
1523120400,5718.97,5689.851642491318,54.812193048122076,11,2,28,16
1523116800,5693.11,5690.444071129259,56.3302563511465,11,2,28,17
1523113200,5592.4,5672.617876378485,51.54163455520996,11,2,28,18
1523109600,5574.44,5654.767353400577,37.99517009008498,11,2,28,19
1523106000,5599.85,5644.782380055018,36.16947439204941,11,2,28,20
1523102400,5601.61,5636.932856408651,40.52384976504258,11,2,28,21
1523098800,5594.45,5629.208700697987,40.824962188825836,11,2,28,22
1523095200,5583.72,5620.9380278438075,39.939094069792525,11,2,28,23
1523091600,5614.46,5619.760204599479,38.58775547052614,11,3,29,0
1523088000,5600.22,5616.2074401268455,44.39256119747109,11,3,29,1
1523084400,5597.17,5612.746087376509,42.39351445130199,11,3,29,2
1523080800,5579.07,5606.623162398962,41.95770265418701,11,3,29,3
1523077200,5581.4,5602.037132871878,39.37103958772877,11,3,29,4
1523073600,5578.93,5597.835835986082,39.8848162460233,11,3,29,5
1523070000,5566.82,5592.196593079521,39.50265534402612,11,3,29,6
1523066400,5573.95,5588.879030701426,37.60042425095312,11,3,29,7
1523062800,5410.89,5556.517388755711,39.449211179563335,11,3,29,8
1523059200,5392.55,5526.705136254673,22.806890327926254,11,3,29,9
1523055600,5343.68,5493.427838753823,21.698137839444755,11,3,29,10
1523052000,5387.39,5474.148231707673,19.04168773344537,11,3,29,11
1523048400,5388.2,5458.521280488097,27.581562475765992,11,3,29,12
1523044800,5391.23,5446.286502217534,27.733692458364985,11,3,29,13
1523041200,5382.12,5434.61986545071,28.340127086165737,11,3,29,14
1523037600,5388.82,5426.292617186944,27.590461585948916,11,3,29,15
1523034000,5396.97,5420.961232243863,29.076389283669656,11,3,29,16
1523030400,5384.61,5414.3519172904325,30.933079633058426,11,3,29,17
1523026800,5390.58,5410.029750510354,29.664742322272133,11,3,29,18
1523023200,5410.19,5410.0588867811975,31.133533159996887,11,3,29,19
1523019600,5409.35,5409.929998275525,35.87082835724502,11,3,29,20
1523016000,5409.65,5409.879089498156,35.75736007786749,11,3,29,21
1523012400,5323.95,5394.2556186803085,35.83542483961503,11,3,29,22
1523008800,5382.95,5392.200051647525,26.084293790224933,11,3,29,23
1523005200,5401.94,5393.970951347974,38.49291325018962,11,4,30,0
1523001600,5425.41,5399.687142011979,41.8751662868928,11,4,30,1
1522998000,5378.08,5395.758570737074,45.83921256574649,11,4,30,2
1522994400,5537.99,5421.61883060306,39.925793619757876,11,4,30,3
1522990800,5553.45,5445.588134129775,59.115971016819024,11,4,30,4
1522987200,5524.12,5459.866655197088,60.43196522416116,11,4,30,5
1522983600,5527.67,5472.194536070345,56.70295769916099,11,4,30,6
1522980000,5550.44,5486.420984057554,57.04842473366899,11,4,30,7
1522976400,5559.14,5499.642623319817,59.29203361376289,11,4,30,8
1522972800,5524.89,5504.233055443487,60.148583616442814,11,4,30,9
1522969200,5576.35,5517.345227181035,55.22235832275068,11,4,30,10
1522965600,5496.71,5513.593367693574,60.461955932221144,11,4,30,11
1522962000,5517.8,5514.358209931105,50.594861532458644,11,4,30,12
1522958400,5534.37,5517.996717216359,52.791977165532,11,4,30,13
1522954800,5474.93,5510.166404995202,54.50390528222785,11,4,30,14
1522951200,5481.87,5505.021604086984,47.806620953417735,11,4,30,15
1522947600,5493.48,5502.923130616623,48.600753906685135,11,4,30,16
1522944000,5526.68,5507.2425614136,49.972101338578334,11,4,30,17
1522940400,5538.56,5512.936641156582,53.77049957988186,11,4,30,18
1522936800,5593.67,5527.615433673567,55.08465289602995,11,4,30,19
1522933200,5448.53,5513.236263914736,60.66999175077795,11,4,30,20
1522929600,5544.14,5518.855125021148,44.851283055196404,11,4,30,21
1522926000,5539.09,5522.534193199121,53.459764571641806,11,4,30,22
1522922400,5582.61,5533.457067162917,52.98927300539883,11,4,30,23
1522918800,5609.06,5547.2030549514775,56.53908882310923,12,5,1,0
1522915200,5541.13,5546.098863142118,58.58590347579557,12,5,1,1
1522911600,5510.97,5539.711797116278,51.83415390417691,12,5,1,2
1522908000,5586.48,5548.2151067315,49.127089222571136,12,5,1,3
1522904400,5537.14,5546.201450962136,55.406412565848726,12,5,1,4
1522900800,5517.99,5541.072096241747,50.97855971940852,12,5,1,5
1522897200,5386.48,5512.964442379611,49.33075689371444,12,5,1,6
1522893600,5380.39,5488.8599983105905,39.81330667383088,12,5,1,7
1522890000,5450.83,5481.945453163211,39.43389065643994,12,5,1,8
1522886400,5530.8,5490.828098042627,45.860585839644784,12,5,1,9
1522882800,5506.94,5493.757534762149,52.07769073983176,12,5,1,10
1522879200,5559.76,5505.757982987212,50.22450752928919,12,5,1,11
1522875600,5583.86,5519.95834971681,54.11702730029778,12,5,1,12
1522872000,5613.61,5536.985922495571,55.81485974525685,12,5,1,13
1522868400,5572.44,5543.432118405466,57.88652221921874,12,5,1,14
1522864800,5586.2,5551.2080968772,54.1058781544216,12,5,1,15
1522861200,5613.77,5562.582988354072,55.15996531590675,12,5,1,16
1522857600,5535.84,5557.72062683515,57.27726123578446,12,5,1,17
1522854000,5589.67,5563.529603774214,50.07905421933782,12,5,1,18
1522850400,5757.74,5598.840584906175,54.346972175642804,12,5,1,19
1522846800,5753.52,5626.964114923233,64.54035152894382,12,5,1,20
1522843200,5761.0,5651.33427584628,64.15302905081859,12,5,1,21
1522839600,5792.17,5676.940771146957,64.55902422937152,12,5,1,22
1522836000,5775.0,5694.76972184751,66.27323036880074,12,5,1,23
1522832400,5947.89,5740.791590602507,64.42469434369458,12,6,2,0
1522828800,5974.47,5783.278574129324,72.68615562547073,12,6,2,1
1522825200,6006.67,5823.895197014901,73.69744614489242,12,6,2,2
1522821600,6012.65,5858.214252103101,74.90940970614194,12,6,2,3
1522818000,5963.7,5877.393478993446,75.13852209926154,12,6,2,4
1522814400,5954.74,5891.456482812819,69.54077319753338,12,6,2,5
1522810800,5955.12,5903.031667755942,68.5343079278455,12,6,2,6
1522807200,5985.28,5917.985909982134,68.55509387653551,12,6,2,7
1522803600,6039.01,5939.990289985382,70.23568065326953,12,6,2,8
1522800000,6053.67,5960.659328169858,73.00379221042854,12,6,2,9
1522796400,6031.9,5973.61217759352,73.72188997185806,12,6,2,10
1522792800,6074.2,5991.900872576516,70.71377803051259,12,6,2,11
1522789200,6051.77,6002.7861684716945,73.01757954935843,12,6,2,12
1522785600,6109.98,6022.275956022295,69.87852384724789,12,6,2,13
1522782000,6120.11,6040.063964018241,73.10943175043451,12,6,2,14
1522778400,6066.05,6044.788697833106,73.63934054511027,12,6,2,15
1522774800,6049.91,6045.7198436816325,66.14785117580685,12,6,2,16
1522771200,6041.81,6045.008963012245,64.05273491647678,12,6,2,17
1522767600,6006.12,6037.938242464564,62.974719918313966,12,6,2,18
1522764000,5999.08,6030.873107471007,58.317445486072614,12,6,2,19
1522760400,5997.85,6024.8689061126415,57.41544838775819,12,6,2,20
1522756800,5961.79,6013.400014092162,57.24884244293485,12,6,2,21
1522753200,5968.55,6005.245466075405,52.44416535114489,12,6,2,22
1522749600,6010.66,6006.2299267889675,53.23650271391635,12,6,2,23
1522746000,5989.96,6003.271758281882,57.937837249044364,12,0,3,0
1522742400,6018.44,6006.029620412449,55.01013650886605,12,0,3,1
1522738800,5985.69,6002.331507610185,58.14397565247252,12,0,3,2
1522735200,5972.97,5996.99305168106,53.526673626070206,12,0,3,3
1522731600,5982.45,5994.348860466322,51.8059017951084,12,0,3,4
1522728000,5837.42,5965.816340381536,53.01814321464214,12,0,3,5
1522724400,5854.21,5945.524278493984,37.48430148957098,12,0,3,6
1522720800,5723.57,5905.168955131441,39.68742950310499,12,0,3,7
1522717200,5718.69,5871.2636905620875,30.639608255441217,12,0,3,8
1522713600,5738.29,5847.086655914435,30.361164298820924,12,0,3,9
1522710000,5726.48,5825.158173020901,32.99496529297515,12,0,3,10
1522706400,5690.36,5800.649414289828,32.20459997558004,12,0,3,11
1522702800,5642.02,5771.807702600769,29.84954805668542,12,0,3,12
1522699200,5685.62,5756.137211218811,27.00347632404562,12,0,3,13
1522695600,5674.57,5741.3068091790265,33.190878810669005,12,0,3,14
1522692000,5681.97,5730.518298419203,32.44037563226465,12,0,3,15
1522688400,5707.68,5726.365880524802,33.52442733678997,12,0,3,16
1522684800,5724.66,5726.055720429384,37.28937497085935,12,0,3,17
1522681200,5632.68,5709.07831671495,39.71770076923015,12,0,3,18
1522677600,5700.5,5707.518622766776,32.39894718606186,12,0,3,19
