,Prix,ema,rsi,month,weekday,day,hour
1523044800,5391.23,5446.286502217534,27.733692458364985,11,3,29,13
1523041200,5382.12,5434.61986545071,28.340127086165737,11,3,29,14
1523037600,5388.82,5426.292617186944,27.590461585948916,11,3,29,15
1523034000,5396.97,5420.961232243863,29.076389283669656,11,3,29,16
1523030400,5384.61,5414.3519172904325,30.933079633058426,11,3,29,17
1523026800,5390.58,5410.029750510354,29.664742322272133,11,3,29,18
1523023200,5410.19,5410.0588867811975,31.133533159996887,11,3,29,19
1523019600,5409.35,5409.929998275525,35.87082835724502,11,3,29,20
1523016000,5409.65,5409.879089498156,35.75736007786749,11,3,29,21
1523012400,5323.95,5394.2556186803085,35.83542483961503,11,3,29,22
1523008800,5382.95,5392.200051647525,26.084293790224933,11,3,29,23
1523005200,5401.94,5393.970951347974,38.49291325018962,11,4,30,0
1523001600,5425.41,5399.687142011979,41.8751662868928,11,4,30,1
1522998000,5378.08,5395.758570737074,45.83921256574649,11,4,30,2
1522994400,5537.99,5421.61883060306,39.925793619757876,11,4,30,3
1522990800,5553.45,5445.588134129775,59.115971016819024,11,4,30,4
1522987200,5524.12,5459.866655197088,60.43196522416116,11,4,30,5
1522983600,5527.67,5472.194536070345,56.70295769916099,11,4,30,6
1522980000,5550.44,5486.420984057554,57.04842473366899,11,4,30,7
1522976400,5559.14,5499.642623319817,59.29203361376289,11,4,30,8
1522972800,5524.89,5504.233055443487,60.148583616442814,11,4,30,9
1522969200,5576.35,5517.345227181035,55.22235832275068,11,4,30,10
1522965600,5496.71,5513.593367693574,60.461955932221144,11,4,30,11
1522962000,5517.8,5514.358209931105,50.594861532458644,11,4,30,12
1522958400,5534.37,5517.996717216359,52.791977165532,11,4,30,13
1522954800,5474.93,5510.166404995202,54.50390528222785,11,4,30,14
1522951200,5481.87,5505.021604086984,47.806620953417735,11,4,30,15
1522947600,5493.48,5502.923130616623,48.600753906685135,11,4,30,16
1522944000,5526.68,5507.2425614136,49.972101338578334,11,4,30,17
1522940400,5538.56,5512.936641156582,53.77049957988186,11,4,30,18
1522936800,5593.67,5527.615433673567,55.08465289602995,11,4,30,19
1522933200,5448.53,5513.236263914736,60.66999175077795,11,4,30,20
1522929600,5544.14,5518.855125021148,44.851283055196404,11,4,30,21
1522926000,5539.09,5522.534193199121,53.459764571641806,11,4,30,22
1522922400,5582.61,5533.457067162917,52.98927300539883,11,4,30,23
1522918800,5609.06,5547.2030549514775,56.53908882310923,12,5,1,0
1522915200,5541.13,5546.098863142118,58.58590347579557,12,5,1,1
1522911600,5510.97,5539.711797116278,51.83415390417691,12,5,1,2
1522908000,5586.48,5548.2151067315,49.127089222571136,12,5,1,3
1522904400,5537.14,5546.201450962136,55.406412565848726,12,5,1,4
1522900800,5517.99,5541.072096241747,50.97855971940852,12,5,1,5
1522897200,5386.48,5512.964442379611,49.33075689371444,12,5,1,6
1522893600,5380.39,5488.8599983105905,39.81330667383088,12,5,1,7
1522890000,5450.83,5481.945453163211,39.43389065643994,12,5,1,8
1522886400,5530.8,5490.828098042627,45.860585839644784,12,5,1,9
1522882800,5506.94,5493.757534762149,52.07769073983176,12,5,1,10
1522879200,5559.76,5505.757982987212,50.22450752928919,12,5,1,11
1522875600,5583.86,5519.95834971681,54.11702730029778,12,5,1,12
1522872000,5613.61,5536.985922495571,55.81485974525685,12,5,1,13
1522868400,5572.44,5543.432118405466,57.88652221921874,12,5,1,14
1522864800,5586.2,5551.2080968772,54.1058781544216,12,5,1,15
1522861200,5613.77,5562.582988354072,55.15996531590675,12,5,1,16
1522857600,5535.84,5557.72062683515,57.27726123578446,12,5,1,17
1522854000,5589.67,5563.529603774214,50.07905421933782,12,5,1,18
1522850400,5757.74,5598.840584906175,54.346972175642804,12,5,1,19
1522846800,5753.52,5626.964114923233,64.54035152894382,12,5,1,20
1522843200,5761.0,5651.33427584628,64.15302905081859,12,5,1,21
1522839600,5792.17,5676.940771146957,64.55902422937152,12,5,1,22
1522836000,5775.0,5694.76972184751,66.27323036880074,12,5,1,23
1522832400,5947.89,5740.791590602507,64.42469434369458,12,6,2,0
1522828800,5974.47,5783.278574129324,72.68615562547073,12,6,2,1
1522825200,6006.67,5823.895197014901,73.69744614489242,12,6,2,2
1522821600,6012.65,5858.214252103101,74.90940970614194,12,6,2,3
1522818000,5963.7,5877.393478993446,75.13852209926154,12,6,2,4
1522814400,5954.74,5891.456482812819,69.54077319753338,12,6,2,5
1522810800,5955.12,5903.031667755942,68.5343079278455,12,6,2,6
1522807200,5985.28,5917.985909982134,68.55509387653551,12,6,2,7
1522803600,6039.01,5939.990289985382,70.23568065326953,12,6,2,8
1522800000,6053.67,5960.659328169858,73.00379221042854,12,6,2,9
1522796400,6031.9,5973.61217759352,73.72188997185806,12,6,2,10
1522792800,6074.2,5991.900872576516,70.71377803051259,12,6,2,11
1522789200,6051.77,6002.7861684716945,73.01757954935843,12,6,2,12
1522785600,6109.98,6022.275956022295,69.87852384724789,12,6,2,13
1522782000,6120.11,6040.063964018241,73.10943175043451,12,6,2,14
1522778400,6066.05,6044.788697833106,73.63934054511027,12,6,2,15
1522774800,6049.91,6045.7198436816325,66.14785117580685,12,6,2,16
1522771200,6041.81,6045.008963012245,64.05273491647678,12,6,2,17
1522767600,6006.12,6037.938242464564,62.974719918313966,12,6,2,18
1522764000,5999.08,6030.873107471007,58.317445486072614,12,6,2,19
1522760400,5997.85,6024.8689061126415,57.41544838775819,12,6,2,20
1522756800,5961.79,6013.400014092162,57.24884244293485,12,6,2,21
1522753200,5968.55,6005.245466075405,52.44416535114489,12,6,2,22
1522749600,6010.66,6006.2299267889675,53.23650271391635,12,6,2,23
1522746000,5989.96,6003.271758281882,57.937837249044364,12,0,3,0
1522742400,6018.44,6006.029620412449,55.01013650886605,12,0,3,1
1522738800,5985.69,6002.331507610185,58.14397565247252,12,0,3,2
1522735200,5972.97,5996.99305168106,53.526673626070206,12,0,3,3
1522731600,5982.45,5994.348860466322,51.8059017951084,12,0,3,4
1522728000,5837.42,5965.816340381536,53.01814321464214,12,0,3,5
1522724400,5854.21,5945.524278493984,37.48430148957098,12,0,3,6
1522720800,5723.57,5905.168955131441,39.68742950310499,12,0,3,7
1522717200,5718.69,5871.2636905620875,30.639608255441217,12,0,3,8
1522713600,5738.29,5847.086655914435,30.361164298820924,12,0,3,9
1522710000,5726.48,5825.158173020901,32.99496529297515,12,0,3,10
1522706400,5690.36,5800.649414289828,32.20459997558004,12,0,3,11
1522702800,5642.02,5771.807702600769,29.84954805668542,12,0,3,12
1522699200,5685.62,5756.137211218811,27.00347632404562,12,0,3,13
1522695600,5674.57,5741.3068091790265,33.190878810669005,12,0,3,14
1522692000,5681.97,5730.518298419203,32.44037563226465,12,0,3,15
1522688400,5707.68,5726.365880524802,33.52442733678997,12,0,3,16
1522684800,5724.66,5726.055720429384,37.28937497085935,12,0,3,17
1522681200,5632.68,5709.07831671495,39.71770076923015,12,0,3,18
1522677600,5700.5,5707.518622766776,32.39894718606186,12,0,3,19
1522674000,5688.89,5704.131600445544,41.027736870181926,12,0,3,20
1522670400,5722.66,5707.500400364535,40.08447614066596,12,0,3,21
1522666800,5738.43,5713.1239639346195,44.10956270063767,12,0,3,22
1522663200,5736.58,5717.388697764688,45.936100022130844,12,0,3,23
1522659600,5737.29,5721.0071163529265,45.74722240639152,12,1,4,0
1522656000,5733.45,5723.269458834212,45.83926359859193,12,1,4,1
1522652400,5584.69,5698.073193591627,45.39074022316596,12,1,4,2
1522648800,5600.66,5680.361703847694,32.232860180775745,12,1,4,3
1522645200,5587.42,5663.463212239022,34.43034060551146,12,1,4,4
1522641600,5669.16,5664.498991831927,33.461572228116154,12,1,4,5
1522638000,5653.69,5662.533720589758,43.947461194681864,12,1,4,6
1522634400,5632.6,5657.091225937074,42.579805564658564,12,1,4,7
1522630800,5659.07,5657.451003039425,40.719368636845964,12,1,4,8
1522627200,5528.67,5634.0362752140745,44.02509346257882,12,1,4,9
1522623600,5528.9,5614.920588811515,33.97407887884002,12,1,4,10
1522620000,5537.3,5600.807754482148,34.002698950709046,12,1,4,11
1522616400,5595.97,5599.928162758121,35.10900883463255,12,1,4,12
1522612800,5606.07,5601.044860438463,42.37482432157181,12,1,4,13
1522609200,5530.07,5588.140340358742,43.546693970531784,12,1,4,14
1522605600,5557.59,5582.585733020788,37.38571609247169,12,1,4,15
1522602000,5536.81,5574.262872471553,40.659608394581944,12,1,4,16
1522598400,5248.7,5515.06962293127,39.00134925566867,12,1,4,17
1522594800,5291.42,5474.406055125584,24.240142799568005,12,1,4,18
1522591200,5326.53,5447.519499648205,28.55786074075384,12,1,4,19
1522587600,5435.06,5445.254136075803,31.98855030756124,12,1,4,20
1522584000,5425.85,5441.726111334748,41.36219212416186,12,1,4,21
1522580400,5445.14,5442.346818364793,40.847688640277006,12,1,4,22
1522576800,5474.23,5448.143760480285,42.46203439304921,12,1,4,23
1522573200,5453.38,5449.095804029324,44.90400829268895,12,2,5,0
1522569600,5454.33,5450.047476023992,43.47964895839472,12,2,5,1
1522566000,5559.04,5469.864298565084,43.567483654284494,12,2,5,2
1522562400,5630.26,5499.027153371432,52.35605365115992,12,2,5,3
1522558800,5634.25,5523.613125485717,57.234493082833524,12,2,5,4
1522555200,5615.87,5540.387102670133,57.497064667038295,12,2,5,5
1522551600,5609.31,5552.918538548291,55.79754389343312,12,2,5,6
1522548000,5678.99,5575.840622448601,55.17073865412807,12,2,5,7
1522544400,5661.33,5591.384145639764,60.27539082344625,12,2,5,8
1522540800,5623.98,5597.3106646143515,58.45853794365866,12,2,5,9
1522537200,5637.88,5604.686907411742,54.70297323928756,12,2,5,10
1522533600,5616.54,5606.842015155061,55.839986103346355,12,2,5,11
1522530000,5600.29,5605.650739672323,53.61490659675858,12,2,5,12
1522526400,5720.27,5626.490605186446,51.918363635135776,12,2,5,13
1522522800,5708.6,5641.419586061637,61.58402087751566,12,2,5,14
1522519200,5781.57,5666.901479504976,60.31398251789889,12,2,5,15
1522515600,5798.64,5690.853937776799,65.15314847101965,12,2,5,16
1522512000,5710.55,5694.435039999199,66.19170496229835,12,2,5,17
1522508400,5737.44,5702.254123635707,56.786106310021495,12,2,5,18
1522504800,5708.52,5703.39337388376,58.71464253128372,12,2,5,19
1522501200,5830.68,5726.536396813985,55.828912248543816,12,2,5,20
1522497600,5744.12,5729.73341557508,63.899997985834496,12,2,5,21
1522494000,5752.8,5733.927340015974,56.08050350035707,12,2,5,22
1522490400,5678.08,5723.773278194887,56.65332691840417,12,2,5,23
1522486800,5585.67,5698.663591250362,50.54222420684112,12,3,6,0
1522483200,5532.91,5668.526574659387,44.19307956306801,12,3,6,1
1522479600,5540.34,5645.219924721316,41.0244319252887,12,3,6,2
1522476000,5616.13,5639.930847499259,41.65883241235484,12,3,6,3
1522472400,5699.46,5650.75432977212,47.82431798984545,12,3,6,4
1522468800,5653.72,5651.293542540826,53.62703264181503,12,3,6,5
1522465200,5718.73,5663.554716624311,50.31896599855328,12,3,6,6
1522461600,5734.56,5676.464768147164,54.60510443333077,12,3,6,7
1522458000,5661.8,5673.798446665862,55.60937844880817,12,3,6,8
1522454400,5540.98,5649.6496381811585,50.120802484832495,12,3,6,9
1522450800,5500.74,5622.575158511857,42.601650137662425,12,3,6,10
1522447200,5602.94,5619.005129691519,40.42634982533249,12,3,6,11
1522443600,5558.31,5607.969651565788,47.726797841529724,12,3,6,12
